[48,0] 1
[47,1] -102789
[47,2] 8513486
[47,3] -253821761
[47,4] 4140436424
[47,5] -44263875542
[47,6] 343337513936
[47,7] -2061083292094
[47,8] 10003819939720
[47,9] -40497100149699
[47,10] 139891607641890
[47,11] -419528366782667
[47,12] 1106899430307584
[47,13] -2596284379071733
[47,14] 5458452481903658
[47,15] -10353963690178739
[47,16] 17812818433005056
[47,17] -27909246892926818
[47,18] 39954370450423172
[47,19] -52391486445125702
[47,20] 63041583425300712
[47,21] -69693610900051701
[47,22] 70834956285649206
[47,23] -66199165969050111
[47,24] 56865206502636800
[47,25] -44858648660981061
[47,26] 32451823002244806
[47,27] -21486933953704281
[47,28] 12988168697157392
[47,29] -7144696040708002
[47,30] 3562991466961912
[47,31] -1603477488276626
[47,32] 647773512577904
[47,33] -233483850166159
[47,34] 74575461371666
[47,35] -20948801216399
[47,36] 5132925894656
[47,37] -1087224447820
[47,38] 197128268748
[47,39] -30258974120
[47,40] 3881904464
[47,41] -409741159
[47,42] 34875034
[47,43] -2329179
[47,44] 117312
[47,45] -4183
[47,46] 94
[47,47] -1
[46,1] 8513486
[46,2] -397457850
[46,3] 10254824062
[46,4] -167173788922
[46,5] 1754987776244
[46,6] -11861079899546
[46,7] 48633119002352
[46,8] -73420153282112
[46,9] -507738444132950
[46,10] 4787437777525152
[46,11] -23643214245804702
[46,12] 86531253704274690
[46,13] -258179623665136650
[46,14] 657020624454340613
[46,15] -1465408950500053302
[46,16] 2918447955987139312
[46,17] -5260855981019462124
[46,18] 8669295730505068376
[46,19] -13148219198218685156
[46,20] 18420428858021917372
[46,21] -23852898942787361650
[46,22] 28479640187096505079
[46,23] -31181985546116370578
[46,24] 31031127908256808376
[46,25] -27687698222991611642
[46,26] 21657405323943752303
[46,27] -14216651428306897654
[46,28] 6983119205385623924
[46,29] -1325732799883012968
[46,30] -2083797274549392943
[46,31] 3363737996198384104
[46,32] -3169863004313269308
[46,33] 2296414229448853034
[46,34] -1356012777964499933
[46,35] 657488916585062790
[46,36] -255520777518220840
[46,37] 73744642572107276
[46,38] -11981612477758007
[46,39] -1389479991299588
[46,40] 1575915044706836
[46,41] -441361116019590
[46,42] 38380636242015
[46,43] 17592998437806
[46,44] 858439921648
[46,45] 9825494854
[46,46] 17428258
[45,1] -253821761
[45,2] 10254824062
[45,3] -213088383565
[45,4] 2712496959972
[45,5] -19271284202996
[45,6] 27261257107872
[45,7] 819699427338892
[45,8] -8494089522333164
[45,9] 42471024181423041
[45,10] -112929843828433722
[45,11] 27770622317411848
[45,12] 1222077010845059630
[45,13] -6676896183822745010
[45,14] 22923967900962670002
[45,15] -60776929765569053372
[45,16] 133420724632355948742
[45,17] -251044115532763055531
[45,18] 413628355823987012812
[45,19] -607430286690177012187
[45,20] 812638178721145134030
[45,21] -1026079187335609774122
[45,22] 1290591771603399639858
[45,23] -1707009473112218371632
[45,24] 2400875454536177765086
[45,25] -3438486469429063640686
[45,26] 4731690881028619516170
[45,27] -6005003406404054645625
[45,28] 6877724033381338029296
[45,29] -7037421068104245039096
[45,30] 6403458896881466575740
[45,31] -5170010436545620782758
[45,32] 3701576711696347753008
[45,33] -2353918990677248038521
[45,34] 1336583518321897087018
[45,35] -685112911412238504503
[45,36] 321915080179192858156
[45,37] -140119067153993422420
[45,38] 55980700104911071284
[45,39] -19689907716977347548
[45,40] 5662143825287318640
[45,41] -1255003237124682135
[45,42] 214745053005073094
[45,43] -26667816892743854
[45,44] 1504024185779538
[45,45] -18272351037416
[44,1] 4140436424
[44,2] -167173788922
[44,3] 2712496959972
[44,4] -18648362598053
[44,5] -62727871110192
[44,6] 2627581302626220
[44,7] -25164049726157876
[44,8] 108903343300812401
[44,9] -18567616840975508
[44,10] -2318890209910253918
[44,11] 12629628381701976754
[44,12] -28679474404146340834
[44,13] -17671750389693268214
[44,14] 383766978977128641548
[44,15] -1646863180194923801330
[44,16] 4663303562036458262786
[44,17] -10066539142279547782242
[44,18] 17155793340126210204482
[44,19] -22506936695174802168086
[44,20] 19238582766922793186081
[44,21] 1892734290443202948642
[44,22] -49197241130083445191254
[44,23] 126134079244636285521518
[44,24] -228794381351142812588506
[44,25] 345882594119306515775086
[44,26] -460539169762437561513034
[44,27] 552886716297626382070316
[44,28] -602992769724400734945527
[44,29] 596597164485515555599316
[44,30] -531564897548212596753830
[44,31] 421675419679226834170024
[44,32] -293365893161909816726945
[44,33] 175382901584062774417064
[44,34] -87199050261452989990340
[44,35] 33888440958648597426008
[44,36] -8644104655046771627601
[44,37] 128201935054896919140
[44,38] 1200088670934470517884
[44,39] -680766923717311764880
[44,40] 217240605308856197948
[44,41] -42458376162386123936
[44,42] 3852195276916292044
[44,43] 149928966481144170
[44,44] -41703402551154858
[43,1] -44263875542
[43,2] 1754987776244
[43,3] -19271284202996
[43,4] -62727871110192
[43,5] 3348267291900300
[43,6] -33481677030108072
[43,7] 101916704946826286
[43,8] 1028208428299177408
[43,9] -13276406260818655834
[43,10] 64402715562799101260
[43,11] -115907685954172242119
[43,12] -322781959689553278442
[43,13] 2524005696255726829426
[43,14] -6162779786136214983042
[43,15] 77200888742654113228
[43,16] 52201811226831899065026
[43,17] -221430130870437364090565
[43,18] 597210666679929403656224
[43,19] -1234764663561732904578589
[43,20] 2077247764665935430380246
[43,21] -2911436419704093889709130
[43,22] 3385987828413200982130958
[43,23] -3133376810177929014411732
[43,24] 1981802447753215713233826
[43,25] -141153971988844869868135
[43,26] -1758857079681099678496508
[43,27] 2897552625695204676231246
[43,28] -2707063366745856439689304
[43,29] 1223789612370145052153694
[43,30] 883336341556146260810208
[43,31] -2703692588557865898347430
[43,32] 3587287998261721359237556
[43,33] -3432952252435837564662487
[43,34] 2597089746434828117309386
[43,35] -1592413419722968210080017
[43,36] 788932242662837920173504
[43,37] -307727989233715714558440
[43,38] 89186295680533722465732
[43,39] -16598550552100868343996
[43,40] 882407111936486274160
[43,41] 450869891794583387584
[43,42] -116624809528211805760
[43,43] 8066146656323123421
[42,1] 343337513936
[42,2] -11861079899546
[42,3] 27261257107872
[42,4] 2627581302626220
[42,5] -33481677030108072
[42,6] 67104376173044044
[42,7] 2096353528033863248
[42,8] -24506031007655186698
[42,9] 116211140079098852368
[42,10] -28800563569350906245
[42,11] -2692543019302462970032
[42,12] 14896832392512352178376
[42,13] -35682091450887159747974
[42,14] 3413992362256469528909
[42,15] 284962634085397957539406
[42,16] -1029992027353670115300944
[42,17] 1814090331580058312031648
[42,18] -829044597176941676718908
[42,19] -5284553595314958839932372
[42,20] 20256082954907511306828484
[42,21] -45587622366575869554000218
[42,22] 79389377484904978169967334
[42,23] -117346856611864955815090014
[42,24] 155894639051367452736595820
[42,25] -192939044229042601162388564
[42,26] 226099190863664856654636436
[42,27] -250092637330757870132904488
[42,28] 257127920048467213834788580
[42,29] -242053915703882272617544832
[42,30] 205568127162362786506131745
[42,31] -155204746375963282637902860
[42,32] 102283785714151500908554930
[42,33] -57005651815592649191853222
[42,34] 25456792637753511760243285
[42,35] -7893047334592756481420022
[42,36] 682852614125701160681956
[42,37] 970088817578084519040368
[42,38] -707381774574882995065702
[42,39] 262322574846531917532548
[42,40] -55442865847658755053228
[42,41] 4495257341541800706632
[42,42] 566806141819053848042
[41,1] -2061083292094
[41,2] 48633119002352
[41,3] 819699427338892
[41,4] -25164049726157876
[41,5] 101916704946826286
[41,6] 2096353528033863248
[41,7] -29305770909995282782
[41,8] 133580672438852183376
[41,9] 201333024103353774298
[41,10] -5935208109632631264440
[41,11] 34340044347295857304285
[41,12] -76714617095045530966570
[41,13] -129539462689267540137462
[41,14] 1413289730336487256173470
[41,15] -5457274966321083519469186
[41,16] 12879326651310591580614178
[41,17] -17397492431328447799975287
[41,18] 10595101354777163543501480
[41,19] 59930863376058356497022
[41,20] 34043605507018289298328504
[41,21] -215741822619013633370371391
[41,22] 637486286896535717270311394
[41,23] -1313597676216000649522961043
[41,24] 2101141833728545885109124984
[41,25] -2759884957745135521906900178
[41,26] 3075593702743670999999662220
[41,27] -2969962485689864908727520599
[41,28] 2544212748058373924184974526
[41,29] -1953179821179988120073791279
[41,30] 1344515077960635211715575292
[41,31] -810155987376234763593669418
[41,32] 399027744519803811207235532
[41,33] -137963378913209967343960077
[41,34] 10756052564694793817817082
[41,35] 23966446348878083816215963
[41,36] -17923405886734336731829380
[41,37] 5971081015634053237950344
[41,38] -34891337780674007898732
[41,39] -885788571587229091145981
[41,40] 404247684772246620975894
[41,41] -80839360417593067131565
[40,1] 10003819939720
[40,2] -73420153282112
[40,3] -8494089522333164
[40,4] 108903343300812401
[40,5] 1028208428299177408
[40,6] -24506031007655186698
[40,7] 133580672438852183376
[40,8] 369436114988014332463
[40,9] -8320614447127285019208
[40,10] 41235573419770397808594
[40,11] -48400862505600601354302
[40,12] -701472812481479829533735
[40,13] 5859770477548946147804218
[40,14] -22067812011967966734850412
[40,15] 59597870315208187795749418
[40,16] -129867667939972382249423268
[40,17] 159279953528561839754622242
[40,18] -32520149310449769037206028
[40,19] -304820444321208068809429980
[40,20] 765658439817090696554762754
[40,21] -842524573223897966350800052
[40,22] 354135834446069547237512440
[40,23] 637021573757940902773550608
[40,24] -1277999695047336464736671236
[40,25] 666333454461631489848176960
[40,26] 1321887569796538654630667524
[40,27] -4111710264765251769535263310
[40,28] 6113032740821790357514041557
[40,29] -6379340767420940294338451078
[40,30] 4900069929232296484624232878
[40,31] -2649377229064188980367969012
[40,32] 820132089639526908218425550
[40,33] 111632460308975092417976140
[40,34] -277048299854048671758171610
[40,35] 146814584948771701319132424
[40,36] -24299784310379052751505859
[40,37] -14215035663325453735476420
[40,38] 9243230724170462224075068
[40,39] -1309939958466001655686074
[40,40] -773870009734478902161648
[39,1] -40497100149699
[39,2] -507738444132950
[39,3] 42471024181423041
[39,4] -18567616840975508
[39,5] -13276406260818655834
[39,6] 116211140079098852368
[39,7] 201333024103353774298
[39,8] -8320614447127285019208
[39,9] 54786457986816099788243
[39,10] -86508084140927398662558
[39,11] -699682315187841486701392
[39,12] 6019633168296542701480686
[39,13] -35001546807239768466490290
[39,14] 99311941432819342932667294
[39,15] -153685153132739252683600394
[39,16] 210319601501311822958527746
[39,17] 689234463593078921348281855
[39,18] -4380304236817283812764243496
[39,19] 12352055004309946420160154726
[39,20] -25811298935301892222160660896
[39,21] 38912582963498961888930624503
[39,22] -46674279603582486108479954506
[39,23] 42268152858320962236546962511
[39,24] -26316618650360552713248708240
[39,25] 6470867304055901060422518853
[39,26] 10598888847185068448053929098
[39,27] -16193305041761028231106092530
[39,28] 11906125367268060634558874038
[39,29] -2212171761066282190708174028
[39,30] -5999353167081347340018790526
[39,31] 8566429503052190112188133877
[39,32] -6732818514838287876871161724
[39,33] 3213409768657015796946769367
[39,34] -817508264834123949756422522
[39,35] -128738252724433936033978827
[39,36] 180681266451860217930953500
[39,37] -58468128488705890345458213
[39,38] -975351417428184387986186
[39,39] 6610335871426653444018782
[38,1] 139891607641890
[38,2] 4787437777525152
[38,3] -112929843828433722
[38,4] -2318890209910253918
[38,5] 64402715562799101260
[38,6] -28800563569350906245
[38,7] -5935208109632631264440
[38,8] 41235573419770397808594
[38,9] -86508084140927398662558
[38,10] -1021918066057752438862228
[38,11] 10288461602355176237813026
[38,12] -44621539920427724379376236
[38,13] 226936277953582102368342922
[38,14] -707036623478314768871261667
[38,15] 1320634679605605117495371046
[38,16] -4148142959491260859562583652
[38,17] 7611236302398333868639679232
[38,18] -3372840651671147772624060446
[38,19] -11813980111654648175645607652
[38,20] 58956970696856445283041850458
[38,21] -108707681059092287418906978426
[38,22] 149174379429549087990935244285
[38,23] -146293317339141300456076934002
[38,24] 95953753962790835336799428980
[38,25] -43939644807157235128086354646
[38,26] -449620858983901124974033918
[38,27] 6714483300647826150803710474
[38,28] 2517397125070601649251732050
[38,29] -14314003065061705898122255754
[38,30] 19930188586103063173913173276
[38,31] -15467632342897501118565283110
[38,32] 9263913037107796384736383682
[38,33] -2516484773026255239509209498
[38,34] 59803897085890292371601328
[38,35] 673325388714414554804303558
[38,36] -237974050231671308852524926
[38,37] 52368138771732119272944074
[38,38] 521986767788860936632358
[37,1] -419528366782667
[37,2] -23643214245804702
[37,3] 27770622317411848
[37,4] 12629628381701976754
[37,5] -115907685954172242119
[37,6] -2692543019302462970032
[37,7] 34340044347295857304285
[37,8] -48400862505600601354302
[37,9] -699682315187841486701392
[37,10] 10288461602355176237813026
[37,11] -83380541285172470973565527
[37,12] 339027427310881351874435208
[37,13] -1639936341356415166742435929
[37,14] 5836977796793859247227240418
[37,15] -13695941808296994801322704926
[37,16] 44064300485543751454808711370
[37,17] -118494632598876149267367378089
[37,18] 205252997708471125587908143544
[37,19] -330452092672333593179491318977
[37,20] 298360930818204341107742834270
[37,21] -192148278148168518519141568760
[37,22] -2247722790537488306211639186
[37,23] 98847226903935497627698686681
[37,24] 111713950823477025504875752720
[37,25] -426149565587557015716698954825
[37,26] 777571518559446676815932379814
[37,27] -849990829565117416755628016723
[37,28] 679026057150112480580902925352
[37,29] -388547380141529942550867959251
[37,30] 127127780150651887289878367458
[37,31] -4436171590219036433495279605
[37,32] -29004601080301862136314005492
[37,33] 4961628840067176983892440791
[37,34] 7876113292204886692698903262
[37,35] -10983251151474227753230434429
[37,36] 4876026945090153306220322836
[37,37] -1386269616312812126463502445
[36,1] 1106899430307584
[36,2] 86531253704274690
[36,3] 1222077010845059630
[36,4] -28679474404146340834
[36,5] -322781959689553278442
[36,6] 14896832392512352178376
[36,7] -76714617095045530966570
[36,8] -701472812481479829533735
[36,9] 6019633168296542701480686
[36,10] -44621539920427724379376236
[36,11] 339027427310881351874435208
[36,12] -967044953839784091094501058
[36,13] 4165906193716885651210687904
[36,14] -13690292716401225198710012120
[36,15] 16340182794100480458001059470
[36,16] -47646201805020858941479757733
[36,17] 262239475251775167955802390670
[36,18] -492317916797428130890169490968
[36,19] 1160471084632651694111595180950
[36,20] -1318489667685415146211372158063
[36,21] 1081059472550230956424694467742
[36,22] 74949036408853530322450201442
[36,23] -1957886913212416581364712677012
[36,24] 3018130440366805559126199870570
[36,25] -3347440639905570133256970456140
[36,26] 2129646353785849476883964521496
[36,27] -658216665719397514321806564480
[36,28] -465628840789563974945644465052
[36,29] 901022386864489684432525352924
[36,30] -660440702946957944224043550024
[36,31] 374984528932171326566749074120
[36,32] -69939789134697211781325374511
[36,33] 11039801158939465421774757904
[36,34] 7432399329073694316593363590
[36,35] 13774568638504043015527582060
[36,36] -7362488029256171742603385894
[35,1] -2596284379071733
[35,2] -258179623665136650
[35,3] -6676896183822745010
[35,4] -17671750389693268214
[35,5] 2524005696255726829426
[35,6] -35682091450887159747974
[35,7] -129539462689267540137462
[35,8] 5859770477548946147804218
[35,9] -35001546807239768466490290
[35,10] 226936277953582102368342922
[35,11] -1639936341356415166742435929
[35,12] 4165906193716885651210687904
[35,13] -16739762145114641433744218447
[35,14] 56500987345367449108881455474
[35,15] -88173740342186933430537846596
[35,16] 65910471201056230184396623810
[35,17] -875625445762956819625599778733
[35,18] 1803593914753667592453463584624
[35,19] -5896909465605313220082997188791
[35,20] 10829287963791264367975517456766
[35,21] -17297084659408810923756899742526
[35,22] 22600378942744230849352169098762
[35,23] -22511149848052188719621266929413
[35,24] 20177300917351183544270794062840
[35,25] -13456927815534757543260874999612
[35,26] 8437849410790347465713584936456
[35,27] -4577768626796891600626830465558
[35,28] 2317373913319049686229655914884
[35,29] -1596838129979225172944313077371
[35,30] 506654371000722242071678223290
[35,31] -541856766897558608588057288343
[35,32] 98318167117927980506946921112
[35,33] -171499695238577905888091594951
[35,34] 58024195842112723708903582058
[35,35] -77924228755326996615767899989
[34,1] 5458452481903658
[34,2] 657020624454340613
[34,3] 22923967900962670002
[34,4] 383766978977128641548
[34,5] -6162779786136214983042
[34,6] 3413992362256469528909
[34,7] 1413289730336487256173470
[34,8] -22067812011967966734850412
[34,9] 99311941432819342932667294
[34,10] -707036623478314768871261667
[34,11] 5836977796793859247227240418
[34,12] -13690292716401225198710012120
[34,13] 56500987345367449108881455474
[34,14] -183556138635300001241617326292
[34,15] 378017680135085889915936523658
[34,16] 583004512324580474775296669706
[34,17] -279350878480025457964013930832
[34,18] 4411408137152246417080639610790
[34,19] -4172196644734578911121508230024
[34,20] 4561835984136823658096485392880
[34,21] 509406413507897647185617653814
[34,22] -14324800964135950334683892712347
[34,23] 23061206902759751519636126924418
[34,24] -36636640806091102172267504837548
[34,25] 36967964675161918464506760051940
[34,26] -35903416428573556881481351247861
[34,27] 30538175960906394659684926699764
[34,28] -21410509690421141456161120447730
[34,29] 15706572450167135931443889554670
[34,30] -6195887193532368253716535014681
[34,31] 3096682767617712455715881651450
[34,32] 235756977246210261532041895840
[34,33] -171082089427265001791460776770
[34,34] 359750346997943097705332622112
[33,1] -10353963690178739
[33,2] -1465408950500053302
[33,3] -60776929765569053372
[33,4] -1646863180194923801330
[33,5] 77200888742654113228
[33,6] 284962634085397957539406
[33,7] -5457274966321083519469186
[33,8] 59597870315208187795749418
[33,9] -153685153132739252683600394
[33,10] 1320634679605605117495371046
[33,11] -13695941808296994801322704926
[33,12] 16340182794100480458001059470
[33,13] -88173740342186933430537846596
[33,14] 378017680135085889915936523658
[33,15] -2167613702654989672347149580337
[33,16] 1868034315742486728409356186184
[33,17] -10542447336840868040302726647944
[33,18] 11713882976985234711181436248480
[33,19] -25753326260949482876923298387667
[33,20] 37166540277408957628768282301722
[33,21] -45664945807755940700630369389928
[33,22] 72050518785012713023231998682922
[33,23] -72479139187597872191013244524657
[33,24] 91537788166373940549692137177652
[33,25] -81396884357477837194912372774094
[33,26] 71485171612062918852129130279988
[33,27] -63409286938143925383893624666941
[33,28] 41840186109050512058543707361374
[33,29] -40971730337619427917485640084742
[33,30] 19812378731390104716953802934954
[33,31] -15358416622325222026594766180334
[33,32] 4203289169664104645553278406414
[33,33] -2427745887444005071315684039690
[32,1] 17812818433005056
[32,2] 2918447955987139312
[32,3] 133420724632355948742
[32,4] 4663303562036458262786
[32,5] 52201811226831899065026
[32,6] -1029992027353670115300944
[32,7] 12879326651310591580614178
[32,8] -129867667939972382249423268
[32,9] 210319601501311822958527746
[32,10] -4148142959491260859562583652
[32,11] 44064300485543751454808711370
[32,12] -47646201805020858941479757733
[32,13] 65910471201056230184396623810
[32,14] 583004512324580474775296669706
[32,15] 1868034315742486728409356186184
[32,16] 7169408249788158238645520903313
[32,17] -372942544595043101470562997848
[32,18] 16617142117634619954090015106750
[32,19] -11695077855703990187386259639778
[32,20] -5245026746654589321236792093991
[32,21] 12232279418104491044745255332926
[32,22] -97058618128145044416863907252984
[32,23] 129684651493941390718272316017964
[32,24] -221960486120599895218636746285400
[32,25] 248074130669159171897755316560276
[32,26] -230492441012232442002841989731420
[32,27] 217003497882015204691796346283786
[32,28] -122276280581871630214321173059930
[32,29] 108750827165877277653458924470614
[32,30] -39111734351442970717869353489408
[32,31] 30828906411489516318749437512990
[32,32] -4847592052402541353898861599312
[31,1] -27909246892926818
[31,2] -5260855981019462124
[31,3] -251044115532763055531
[31,4] -10066539142279547782242
[31,5] -221430130870437364090565
[31,6] 1814090331580058312031648
[31,7] -17397492431328447799975287
[31,8] 159279953528561839754622242
[31,9] 689234463593078921348281855
[31,10] 7611236302398333868639679232
[31,11] -118494632598876149267367378089
[31,12] 262239475251775167955802390670
[31,13] -875625445762956819625599778733
[31,14] -279350878480025457964013930832
[31,15] -10542447336840868040302726647944
[31,16] -372942544595043101470562997848
[31,17] -25069558938654655294848343844166
[31,18] 10772429708559922633214039684496
[31,19] -6056359423579440972320799201983
[31,20] 27780046515179041826136901257090
[31,21] 48914431579189412814817202637021
[31,22] 27748393769653908043029563266376
[31,23] 18955450038938991738648937443042
[31,24] 95167198550897740225625026758132
[31,25] -206394785076792805819959093350016
[31,26] 224508324362261863112765333096476
[31,27] -369943437703114317170879142121319
[31,28] 223528107582487338480860236732974
[31,29] -274289603665214022154725749910007
[31,30] 123457124563775384777328578157080
[31,31] -103478049590370060586248272564057
[30,1] 39954370450423172
[30,2] 8669295730505068376
[30,3] 413628355823987012812
[30,4] 17155793340126210204482
[30,5] 597210666679929403656224
[30,6] -829044597176941676718908
[30,7] 10595101354777163543501480
[30,8] -32520149310449769037206028
[30,9] -4380304236817283812764243496
[30,10] -3372840651671147772624060446
[30,11] 205252997708471125587908143544
[30,12] -492317916797428130890169490968
[30,13] 1803593914753667592453463584624
[30,14] 4411408137152246417080639610790
[30,15] 11713882976985234711181436248480
[30,16] 16617142117634619954090015106750
[30,17] 10772429708559922633214039684496
[30,18] 2039864517225801927818733536814
[30,19] -21124140451918271141344762971832
[30,20] -107060010971130487986467477940554
[30,21] 31880596804489170482680359935632
[30,22] -267647097679792189107341182311883
[30,23] 229522236216469307031321695605720
[30,24] -301837000702011579903165194872840
[30,25] 465008049457643022497901617241292
[30,26] -226042468697829420538680616457063
[30,27] 522539656479992420453967866964324
[30,28] -135408302104050314426140530712438
[30,29] 320778962508156556984193230767068
[30,30] -86585274946910532582334039009150
[29,1] -52391486445125702
[29,2] -13148219198218685156
[29,3] -607430286690177012187
[29,4] -22506936695174802168086
[29,5] -1234764663561732904578589
[29,6] -5284553595314958839932372
[29,7] 59930863376058356497022
[29,8] -304820444321208068809429980
[29,9] 12352055004309946420160154726
[29,10] -11813980111654648175645607652
[29,11] -330452092672333593179491318977
[29,12] 1160471084632651694111595180950
[29,13] -5896909465605313220082997188791
[29,14] -4172196644734578911121508230024
[29,15] -25753326260949482876923298387667
[29,16] -11695077855703990187386259639778
[29,17] -6056359423579440972320799201983
[29,18] -21124140451918271141344762971832
[29,19] 197713082133127582981553992856796
[29,20] -106568644609312054456611462325036
[29,21] 438392913036281603769753390022100
[29,22] -219437384304818753516330626033924
[29,23] 194048127884033551267317819267815
[29,24] -127040804748128628267747819734798
[29,25] -647930827723463840321237539015051
[29,26] 274108453762268860421082897556764
[29,27] -1215977244557494134687108512873523
[29,28] 510617562497646930126667793724478
[29,29] -832136452816276599551713726874003
[28,1] 63041583425300712
[28,2] 18420428858021917372
[28,3] 812638178721145134030
[28,4] 19238582766922793186081
[28,5] 2077247764665935430380246
[28,6] 20256082954907511306828484
[28,7] 34043605507018289298328504
[28,8] 765658439817090696554762754
[28,9] -25811298935301892222160660896
[28,10] 58956970696856445283041850458
[28,11] 298360930818204341107742834270
[28,12] -1318489667685415146211372158063
[28,13] 10829287963791264367975517456766
[28,14] 4561835984136823658096485392880
[28,15] 37166540277408957628768282301722
[28,16] -5245026746654589321236792093991
[28,17] 27780046515179041826136901257090
[28,18] -107060010971130487986467477940554
[28,19] -106568644609312054456611462325036
[28,20] -179711054425162647367843953647493
[28,21] -220940657599457391117430821650408
[28,22] 110632513787928413946415439575756
[28,23] -86577415816808735633378411086530
[28,24] 902102020137929583695452736414474
[28,25] 170184309701990410154023676966270
[28,26] 1213931225343103781247704129641278
[28,27] 484149394800714660494969117041718
[28,28] 422164663314511219324496548730180
[27,1] -69693610900051701
[27,2] -23852898942787361650
[27,3] -1026079187335609774122
[27,4] 1892734290443202948642
[27,5] -2911436419704093889709130
[27,6] -45587622366575869554000218
[27,7] -215741822619013633370371391
[27,8] -842524573223897966350800052
[27,9] 38912582963498961888930624503
[27,10] -108707681059092287418906978426
[27,11] -192148278148168518519141568760
[27,12] 1081059472550230956424694467742
[27,13] -17297084659408810923756899742526
[27,14] 509406413507897647185617653814
[27,15] -45664945807755940700630369389928
[27,16] 12232279418104491044745255332926
[27,17] 48914431579189412814817202637021
[27,18] 31880596804489170482680359935632
[27,19] 438392913036281603769753390022100
[27,20] -220940657599457391117430821650408
[27,21] 672077611634459622361176088507147
[27,22] -670171743919231158324846703380106
[27,23] -449964578755191899939531029074986
[27,24] -613894391785253224844937059614626
[27,25] -2149782062749568445634391983775490
[27,26] -83312149925833076031803019514854
[27,27] -2248797583721784696182511312332096
[26,1] 70834956285649206
[26,2] 28479640187096505079
[26,3] 1290591771603399639858
[26,4] -49197241130083445191254
[26,5] 3385987828413200982130958
[26,6] 79389377484904978169967334
[26,7] 637486286896535717270311394
[26,8] 354135834446069547237512440
[26,9] -46674279603582486108479954506
[26,10] 149174379429549087990935244285
[26,11] -2247722790537488306211639186
[26,12] 74949036408853530322450201442
[26,13] 22600378942744230849352169098762
[26,14] -14324800964135950334683892712347
[26,15] 72050518785012713023231998682922
[26,16] -97058618128145044416863907252984
[26,17] 27748393769653908043029563266376
[26,18] -267647097679792189107341182311883
[26,19] -219437384304818753516330626033924
[26,20] 110632513787928413946415439575756
[26,21] -670171743919231158324846703380106
[26,22] 2057884307972982484884522005718920
[26,23] -946326280049447484900013137872642
[26,24] 4210235626329429465227978161042448
[26,25] -602246291623542892633099846832714
[26,26] 3698740127859056157793264956777260
[25,1] -66199165969050111
[25,2] -31181985546116370578
[25,3] -1707009473112218371632
[25,4] 126134079244636285521518
[25,5] -3133376810177929014411732
[25,6] -117346856611864955815090014
[25,7] -1313597676216000649522961043
[25,8] 637021573757940902773550608
[25,9] 42268152858320962236546962511
[25,10] -146293317339141300456076934002
[25,11] 98847226903935497627698686681
[25,12] -1957886913212416581364712677012
[25,13] -22511149848052188719621266929413
[25,14] 23061206902759751519636126924418
[25,15] -72479139187597872191013244524657
[25,16] 129684651493941390718272316017964
[25,17] 18955450038938991738648937443042
[25,18] 229522236216469307031321695605720
[25,19] 194048127884033551267317819267815
[25,20] -86577415816808735633378411086530
[25,21] -449964578755191899939531029074986
[25,22] -946326280049447484900013137872642
[25,23] -2390633463322655613591615826803865
[25,24] -1302550347814217946337565704424960
[25,25] -3532869972891439813739022054291501
[24,1] 56865206502636800
[24,2] 31031127908256808376
[24,3] 2400875454536177765086
[24,4] -228794381351142812588506
[24,5] 1981802447753215713233826
[24,6] 155894639051367452736595820
[24,7] 2101141833728545885109124984
[24,8] -1277999695047336464736671236
[24,9] -26316618650360552713248708240
[24,10] 95953753962790835336799428980
[24,11] 111713950823477025504875752720
[24,12] 3018130440366805559126199870570
[24,13] 20177300917351183544270794062840
[24,14] -36636640806091102172267504837548
[24,15] 91537788166373940549692137177652
[24,16] -221960486120599895218636746285400
[24,17] 95167198550897740225625026758132
[24,18] -301837000702011579903165194872840
[24,19] -127040804748128628267747819734798
[24,20] 902102020137929583695452736414474
[24,21] -613894391785253224844937059614626
[24,22] 4210235626329429465227978161042448
[24,23] -1302550347814217946337565704424960
[24,24] 6491986692072196985222762554588678
[23,1] -44858648660981061
[23,2] -27687698222991611642
[23,3] -3438486469429063640686
[23,4] 345882594119306515775086
[23,5] -141153971988844869868135
[23,6] -192939044229042601162388564
[23,7] -2759884957745135521906900178
[23,8] 666333454461631489848176960
[23,9] 6470867304055901060422518853
[23,10] -43939644807157235128086354646
[23,11] -426149565587557015716698954825
[23,12] -3347440639905570133256970456140
[23,13] -13456927815534757543260874999612
[23,14] 36967964675161918464506760051940
[23,15] -81396884357477837194912372774094
[23,16] 248074130669159171897755316560276
[23,17] -206394785076792805819959093350016
[23,18] 465008049457643022497901617241292
[23,19] -647930827723463840321237539015051
[23,20] 170184309701990410154023676966270
[23,21] -2149782062749568445634391983775490
[23,22] -602246291623542892633099846832714
[23,23] -3532869972891439813739022054291501
[22,1] 32451823002244806
[22,2] 21657405323943752303
[22,3] 4731690881028619516170
[22,4] -460539169762437561513034
[22,5] -1758857079681099678496508
[22,6] 226099190863664856654636436
[22,7] 3075593702743670999999662220
[22,8] 1321887569796538654630667524
[22,9] 10598888847185068448053929098
[22,10] -449620858983901124974033918
[22,11] 777571518559446676815932379814
[22,12] 2129646353785849476883964521496
[22,13] 8437849410790347465713584936456
[22,14] -35903416428573556881481351247861
[22,15] 71485171612062918852129130279988
[22,16] -230492441012232442002841989731420
[22,17] 224508324362261863112765333096476
[22,18] -226042468697829420538680616457063
[22,19] 274108453762268860421082897556764
[22,20] 1213931225343103781247704129641278
[22,21] -83312149925833076031803019514854
[22,22] 3698740127859056157793264956777260
[21,1] -21486933953704281
[21,2] -14216651428306897654
[21,3] -6005003406404054645625
[21,4] 552886716297626382070316
[21,5] 2897552625695204676231246
[21,6] -250092637330757870132904488
[21,7] -2969962485689864908727520599
[21,8] -4111710264765251769535263310
[21,9] -16193305041761028231106092530
[21,10] 6714483300647826150803710474
[21,11] -849990829565117416755628016723
[21,12] -658216665719397514321806564480
[21,13] -4577768626796891600626830465558
[21,14] 30538175960906394659684926699764
[21,15] -63409286938143925383893624666941
[21,16] 217003497882015204691796346283786
[21,17] -369943437703114317170879142121319
[21,18] 522539656479992420453967866964324
[21,19] -1215977244557494134687108512873523
[21,20] 484149394800714660494969117041718
[21,21] -2248797583721784696182511312332096
[20,1] 12988168697157392
[20,2] 6983119205385623924
[20,3] 6877724033381338029296
[20,4] -602992769724400734945527
[20,5] -2707063366745856439689304
[20,6] 257127920048467213834788580
[20,7] 2544212748058373924184974526
[20,8] 6113032740821790357514041557
[20,9] 11906125367268060634558874038
[20,10] 2517397125070601649251732050
[20,11] 679026057150112480580902925352
[20,12] -465628840789563974945644465052
[20,13] 2317373913319049686229655914884
[20,14] -21410509690421141456161120447730
[20,15] 41840186109050512058543707361374
[20,16] -122276280581871630214321173059930
[20,17] 223528107582487338480860236732974
[20,18] -135408302104050314426140530712438
[20,19] 510617562497646930126667793724478
[20,20] 422164663314511219324496548730180
[19,1] -7144696040708002
[19,2] -1325732799883012968
[19,3] -7037421068104245039096
[19,4] 596597164485515555599316
[19,5] 1223789612370145052153694
[19,6] -242053915703882272617544832
[19,7] -1953179821179988120073791279
[19,8] -6379340767420940294338451078
[19,9] -2212171761066282190708174028
[19,10] -14314003065061705898122255754
[19,11] -388547380141529942550867959251
[19,12] 901022386864489684432525352924
[19,13] -1596838129979225172944313077371
[19,14] 15706572450167135931443889554670
[19,15] -40971730337619427917485640084742
[19,16] 108750827165877277653458924470614
[19,17] -274289603665214022154725749910007
[19,18] 320778962508156556984193230767068
[19,19] -832136452816276599551713726874003
[18,1] 3562991466961912
[18,2] -2083797274549392943
[18,3] 6403458896881466575740
[18,4] -531564897548212596753830
[18,5] 883336341556146260810208
[18,6] 205568127162362786506131745
[18,7] 1344515077960635211715575292
[18,8] 4900069929232296484624232878
[18,9] -5999353167081347340018790526
[18,10] 19930188586103063173913173276
[18,11] 127127780150651887289878367458
[18,12] -660440702946957944224043550024
[18,13] 506654371000722242071678223290
[18,14] -6195887193532368253716535014681
[18,15] 19812378731390104716953802934954
[18,16] -39111734351442970717869353489408
[18,17] 123457124563775384777328578157080
[18,18] -86585274946910532582334039009150
[17,1] -1603477488276626
[17,2] 3363737996198384104
[17,3] -5170010436545620782758
[17,4] 421675419679226834170024
[17,5] -2703692588557865898347430
[17,6] -155204746375963282637902860
[17,7] -810155987376234763593669418
[17,8] -2649377229064188980367969012
[17,9] 8566429503052190112188133877
[17,10] -15467632342897501118565283110
[17,11] -4436171590219036433495279605
[17,12] 374984528932171326566749074120
[17,13] -541856766897558608588057288343
[17,14] 3096682767617712455715881651450
[17,15] -15358416622325222026594766180334
[17,16] 30828906411489516318749437512990
[17,17] -103478049590370060586248272564057
[16,1] 647773512577904
[16,2] -3169863004313269308
[16,3] 3701576711696347753008
[16,4] -293365893161909816726945
[16,5] 3587287998261721359237556
[16,6] 102283785714151500908554930
[16,7] 399027744519803811207235532
[16,8] 820132089639526908218425550
[16,9] -6732818514838287876871161724
[16,10] 9263913037107796384736383682
[16,11] -29004601080301862136314005492
[16,12] -69939789134697211781325374511
[16,13] 98318167117927980506946921112
[16,14] 235756977246210261532041895840
[16,15] 4203289169664104645553278406414
[16,16] -4847592052402541353898861599312
[15,1] -233483850166159
[15,2] 2296414229448853034
[15,3] -2353918990677248038521
[15,4] 175382901584062774417064
[15,5] -3432952252435837564662487
[15,6] -57005651815592649191853222
[15,7] -137963378913209967343960077
[15,8] 111632460308975092417976140
[15,9] 3213409768657015796946769367
[15,10] -2516484773026255239509209498
[15,11] 4961628840067176983892440791
[15,12] 11039801158939465421774757904
[15,13] -171499695238577905888091594951
[15,14] -171082089427265001791460776770
[15,15] -2427745887444005071315684039690
[14,1] 74575461371666
[14,2] -1356012777964499933
[14,3] 1336583518321897087018
[14,4] -87199050261452989990340
[14,5] 2597089746434828117309386
[14,6] 25456792637753511760243285
[14,7] 10756052564694793817817082
[14,8] -277048299854048671758171610
[14,9] -817508264834123949756422522
[14,10] 59803897085890292371601328
[14,11] 7876113292204886692698903262
[14,12] 7432399329073694316593363590
[14,13] 58024195842112723708903582058
[14,14] 359750346997943097705332622112
[13,1] -20948801216399
[13,2] 657488916585062790
[13,3] -685112911412238504503
[13,4] 33888440958648597426008
[13,5] -1592413419722968210080017
[13,6] -7893047334592756481420022
[13,7] 23966446348878083816215963
[13,8] 146814584948771701319132424
[13,9] -128738252724433936033978827
[13,10] 673325388714414554804303558
[13,11] -10983251151474227753230434429
[13,12] 13774568638504043015527582060
[13,13] -77924228755326996615767899989
[12,1] 5132925894656
[12,2] -255520777518220840
[12,3] 321915080179192858156
[12,4] -8644104655046771627601
[12,5] 788932242662837920173504
[12,6] 682852614125701160681956
[12,7] -17923405886734336731829380
[12,8] -24299784310379052751505859
[12,9] 180681266451860217930953500
[12,10] -237974050231671308852524926
[12,11] 4876026945090153306220322836
[12,12] -7362488029256171742603385894
[11,1] -1087224447820
[11,2] 73744642572107276
[11,3] -140119067153993422420
[11,4] 128201935054896919140
[11,5] -307727989233715714558440
[11,6] 970088817578084519040368
[11,7] 5971081015634053237950344
[11,8] -14215035663325453735476420
[11,9] -58468128488705890345458213
[11,10] 52368138771732119272944074
[11,11] -1386269616312812126463502445
[10,1] 197128268748
[10,2] -11981612477758007
[10,3] 55980700104911071284
[10,4] 1200088670934470517884
[10,5] 89186295680533722465732
[10,6] -707381774574882995065702
[10,7] -34891337780674007898732
[10,8] 9243230724170462224075068
[10,9] -975351417428184387986186
[10,10] 521986767788860936632358
[9,1] -30258974120
[9,2] -1389479991299588
[9,3] -19689907716977347548
[9,4] -680766923717311764880
[9,5] -16598550552100868343996
[9,6] 262322574846531917532548
[9,7] -885788571587229091145981
[9,8] -1309939958466001655686074
[9,9] 6610335871426653444018782
[8,1] 3881904464
[8,2] 1575915044706836
[8,3] 5662143825287318640
[8,4] 217240605308856197948
[8,5] 882407111936486274160
[8,6] -55442865847658755053228
[8,7] 404247684772246620975894
[8,8] -773870009734478902161648
[7,1] -409741159
[7,2] -441361116019590
[7,3] -1255003237124682135
[7,4] -42458376162386123936
[7,5] 450869891794583387584
[7,6] 4495257341541800706632
[7,7] -80839360417593067131565
[6,1] 34875034
[6,2] 38380636242015
[6,3] 214745053005073094
[6,4] 3852195276916292044
[6,5] -116624809528211805760
[6,6] 566806141819053848042
[5,1] -2329179
[5,2] 17592998437806
[5,3] -26667816892743854
[5,4] 149928966481144170
[5,5] 8066146656323123421
[4,1] 117312
[4,2] 858439921648
[4,3] 1504024185779538
[4,4] -41703402551154858
[3,1] -4183
[3,2] 9825494854
[3,3] -18272351037416
[2,1] 94
[2,2] 17428258
[1,1] -1
