[1,1] -150094635296999121
[3,2] -916122063247217079354
[4,1] -411370481925108702
[4,4] 2324954238665012279181342
[5,3] -786173457060790078771881
[6,2] 16243260579716529676977
[6,5] -43591285383210986158035306
[7,1] -449460341362618767
[7,4] 421282011280430507168898
[7,7] 753607933713928482013404162
[8,3] -3145725531868767354375228
[8,6] 487651915061850076152338466
[9,2] -32808388371799013849736
[9,5] 138355376837652962389487799
[9,8] -3447939427837101753406306776
[10,1] -247160865683398644
[10,4] 41556099794837874166974654
[10,7] -1757370694710023112425844060
[10,10] 12169383317932335408080528832
[11,3] -138999508763068863418239
[11,6] -413521259539906088833009428
[11,9] 9369811703151163790959003038
[12,2] 16459067273396611908267
[12,5] -38873938032301914319489092
[12,8] 4133795963041379007578073024
[12,11] -23470864919642302734183430428
[13,1] -70108331129288073
[13,4] 18244985718133439495682282
[13,7] 913441818234279725043022521
[13,10] -15049630851592709649665211624
[13,13] 33263698635975119967911343051
[14,3] 51965157710386377301050
[14,6] 58944047315075855535039129
[14,9] -5797937662624726788039928488
[14,12] 27919085292047769029163721944
[15,2] -2993300664727895369046
[15,5] -19747517460120978376680099
[15,8] -1079829130358659868101255716
[15,11] 16258449636848639418824219688
[15,14] -25822683673779906905827727646
[16,1] -8854542541394658
[16,4] 2243019244442922732586806
[16,7] 8922085855226537495362506
[16,10] 6245655950527009256496060792
[16,13] -19233160840228348282353408126
[16,16] 7846928663973914705257375326
[17,3] -28534148007123677991489
[17,6] 35429538137278265965951398
[17,9] 1423784276530855963075140948
[17,12] -10393996408763364151079360472
[17,15] 7124813938274287243455610245
[18,2] 257222094378322915809
[18,5] -510387250339127083591710
[18,8] 145947188984158399553423199
[18,11] -3817184233039915301298163044
[18,14] 5281576271990851982897037105
[18,17] -973845953594195698916090730
[19,1] -115235512509627
[19,4] -150809237958936620767518
[19,7] -987795137054284877038824
[19,10] -809880677890896431230729452
[19,13] 3128778558447415056155817639
[19,16] -715023885166536418749853650
[19,19] 484430778315729952772614476
[20,3] 3849891080034202266672
[20,6] 721251968510754661960170
[20,9] -32162538100257314032163400
[20,12] 1438307021291659919060201100
[20,15] -364546099035860851902562776
[20,18] 451308532245346198162704273
[21,2] -11434046187408116796
[21,5] 112692493366142862025305
[21,8] 27855747076816108611080676
[21,11] 498106672004462760761391342
[21,14] -108655629768886088166064632
[21,17] 354508542169901048005211925
[21,20] 36068368651636877737632990
[22,1] 50686997416848
[22,4] -1681456053456551041758
[22,7] 6305474196907895125548540
[22,10] 124043644641816953458416900
[22,13] -7202682345816992862269820
[22,16] 221496673958108658400031118
[22,19] 26482366117279126620364950
[22,22] 10763962502021830871409294
[23,3] -109885269720829122063
[23,6] 401557978546324431599160
[23,9] 21390390716927805101054592
[23,12] 5767957544894113330413972
[23,15] 101596120295579582786163441
[23,18] 13501707371698550070465288
[23,21] 9773407322735647796235405
[24,2] 281705290793363565
[24,5] 1210254637967673546708
[24,8] 2350168373406278493583344
[24,11] 1024642068664242624224508
[24,14] 31737510752367090417677748
[24,17] 4024282584032818080224616
[24,20] 7244960592580043872286745
[24,23] 1311928246394345725033162
[25,1] 853407621117
[25,4] -25243642839661541046
[25,7] 195489241478855006426307
[25,10] -399184883866896984375408
[25,13] 6072459233052090962174283
[25,16] 266766012808036772676660
[25,19] 4291877309255713382929791
[25,22] 977145802988789731359722
[25,25] 62591517470377934649211
[26,3] -1016997039188291466
[26,6] 11506110085986538384377
[26,9] -152532299840135370217452
[26,12] 638865068400192561053553
[26,15] -213628057218300493719036
[26,18] 1972986311785541727105900
[26,21] 528069725588749893363784
[26,24] 52534684550209278224984
[27,2] -3063106306826694
[27,5] 450878514154852052097
[27,8] -19748010615546533961564
[27,11] 23195973042299244103304
[27,14] -37949706246823800897204
[27,17] 683273898497205433143198
[27,20] 193933050502459752136268
[27,23] 30593141358774801753768
[27,26] 1635724931497730296404
[28,1] -84006059850
[28,4] 8016800716346040072
[28,7] -145757966080635000414
[28,10] -1420443827859976619554
[28,13] 14784625328403592013904
[28,16] 170155891141038344936100
[28,19] 41146201183300128599844
[28,22] 11752303549268892043512
[28,25] 1048834650025448603832
[28,28] 31411305450942052288
[29,3] 27080959298902731
[29,6] -36630385352727513354
[29,9] -2341901325534911619178
[29,12] 5649344438523532230276
[29,15] 29342099748872160632448
[29,18] 1634026220609526699800
[29,21] 2679101304812492756628
[29,24] 404068244544669972984
[29,27] 24185121771273082542
[30,2] 20758928620671
[30,5] -125661285765547614
[30,8] 23204214373153747728
[30,11] 731407800575797554132
[30,14] 3223824929226719469936
[30,17] -1415218568145918234572
[30,20] 274625384537810217039
[30,23] 75255148727262631788
[30,26] 10670049933888186816
[30,29] 329619790166190792
[31,1] 323325351
[31,4] 5865990643464030
[31,7] -4570236992259729096
[31,10] 5398443188171666682
[31,13] 268160825073875180283
[31,16] -320351277595279943380
[31,19] -1858710820306082664
[31,22] -621795503673313758
[31,25] 2357752994922991089
[31,28] 168002997662260020
[31,31] 2668304254235202
[32,3] -7902290443356
[32,6] 167888389331354313
[32,9] 1356680938989907902
[32,12] 15783415755811438113
[32,15] -20401258880573308520
[32,18] 1357162824303647370
[32,21] -2469145429493568114
[32,24] 152144889051223761
[32,27] 39532246331922076
[32,30] 1726632140313186
[33,2] -7676467848
[33,5] -1518525335500563
[33,8] 4654121695020282
[33,11] 618489045479906793
[33,14] -61487305693627676
[33,17] 212050807834064105
[33,20] 35569765023853530
[33,23] -50971794266980491
[33,26] 3716312181614764
[33,29] 489875735241879
[33,32] 5716441953438
[34,1] 7324668
[34,4] 5789886386820
[34,7] -217258912720890
[34,10] 10996983149994568
[34,13] 1282509924282962
[34,16] -3163956212367038
[34,19] 10510155091181274
[34,22] 5789624731083654
[34,25] -1744203600400494
[34,28] 147137938590334
[34,31] -55245770854
[34,34] 11292153358
[35,3] -10742789901
[35,6] 292677423828
[35,9] 37148092316739
[35,12] 51668802478702
[35,15] -206768521286143
[35,18] -268305528778896
[35,21] -73651623539001
[35,24] -4967820560350
[35,27] -492156417119
[35,30] 412521843444
[35,33] -3818393969
[36,2] 10403290
[36,5] 284313624
[36,8] 28475896599
[36,11] 155621922818
[36,14] 530078203965
[36,17] 796858338228
[36,20] 663935185881
[36,23] 286156748882
[36,26] 58276720907
[36,29] 4302402328
[36,32] 78892473
[36,35] 164798
[37,1] -5069
[37,4] -271284
[37,7] 443519
[37,10] 4267950
[37,13] 1605837
[37,16] -3532464
[37,19] -297443
[37,22] 846486
[37,25] -248233
[37,28] 32412
[37,31] -2183
[37,34] 74
[37,37] -1
[38,0] 1
