[60,0] 1
[59,0] 95934
[59,1] 5558567
[59,2] -86830359
[59,3] 576793086
[59,4] -2183984238
[59,5] 4494162042
[59,6] 63178675
[59,7] -36254053969
[59,8] 145280965042
[59,9] -340689222400
[59,10] 500880443478
[59,11] -257985384524
[59,12] -938533015101
[59,13] 3390220727458
[59,14] -6409853367913
[59,15] 7810267982665
[59,16] -4451054884921
[59,17] -5752723542091
[59,18] 21171458627675
[59,19] -35167429940220
[59,20] 38107222112332
[59,21] -22678940073967
[59,22] -10262744888108
[59,23] 49504732610692
[59,24] -77513575428065
[59,25] 79281725080331
[59,26] -50937595200210
[59,27] 2669342524288
[59,28] 46091964005985
[59,29] -76416478703228
[59,30] 78800300804893
[59,31] -56434101780707
[59,32] 21793444480870
[59,33] 10569469328283
[59,34] -30617955174256
[59,35] 35707642505899
[59,36] -29377896062306
[59,37] 17873007506816
[59,38] -6757196866019
[59,39] -886969428555
[59,40] 4509795713084
[59,41] -5118295746004
[59,42] 4154590870485
[59,43] -2768667695018
[59,44] 1585092999655
[59,45] -794544994585
[59,46] 351471071141
[59,47] -137467814109
[59,48] 47442818689
[59,49] -14373582832
[59,50] 3792532095
[59,51] -862148179
[59,52] 166534934
[59,53] -26858747
[59,54] 3536578
[59,55] -369045
[59,56] 29264
[59,57] -1652
[59,58] 59
[59,59] -1
[58,0] 229589998100
[58,1] -5919983052731
[58,2] 76736138961076
[58,3] -666140940067752
[58,4] 4353649348227254
[58,5] -22833233651194247
[58,6] 100025977686553833
[58,7] -376188313786145013
[58,8] 1239044111453801532
[58,9] -3628164454640378746
[58,10] 9556349179374484360
[58,11] -22853716382108255454
[58,12] 50000421597219491589
[58,13] -100705759910300060753
[58,14] 187697334163698249848
[58,15] -325150365553195833926
[58,16] 525460335519192779450
[58,17] -794678766201976127753
[58,18] 1127727103649981716264
[58,19] -1505117762573302406877
[58,20] 1892938254500609190279
[58,21] -2247077430501677672247
[58,22] 2521254451937895801983
[58,23] -2676890958034523398585
[58,24] 2691933927663605203983
[58,25] -2565874233065395194779
[58,26] 2319422400513666043228
[58,27] -1989101094705208453762
[58,28] 1618642612876513951652
[58,29] -1249895671939916256261
[58,30] 915723164318080148637
[58,31] -636337326683891313154
[58,32] 419210968701220180249
[58,33] -261642892559979952386
[58,34] 154575677287312164180
[58,35] -86349746506953603441
[58,36] 45551693831622182036
[58,37] -22656542703524975959
[58,38] 10605930703719665548
[58,39] -4662737894907776857
[58,40] 1920793846273074671
[58,41] -739318919341124528
[58,42] 265255501247919866
[58,43] -88352353520650971
[58,44] 27305956676470870
[58,45] -7756346386762480
[58,46] 2043853817282075
[58,47] -474739222352441
[58,48] 103111594428563
[58,49] -13153552055281
[58,50] 1429857695918
[58,51] 1491527040942
[58,52] -266554558153
[58,53] 226984851094
[58,54] 4476247518
[58,55] 9000356839
[58,56] 3064104407
[58,57] 138895027
[58,58] 945239
[57,0] 3086169908096
[57,1] -85958680883583
[57,2] 1680533186130042
[57,3] -20965563915152669
[57,4] 177953699302691979
[57,5] -1115484926136921747
[57,6] 5487582782812484035
[57,7] -22106581184353229537
[57,8] 75154881050943473068
[57,9] -220370127564859839470
[57,10] 566359233867661699987
[57,11] -1291180042271884286643
[57,12] 2634693798330761318722
[57,13] -4843820854427966632074
[57,14] 8060947437766392262452
[57,15] -12179323949463743425868
[57,16] 16731564390859335320216
[57,17] -20899782373703318104682
[57,18] 23708159425643984978285
[57,19] -24374312675253196993307
[57,20] 22689689994620298504782
[57,21] -19237217132618920145726
[57,22] 15292983522464953623396
[57,23] -12399016360893564303501
[57,24] 11768133773343969173819
[57,25] -13787417015291000186429
[57,26] 17854298312109000934565
[57,27] -22620074184632004353917
[57,28] 26518942929650321823654
[57,29] -28335619911537016977908
[57,30] 27572727523745971790145
[57,31] -24501169826825379933326
[57,32] 19933094383383214885600
[57,33] -14864647316141212337866
[57,34] 10152144082330672223114
[57,35] -6327324545564954653650
[57,36] 3570596410238092243200
[57,37] -1796464198980435889666
[57,38] 780203129105969904977
[57,39] -269398313447190979302
[57,40] 51994623233890443051
[57,41] 18742913972941801011
[57,42] -28894916497626973352
[57,43] 20884577938834923270
[57,44] -11555806196056737591
[57,45] 5353875408227833429
[57,46] -2137718713612802916
[57,47] 737507113809972361
[57,48] -218580723985332241
[57,49] 53862760566181444
[57,50] -10570000956254692
[57,51] 1335379010607117
[57,52] -24081667900067
[57,53] -53017278102814
[57,54] 13201907923986
[57,55] -2842696592207
[57,56] 124360010492
[57,57] -26711377449
[56,0] -1404340537440326
[56,1] 14176164863565659
[56,2] 12691394233295090
[56,3] -1154128780903361752
[56,4] 11356198622586156158
[56,5] -69148451136122435447
[56,6] 315308804836997238013
[56,7] -1160249221797203606521
[56,8] 3584581022697769152263
[56,9] -9526709573309405901843
[56,10] 22137357432182509227660
[56,11] -45502207729256145023313
[56,12] 83462242400306982655725
[56,13] -137596948631292678292908
[56,14] 205192361922033948357132
[56,15] -278557358496628564841722
[56,16] 346673257346962261117222
[56,17] -398684876326745631588736
[56,18] 427052857325101951107562
[56,19] -427849129955160269885127
[56,20] 397601019786214378702244
[56,21] -329289747694946004072664
[56,22] 211986214047741246750409
[56,23] -36940244452766159696823
[56,24] -191859732423910114475621
[56,25] 449267152642197869763144
[56,26] -689853580038935308019095
[56,27] 860504749233273313132932
[56,28] -919901003966079114176972
[56,29] 855246512611749590168981
[56,30] -687590338197565664062038
[56,31] 463277077390514260681690
[56,32] -236304829812495964055746
[56,33] 50348021260065656899617
[56,34] 72049521694331031345340
[56,35] -130330093956886580905644
[56,36] 139151922465697308993068
[56,37] -118846387321772189354446
[56,38] 87599922957085484198789
[56,39] -57479127478293562964152
[56,40] 34119837902547186680262
[56,41] -18505613984246082482464
[56,42] 9238545065641346329154
[56,43] -4271749249112318249427
[56,44] 1840371520216347260020
[56,45] -742423647700804480291
[56,46] 281421689930208290096
[56,47] -100125244970400430885
[56,48] 33250097828065410566
[56,49] -10161205539181714617
[56,50] 2808226049456464374
[56,51] -681693837142394047
[56,52] 141654603608512360
[56,53] -23850517346758834
[56,54] 3163677215618119
[56,55] -278345024766443
[56,56] 18271487501147
[55,0] -7358996418639700
[55,1] -825178939314384109
[55,2] 14471136505828310752
[55,3] -126438384521689103678
[55,4] 747610807592172238375
[55,5] -3336505988071773491511
[55,6] 11889202504943242468695
[55,7] -34987972567300384264474
[55,8] 87014580531704197734895
[55,9] -186281932898422217081499
[55,10] 349703343586151657450613
[55,11] -589452490496436252300388
[55,12] 922717013029850421791532
[55,13] -1400864074352924271039673
[55,14] 2142076884805266166481280
[55,15] -3322488243821765270419320
[55,16] 5076961424764690981828987
[55,17] -7311313924269118796453896
[55,18] 9521061402704033463594451
[55,19] -10779168728058479505017163
[55,20] 10013661096806576724339874
[55,21] -6527045731098208642466214
[55,22] 506604016081845695767985
[55,23] 6804509014018742939371546
[55,24] -13463451857114199027284282
[55,25] 17595603348556358972934783
[55,26] -18191081989167755531535309
[55,27] 15504831196748195349405783
[55,28] -10859346832848121034734063
[55,29] 5988214141025871022983733
[55,30] -2294832097198527260738891
[55,31] 393257456167142562089341
[55,32] -90182033064914685445164
[55,33] 708846693933840947575613
[55,34] -1514182651944015910956753
[55,35] 2016065406343819223100630
[55,36] -2059576822249166315867192
[55,37] 1741430966384766923988613
[55,38] -1259933174104495124193151
[55,39] 790878526102111106906715
[55,40] -431343542999375500433607
[55,41] 202099169839891614613408
[55,42] -78726158267580784064304
[55,43] 23222282145127092715907
[55,44] -3288497630151913161517
[55,45] -1579919760281600984692
[55,46] 1636482424841504574646
[55,47] -872128214134284928071
[55,48] 343036314306037019676
[55,49] -106182933710581699401
[55,50] 25613095272888478338
[55,51] -4546457659034439747
[55,52] 457120791236506719
[55,53] 17466094365818719
[55,54] -17393996543366888
[55,55] 2848258025171176
[54,0] 8755559914638668956
[54,1] -113489030849646479351
[54,2] 886847418684494273992
[54,3] -4887475156882459405823
[54,4] 20262514995946835478998
[54,5] -65962154279885862404312
[54,6] 173627711837009556777509
[54,7] -381203850778073973935227
[54,8] 734757758043197026907267
[54,9] -1361391095897882112412259
[54,10] 2693845168374275555520880
[54,11] -5813499867945245818377206
[54,12] 12603446331042327590195228
[54,13] -25173962799592779417698157
[54,14] 44240423118394446967931282
[54,15] -67002784711753066132292115
[54,16] 86137396259935990421509923
[54,17] -91688611077841139365277898
[54,18] 76147396274246035423281420
[54,19] -40352838163055737442814149
[54,20] -3933043126111675033725214
[54,21] 37878359151298919629456461
[54,22] -45001817308040468624889055
[54,23] 21012766690756839317394206
[54,24] 22333960955918105920553486
[54,25] -62484789332655668201033014
[54,26] 77793731767754040173275511
[54,27] -58791232870805532991001156
[54,28] 12513869503800369028638026
[54,29] 42120463878387280739731427
[54,30] -84419714248829670343905047
[54,31] 101433308885350016526821679
[54,32] -92067253710945421050607327
[54,33] 64923596246104860738727400
[54,34] -32402672729821236254986077
[54,35] 4893567385691858366745214
[54,36] 12360956123388011294775484
[54,37] -19227016306111500655598062
[54,38] 18684063427626866221149100
[54,39] -14478115221008237183764782
[54,40] 9549057048094711833581920
[54,41] -5494677482792471188742529
[54,42] 2783255024636612975733603
[54,43] -1240509278877393843114703
[54,44] 482330271954997061917249
[54,45] -160249875000237578242509
[54,46] 43513526461792681426180
[54,47] -8542411450655423286198
[54,48] 588824370524946662452
[54,49] 396416280225585876783
[54,50] -218165538855413139396
[54,51] 65515060658590189078
[54,52] -12938732186096118327
[54,53] 1581343282082495200
[54,54] -37511829512176358
[53,0] 107161264045007387400
[53,1] -1792494414002467491121
[53,2] 11261110595558161243660
[53,3] -42644962869804616415755
[53,4] 102709026083810207846874
[53,5] -132081921128773152767367
[53,6] -19923356875936962901362
[53,7] 243625330823063626192967
[53,8] 986556885430565045526475
[53,9] -8246381193605693774562849
[53,10] 29269245641683245953542638
[53,11] -70653657641519803638792657
[53,12] 128971571590515972875889712
[53,13] -183528987512714198380284759
[53,14] 201816939200010694035579408
[53,15] -163690622286784521515279347
[53,16] 93523760587014713755795177
[53,17] -72901181366799060431751260
[53,18] 208334605007816130228313601
[53,19] -557786165676568830917851702
[53,20] 1058814057392327912927763946
[53,21] -1517237241955770704794487457
[53,22] 1685018650717847963028364078
[53,23] -1395277902880004101373158606
[53,24] 673478592033965742600606044
[53,25] 249937237485833499321583973
[53,26] -1041569924773398428660362582
[53,27] 1423744332734922141129165494
[53,28] -1299397117389755813194919760
[53,29] 777076448175925273381172122
[53,30] -95636382513459327582548547
[53,31] -497858850462899264045281022
[53,32] 847190273784134915148705088
[53,33] -922234208783418102655060009
[53,34] 791269525027835470960903997
[53,35] -562822786112852598894453742
[53,36] 332470695251923467581374453
[53,37] -155694912154582955451202807
[53,38] 47144912528476987723677387
[53,39] 4709368638639776936214408
[53,40] -20725552803164453140455284
[53,41] 19556522405515477780306349
[53,42] -13186774746818763780363921
[53,43] 7264929034964574733657511
[53,44] -3401304522014066866349527
[53,45] 1365593066590159886898034
[53,46] -466621918043017075373516
[53,47] 131811246151939194374191
[53,48] -28679502370588073588334
[53,49] 3706615934942795259153
[53,50] 281551949796991998964
[53,51] -326651275597048117619
[53,52] 100142508267570085495
[53,53] -18209422982371637249
[52,0] -198158949685234070457
[52,1] 12656465881937553571853
[52,2] -106384947742444721858414
[52,3] 582798545773627550960572
[52,4] -2179538635026368032254019
[52,5] 5300524859243216353059302
[52,6] -6699193260065945060979541
[52,7] -4614744289324961025869509
[52,8] 43943641753925043782669405
[52,9] -110573808945674324616059707
[52,10] 159427698436363024119300214
[52,11] -103806415120305916224166882
[52,12] -106589214290477896369370195
[52,13] 349164877728867844528146070
[52,14] -250976934602219069252584618
[52,15] -671717537813760437347887485
[52,16] 2626488053986459566444713147
[52,17] -5126276623833064411388033763
[52,18] 6923543222882273532537070689
[52,19] -6537222895179565729353298968
[52,20] 3192608412764692810921687713
[52,21] 2423600664521583754607188293
[52,22] -8192135767485384833067046157
[52,23] 11516849216474422822545065452
[52,24] -10685366117711365330648738702
[52,25] 5813991202760615903305682898
[52,26] 1214305241830047309177488658
[52,27] -7735556211036721875913168855
[52,28] 11598826932002753383977223731
[52,29] -12021069560596038858491831705
[52,30] 9645022318457707779034791633
[52,31] -5930680735236226090030108721
[52,32] 2353648308339789077950164024
[52,33] 162680780495028706325874694
[52,34] -1388234674291544791065025158
[52,35] 1596148881586905338315723726
[52,36] -1248554278937627206471347957
[52,37] 749385149588903091357784816
[52,38] -334193563224795260004466057
[52,39] 79383685278494000244725797
[52,40] 35439002331104535934741145
[52,41] -63649464292664654040914457
[52,42] 53334647186143581690638141
[52,43] -33848354132830788878551569
[52,44] 17862162851342629142103070
[52,45] -8066115751275012848977843
[52,46] 3138085455363771386002069
[52,47] -1041593616016550315891919
[52,48] 287954969939865798039816
[52,49] -62378484548153993426351
[52,50] 9030196921793338468053
[52,51] -156908267496928381852
[52,52] -330110922747865342949
[51,0] -14236303991668373391534
[51,1] 186149544657880556891020
[51,2] -1440395023138215186699523
[51,3] 5316330286565758687851682
[51,4] -8985076078030466853006331
[51,5] -1159743341760238093745342
[51,6] 31548981424260479678357234
[51,7] -18573269722674320823491274
[51,8] -230154246180471189356645874
[51,9] 939524163178392716194387072
[51,10] -2021721194145942603785935795
[51,11] 2704982195329234513713602153
[51,12] -1726402731559732968213244017
[51,13] -1506119890713596252534693793
[51,14] 5293013207135425236373147223
[51,15] -5165029178249871892243278008
[51,16] -4034184563510366706615040115
[51,17] 23905126592834355103671064142
[51,18] -49004289653721679942758507463
[51,19] 67499294174892772759606694386
[51,20] -67041910573534563394822782672
[51,21] 42645468104247629085832028904
[51,22] -1295761705941206017403247116
[51,23] -40551648647382147999472239461
[51,24] 65344491872562382543597894043
[51,25] -63635351438457901785065692705
[51,26] 38320453329739997788459608303
[51,27] -1979198422486304043360226901
[51,28] -30445673086622397711489181092
[51,29] 48713664277526483209467405118
[51,30] -50559127058962811071151430816
[51,31] 40348852249651231584996577975
[51,32] -25229831418030817173673036678
[51,33] 11340474528810794856262988991
[51,34] -1910305658883772754899571050
[51,35] -2698318407479888742921331682
[51,36] 3792270248852714116079249196
[51,37] -3080876742266782435625384004
[51,38] 1873820606838309403147548886
[51,39] -863830047567009241070240221
[51,40] 249329900345355718432653222
[51,41] 29007677150304506751043014
[51,42] -105917457304823152619276443
[51,43] 94216526847019788467378372
[51,44] -60197442626239793753098826
[51,45] 31377908445029600401595927
[51,46] -13858671377831637497891387
[51,47] 5214273343768352159862195
[51,48] -1658179794279334599641999
[51,49] 431760053481331978350810
[51,50] -86938581368682230339409
[51,51] 11182815582045937720762
[50,0] -52999452173151699095376
[50,1] -276830543278120725160620
[50,2] 11570294650998458906986016
[50,3] -73936214469383152157407447
[50,4] 233445528120221531111580722
[50,5] -408122056081031653210265984
[50,6] 273378770980059776800279506
[50,7] 497145468246755270858164404
[50,8] -1524707731025184147083710522
[50,9] 1478543509104811900763003684
[50,10] 182797386822839967775101693
[50,11] 599533178746142572742069271
[50,12] -14583989352914917062288217101
[50,13] 54284770157847828169383768013
[50,14] -120796700759863825052417671218
[50,15] 191589182811685315481215288484
[50,16] -223198973142949501489189448869
[50,17] 176016274697083120879022210490
[50,18] -47958105235714488402991473938
[50,19] -108235073492062824489376942670
[50,20] 204946366514135603138532270167
[50,21] -168837252796970320624511113422
[50,22] -10813067793196343188342590841
[50,23] 270201760817285108334364116965
[50,24] -503399902233357574269907610771
[50,25] 619248015924323617390335148209
[50,26] -584818502496654928719629910671
[50,27] 433137903573822338529910164337
[50,28] -235375470947572400953522383802
[50,29] 61431722982447835064567881015
[50,30] 48826083387453144095809334547
[50,31] -91154081221757721225621927435
[50,32] 85422959648528658949904601746
[50,33] -57939530453826248588250552474
[50,34] 29048187567476008377368742201
[50,35] -8629227274259135015542782127
[50,36] -1796393793566322077186856742
[50,37] 4995643874923381874716585620
[50,38] -4473034445879088024445657834
[50,39] 2812937131324699206439428757
[50,40] -1317879612194705315738159454
[50,41] 388347451929961028965684965
[50,42] 40041277841873958861680705
[50,43] -159890672870104738607821008
[50,44] 142927650681683624782809244
[50,45] -90414002239192209823408393
[50,46] 46234096684966603259437292
[50,47] -19721608475151732278992217
[50,48] 7074803088624418114378629
[50,49] -2095657701786326430874549
[50,50] 498546674747892368913374
[49,0] 1389243788077634099070888
[49,1] -18928537139571183105783486
[49,2] 58866977245535682159976426
[49,3] 62971995445654332036796644
[49,4] -938552249751384685467630897
[49,5] 3220513783657108754511392583
[49,6] -6773497405102926562380034457
[49,7] 10985337462228384193439953522
[49,8] -18741561777869166676983853161
[49,9] 41201175494765290511101484758
[49,10] -93352682280859118298542104804
[49,11] 171050994412188448138949986572
[49,12] -223894050450925441879746311828
[49,13] 159281699748177965236809595179
[49,14] 90306998754611071161406586031
[49,15] -468359009163620775834450244539
[49,16] 746856466766930172315927584984
[49,17] -617948569307322182176273447468
[49,18] -102641374773411639637664820855
[49,19] 1287602063300277029578305173305
[49,20] -2495267617299550080848552706039
[49,21] 3180270494173367470083203888165
[49,22] -3003792576789766623846193810351
[49,23] 2022976266746651315360613849351
[49,24] -649869779036402841779733787593
[49,25] -591654368614174788011514181510
[49,26] 1327366397544471346019128735233
[49,27] -1472193325971786079414512181808
[49,28] 1185357048766070442210559681708
[49,29] -727436697109973691802916678998
[49,30] 313456502997352626516962294477
[49,31] -47744250266595887001542706599
[49,32] -68607474959078721442991592439
[49,33] 85626083242864085479450344938
[49,34] -59453855725505450395791475186
[49,35] 26904013426109326271564510622
[49,36] -4076471755773164860876929526
[49,37] -7021882232827042889152389360
[49,38] 9707279212489652666862117135
[49,39] -8174497758373520508236484285
[49,40] 5331937402474362346068059967
[49,41] -2793702035273730831516217287
[49,42] 1096891362228366260774439086
[49,43] -221728193166889033838486879
[49,44] -104973864774228137680305388
[49,45] 152663400042083862082250671
[49,46] -107394184384265673208156082
[49,47] 55563891883092362602378139
[49,48] -23056343410751859551342654
[49,49] 7739648773802226697106424
[48,0] 3312752258758169380426524
[48,1] 84661146607512365865801630
[48,2] -799024150315890813480632956
[48,3] 3081585958873503332997559550
[48,4] -7025202807877230256937703997
[48,5] 10697141370723768841172311180
[48,6] -9677212174313924693206757828
[48,7] -5326064841890027324094200671
[48,8] 64825493042273174754182298630
[48,9] -243959148984756872472647970955
[48,10] 650038879274496548980538007131
[48,11] -1303099609153279583942003976986
[48,12] 1948613942337540341112923842238
[48,13] -1974287031164854581805487717594
[48,14] 686363037898334120585335860640
[48,15] 2098575210836752106055816191765
[48,16] -5520459086706781201567533936460
[48,17] 7806282250454356082046033865923
[48,18] -7174033780621614360360160426655
[48,19] 3052701247340165449521052465630
[48,20] 3345720835082501314970381438909
[48,21] -9542563167504999981675926000120
[48,22] 13173534690885814184308281500142
[48,23] -13208707504478048629455416547477
[48,24] 10327561026771789634573777627014
[48,25] -6236538707034784537104747048135
[48,26] 2636758490554057512535032750956
[48,27] -426268211281529980891285638458
[48,28] -385601132053909264925154304557
[48,29] 335248780607230636812062095230
[48,30] 109250056313472515704371185
[48,31] -259476805524691932863386678193
[48,32] 348303891530468133630099908105
[48,33] -310204862990878830995717762243
[48,34] 224744146249978522853488360840
[48,35] -139686152350995683341095389397
[48,36] 74656333717064733072580996147
[48,37] -30232149863607061212702677040
[48,38] 3990060043678661937328761688
[48,39] 8459292463759323406424519982
[48,40] -11235658295837371184765947245
[48,41] 9051385488466400230863015061
[48,42] -5426341373019947922171670815
[48,43] 2476397338971145011265793300
[48,44] -753683943699955720990548040
[48,45] 37710274759743091194505402
[48,46] 138862459213807942500863770
[48,47] -114162563251414500784607997
[48,48] 59279145956728006376705856
[47,0] -139770468702752157357802968
[47,1] 793978776468660191505953830
[47,2] -345637641331261612725859352
[47,3] -11143241327762775002346105972
[47,4] 58816431404997172325987632962
[47,5] -186798351260078919284086110322
[47,6] 442836691650917605006548692336
[47,7] -832358978115132953879764751674
[47,8] 1192549363622502636311020645434
[47,9] -1021569091647419237611081641845
[47,10] -543110008622939581408861181321
[47,11] 4165772147411400678923089613392
[47,12] -9193330859392022808962129277345
[47,13] 12685195075993710022154767680299
[47,14] -10090250865455768652929261733652
[47,15] -2045888724740539108120095046078
[47,16] 22630839901754276176311157573757
[47,17] -44955500309975950698525330708339
[47,18] 59501331457303843783592363649242
[47,19] -59569916400922933151784673923606
[47,20] 45447127923192311261571638749674
[47,21] -24326455269643273332698383323108
[47,22] 5630296782466563024692016709138
[47,23] 4247863176553355753407890927822
[47,24] -4810212220606657886562880317157
[47,25] -56613495952401161693847738248
[47,26] 5337645019810104847398898133985
[47,27] -8039202470737081214131538218023
[47,28] 7745045098119662141465199827552
[47,29] -5795099173576697621877442243231
[47,30] 3617478354330066596573068783682
[47,31] -2033111231312527898590667315263
[47,32] 1094085061606971670342758703689
[47,33] -583635705329846310800946188201
[47,34] 267334965258837961920188143540
[47,35] -66605878475209492795344649847
[47,36] -42860700227775614831071406205
[47,37] 67505928261807424879999129959
[47,38] -44191522463740581371235219520
[47,39] 8237511752962161104260479534
[47,40] 15125721661519207091062887178
[47,41] -21920304743517457173524160540
[47,42] 17678554359340113762619499538
[47,43] -10463886433652727997295994882
[47,44] 4659828367521199709880020812
[47,45] -1472299249002828897930106871
[47,46] 191289398811068929855082462
[47,47] 121516201591132474651456208
[46,0] 953825237587413233790469080
[46,1] -9502616996367075325978734654
[46,2] 39232711099660700870846536720
[46,3] -82335676659031196808404559550
[46,4] 34685204610373901625246438188
[46,5] 428564206830121285342349486888
[46,6] -1883123767357512651875164703060
[46,7] 4924903196422742028074153475482
[46,8] -9331699016462498578533673225544
[46,9] 12670275179396886521722509802265
[46,10] -9252093275119442822495496393380
[46,11] -8132058639548675947074563401042
[46,12] 42713830353592485641389096984561
[46,13] -86765748452350412231613052391797
[46,14] 120377629924882030105331707213532
[46,15] -120391609503954139878159431239641
[46,16] 76778856592483950215578782793283
[46,17] -3414577182827354836370053023556
[46,18] -66413516870205855123987304246805
[46,19] 100061264774574909798598501675206
[46,20] -85282141003126013864734301875295
[46,21] 36857207056947684317122909982454
[46,22] 16326091358129150261237692799618
[46,23] -49636563442063999516803923671904
[46,24] 56240344093025038637233470073944
[46,25] -44396742148827137177826507657364
[46,26] 28337899068761779498914219613887
[46,27] -17029359477389684223267622904337
[46,28] 12327604761315900530438571403246
[46,29] -10789926062373825819654061879908
[46,30] 9306810223058495872664499591905
[46,31] -6587087467867920897909862250675
[46,32] 3568982633043284578374297586636
[46,33] -1265649688735659344261261374676
[46,34] 209365877244687169636745378060
[46,35] -26666508420001232031376080346
[46,36] 201069707813318830153573845412
[46,37] -312323375771081307401899875335
[46,38] 278118934387880295796673379973
[46,39] -154565102027468528589069416836
[46,40] 41987168041179036635399451268
[46,41] 20901857923339425120866110040
[46,42] -36212526197333374671371489695
[46,43] 28333984424178283558837961135
[46,44] -15435250464345868214104349564
[46,45] 6311218379729579232766632315
[46,46] -1768032928086746604541586412
[45,0] -2886523792257706491982875248
[45,1] 41644098898653059006156910398
[45,2] -242953716908617069148021102376
[45,3] 819986644028918786803812919298
[45,4] -1808957370961047931574371790900
[45,5] 2236552301031224214684980559246
[45,6] 904425818975170796971535931532
[45,7] -12958267828758469093789210764086
[45,8] 38992425979620061627055982820324
[45,9] -76838563433115510320150540087295
[45,10] 108181111602887281208536927124486
[45,11] -98307631726342656793302828313651
[45,12] 13453874643584798247828932753601
[45,13] 147085081750181782891184459243815
[45,14] -330628958785397142386825352250983
[45,15] 447744262229587746144580601114436
[45,16] -428121298598552909668977676952707
[45,17] 273316251055228248817915478917993
[45,18] -64163652527083966645954587569292
[45,19] -94010894283821461470624605137227
[45,20] 139412538713970255800844551530454
[45,21] -90764521569034522801685584875122
[45,22] 16187340607231013456895888385932
[45,23] 19170628078109805587381216800733
[45,24] -138000410183884011651165257322
[45,25] -47418329719724743782508633137566
[45,26] 82223343342365325926419403353706
[45,27] -85202859375339285729638598517515
[45,28] 60759291033210643231965046470899
[45,29] -29908451673404734675183759063154
[45,30] 7675206906566714060391992105437
[45,31] 477839597775381739889316618220
[45,32] 21045421212517667324709995241
[45,33] -3005599096548754060047875006331
[45,34] 4067395100436577555478114320528
[45,35] -3118288237673946508793873915798
[45,36] 1282543739309982856494213781739
[45,37] 55495177774240600113780818381
[45,38] -597878507009141801723598677117
[45,39] 527493794586842761068281082655
[45,40] -270389341301850658628705320013
[45,41] 55885721952675003593271358873
[45,42] 39467642814113265942664625872
[45,43] -54741399029270497962535958650
[45,44] 36984293743548653471178843886
[45,45] -17928619854437302033966063638
[44,0] 1814326777015345676835193503
[44,1] -83791956247040255333666948550
[44,2] 738933639328796980296979466292
[44,3] -3316474131997244360366979896080
[44,4] 9911361357853048365409870952650
[44,5] -20732740166463359972141557722024
[44,6] 28490453344130975380768815905518
[44,7] -12065492974532274595720110585614
[44,8] -61966247965052914213810257654424
[44,9] 218797349275861226462622759919625
[44,10] -436108855163479522992465217538386
[44,11] 619495145846895547038696010944942
[44,12] -634434151154737091338038004396139
[44,13] 406680992400134885572848207107651
[44,14] -16226551553395304546419959088404
[44,15] -311356349292567017547959502157074
[44,16] 355308994660531758734542711325886
[44,17] -74711431511892168717369327637638
[44,18] -333051851496894349991952399339638
[44,19] 579654038683992455119273889349080
[44,20] -491578090223167625609219686098289
[44,21] 144287709308837464132608930518226
[44,22] 233059961797420210090919392197927
[44,23] -418754873294193782089654567335945
[44,24] 365939527285369602662956640641982
[44,25] -170392125372940860754733818131379
[44,26] -7917433118890146285057735346913
[44,27] 85452611159805556568141884829719
[44,28] -59916840307195702562618674310116
[44,29] -2027034642034706090370647301617
[44,30] 48898856649718534113611613449033
[44,31] -55868751037737003705678032832210
[44,32] 37918410190771762472352036859894
[44,33] -13722484363157577831325840559569
[44,34] -968943701571425909763929954152
[44,35] 5444451742104288197772187336996
[44,36] -3339515240243439110646045144976
[44,37] 331148061128528504420349433893
[44,38] 1447575031335712858030063704784
[44,39] -1594177887460840372535852300123
[44,40] 1046723267229857103830033133921
[44,41] -433591908991609709493857963564
[44,42] 79731992082684662477399215074
[44,43] 52280503887956422167841103567
[44,44] -61023763540742085585311188958
[43,0] 18742224863126426425564756418
[43,1] -33820314239967129837580027185
[43,2] -974305122043412095098964813757
[43,3] 7331243933947034805420733102906
[43,4] -29449356014906164458635712992652
[43,5] 80512792729956055429670343340010
[43,6] -160514277506586704848856272155801
[43,7] 229377812587214195068024962288235
[43,8] -191873631276173349063232874590154
[43,9] -60559954050711444294576882538059
[43,10] 530311883603884547003313587526794
[43,11] -1004619066801237895403784361803994
[43,12] 1099782042705560091524729753457398
[43,13] -539416695471067007537695360736712
[43,14] -525314716514292538870778808843527
[43,15] 1466355745693985865210477968351339
[43,16] -1587232527331892272376164629975180
[43,17] 677268096435653144646702223248523
[43,18] 722798995598653371061222773805113
[43,19] -1716861667550342150861238718671198
[43,20] 1677773950077644531617129753788050
[43,21] -746984197411285359021461769609330
[43,22] -409111433338096541866810238336499
[43,23] 1056289325473867153905341409334179
[43,24] -976274353051071195038300885933159
[43,25] 398924646442604129602446924996205
[43,26] 180216855078789169323597923238058
[43,27] -474208487262843055542733093531979
[43,28] 425386462157381783748175415501464
[43,29] -223473885070676814191260773245969
[43,30] 28762394460352196668039243556099
[43,31] 54789999163813696434160132660322
[43,32] -54228903487654002566465788313091
[43,33] 13948048061569241033886427845535
[43,34] 14779212958204099506998969859564
[43,35] -23697220911607994663357850439053
[43,36] 16192583165360186707306600335609
[43,37] -6247182684790252450110646320889
[43,38] -775121079399491410905719015072
[43,39] 2950521579372456375653135368950
[43,40] -2602343417491967437544099627172
[43,41] 1405166949728628648919546361251
[43,42] -520741262018505476911608544187
[43,43] 73671972272524958385153515598
[42,0] -79387619690151602002566580140
[42,1] 740830005319379726230978725277
[42,2] -1564556730424286949765791733564
[42,3] -5088012887959048294463126285774
[42,4] 46785245383369941245207290328002
[42,5] -174253527158626503052942218672051
[42,6] 425083793530538549518439027486077
[42,7] -737431562702385718328192266748257
[42,8] 864255146691660374163035355300884
[42,9] -437122474894287882753170403937731
[42,10] -699326643019915028077661767327882
[42,11] 2092449586026606508566478634797661
[42,12] -2663196335469392027187296720162379
[42,13] 1417234079629223302050227166196110
[42,14] 1540380073891137087053396726624793
[42,15] -4615511368313702574778831757410069
[42,16] 5696430162176755516783861912607476
[42,17] -3761301998206084378692707315467546
[42,18] -61478153187517505703674138047714
[42,19] 3359737699758602582478070280728243
[42,20] -4089895314411394425008627663125915
[42,21] 2240039909134505135771877119305421
[42,22] 644818324593615394193610470539432
[42,23] -2516962325295330287612242670755687
[42,24] 2602803278085986699961702525442796
[42,25] -1280458866666491982907767070000666
[42,26] -180580231638148885568263968721977
[42,27] 1014590881097174565100779545587429
[42,28] -959769359000438404168321028227313
[42,29] 486312418064657814996396204038498
[42,30] 16278347671055532799967309723532
[42,31] -237893072047330244646953132642757
[42,32] 239817112709907437747172148551291
[42,33] -118444062504747064718896115999811
[42,34] 18849310597868430656293883235372
[42,35] 32055943479634435349978320729194
[42,36] -31970939885702451952040884492901
[42,37] 16870290853909067451056560533764
[42,38] -1560368114825556055310268471678
[42,39] -4685302779365869144210100207348
[42,40] 5432461401400342157733159431863
[42,41] -3461570586743682630850238467564
[42,42] 1648445572053718651941225863330
[41,0] 146552312101536212790148388368
[41,1] -2335412721969242992364831943915
[41,2] 10775838748366774733262537693726
[41,3] -20694919849769423911568557774861
[41,4] -19690728610777742143868060643439
[41,5] 249125559118688037659775217072223
[41,6] -837752025629899013430025151741447
[41,7] 1760666423007424868411279025546151
[41,8] -2475502815476071916468256239570642
[41,9] 1905655413856680422974179376901755
[41,10] 779361869568135299296762403281097
[41,11] -4977356696963423980132192883730784
[41,12] 8205290413366598172652372452691077
[41,13] -7579872356056602637497589164162872
[41,14] 2508291928645752110779135565186802
[41,15] 3783166320975707072029912630901333
[41,16] -6222860553906797119760112745744753
[41,17] 1850512028931469886056751568012315
[41,18] 6971809076975517088960686564764826
[41,19] -14398543834379292275038830638338882
[41,20] 15041263604522467008196793477846480
[41,21] -8689942180622744849959861796882579
[41,22] -737375181108996464405263250163134
[41,23] 7526742979242418491509115284759071
[41,24] -9234027140592107244480782823231718
[41,25] 6374031532152873083228071523808310
[41,26] -2312829041935307283953210563089616
[41,27] -732533627802200855832767836862912
[41,28] 1556068489138667710584835005826150
[41,29] -1093683712812275521832355857617297
[41,30] 165982714816059775534689336645291
[41,31] 322952803789305893971482434109051
[41,32] -416544126173522739222331608631499
[41,33] 209566682825263194413582587099073
[41,34] -25854303530537630056203516729567
[41,35] -83510194284549463585405885160821
[41,36] 84986109005206608605169084243185
[41,37] -54530026512241592743308794147453
[41,38] 17652756745723385282996233364142
[41,39] 717079156990538810254421248121
[41,40] -7238776005004328514893169084407
[41,41] 5928524034315831835243803407020
[40,0] -34407652820363775258740923974
[40,1] 3812357616854471792782647850183
[40,2] -27484645223814980790075636988374
[40,3] 90666634326211776503123648164588
[40,4] -132783174434233302397638948317620
[40,5] -141833417869011075305114658651379
[40,6] 1253336796138961272556829352245229
[40,7] -3493135361759637586142704442872199
[40,8] 6061849107733247402639628488443427
[40,9] -6674689378072280418502008561827618
[40,10] 3145395520209093569218779857559046
[40,11] 3630454983013219017986819903615823
[40,12] -8029506047224905636280184150914056
[40,13] 2704493970047965350683073217895248
[40,14] 14642968283638003717445580065557114
[40,15] -36382339099585816621426504454842614
[40,16] 48772514540333167703797774058292519
[40,17] -41551089422811113123891710424667017
[40,18] 17657097492399520021686810948650095
[40,19] 9500377526475149270772493787737389
[40,20] -24458119676302879378017912950338725
[40,21] 22668494099210007552065697033604706
[40,22] -9565567822416299287819739304779816
[40,23] -2643314392337296174581496137626722
[40,24] 7695525787667466656515786315421691
[40,25] -4430344810379621103286379930381129
[40,26] -1056167753238204695518597487303878
[40,27] 5150542444528464731070184261984707
[40,28] -5144676888486814253743172314931476
[40,29] 3176545236880645912072993884206610
[40,30] -570994106864049286577555068203142
[40,31] -750266902871720675592534457694651
[40,32] 1110990408730288262099692078878342
[40,33] -682002363113062593446716750742272
[40,34] 259264227907245336301103453356936
[40,35] 51903090785397751696571948492326
[40,36] -119516045437720325515255407611969
[40,37] 103843118439506022663353110275214
[40,38] -46062127408644028875089335407744
[40,39] 12305595765131392278288158587162
[40,40] 5408978010708133482498714194676
[39,0] -615432435466016952540276027668
[39,1] -1355104576472460357979828691353
[39,2] 39745330883074647843185578902376
[39,3] -202062604901432158215350935275038
[39,4] 501712503878690853626327880990915
[39,5] -484561531331061049267800397898975
[39,6] -949739185432388999422955973356897
[39,7] 4698810723251175900578461426719530
[39,8] -9344625558084187408932879519685621
[39,9] 9405089780497302996569674425263880
[39,10] 1950063090491342161796330296298915
[39,11] -25806571356377312875448148355284424
[39,12] 51838890568202643394507112768315960
[39,13] -62229422703260111639473322546923965
[39,14] 45833037790638046143061116165014468
[39,15] -11571894126936161286172818268095312
[39,16] -16133024369919576638747525985852222
[39,17] 14866378941111966984991851443622373
[39,18] 13483964678616984111829233430969498
[39,19] -46611931460289183544325575886204345
[39,20] 56169827467990021396893253248868562
[39,21] -35804453867124989804204828797331438
[39,22] -2451558352945467151473019262820951
[39,23] 32114364325028758274097086482869502
[39,24] -41910123465948984356503870384605820
[39,25] 30227246958060944917309889251472629
[39,26] -12802096048200381813333654724217517
[39,27] -1912019079416081231183264805631073
[39,28] 6453722546497430583318466537814365
[39,29] -5500156266816534461600543193970524
[39,30] 1496057266148787604909978705980927
[39,31] 760758777907227422771144143610275
[39,32] -1698250847285264461325189272463618
[39,33] 1078686226354235963454213523603472
[39,34] -454222073622809412873116378515870
[39,35] -101318450241276451498169016529020
[39,36] 225298741094113443272119571944171
[39,37] -222686900239365917266503899844296
[39,38] 120897546000786878940445019953809
[39,39] -56622723633910633252097581981812
[38,0] 2059191692642421589233480106060
[38,1] -11638905563877900047000194727515
[38,2] -11621225507829109824839922745896
[38,3] 269594910939528989293757332968989
[38,4] -1005429908075987172431542409608794
[38,5] 1629225566173229413995307203035636
[38,6] 207696916046555999478934962796677
[38,7] -7663456084795561823293289898411811
[38,8] 20782674684740884748891542417042655
[38,9] -31693794322506092351692543696297842
[38,10] 27804341899670927005589350878955826
[38,11] -5091838268255076147220156932316155
[38,12] -19709739729692681466114600462460528
[38,13] 14488548337796981288275338340994779
[38,14] 41001823264271908211552951309681229
[38,15] -125816490997496538754380896234431124
[38,16] 186300128302363168853722755923334144
[38,17] -170961366955425027376137831463470284
[38,18] 81208435527930292346432238979936977
[38,19] 34112839406565580118747782907438776
[38,20] -105850206462303329948097441297786332
[38,21] 109168360350946126211074734765468841
[38,22] -57640227067479953576736430679539363
[38,23] 4775846173845523857387172735451435
[38,24] 24370074057533340281825332120552920
[38,25] -16713790475372316277669094519563222
[38,26] -1001486293054374637190977306874044
[38,27] 17989024204240200273839431125103423
[38,28] -18946602406149749150010342902684661
[38,29] 13530385920574097974533213391291758
[38,30] -3946742852480600590487527154555092
[38,31] -957504285219116901394431351943882
[38,32] 3252401924044695094315798995272913
[38,33] -2273616807190364152462855623818230
[38,34] 1253073460116738206703994595994561
[38,35] -155251924047173587272694647071462
[38,36] -173558751940267957239539978699719
[38,37] 302101754252859559626984590318069
[38,38] -194762397478459309200167870969306
[37,0] -3643114181211661609744672697624
[37,1] 38346197216589243112205003269507
[37,2] -101411561095816821214832530290180
[37,3] -155568979647717973799460776201959
[37,4] 1593528918196760349043290028112162
[37,5] -4227339396275474771282398129350959
[37,6] 5031629634578517812844218701291766
[37,7] 1113417899392062496141978253918039
[37,8] -14620595677137583666145681189525977
[37,9] 20519210900256935032464206441644706
[37,10] 8776944853379386073456697385126740
[37,11] -87795216879389354366230572554651998
[37,12] 190040652205566706487070986293444423
[37,13] -249853105336651077244914756135676018
[37,14] 209137785020552434213869638179450212
[37,15] -81927630016709953259904960025695026
[37,16] -50178466939761296371591475289539512
[37,17] 90022590216764504075567477642086215
[37,18] -22564932721101517600858188288959554
[37,19] -88766887783700813847161446779545270
[37,20] 136537868590541413119901865401398073
[37,21] -91128726185775339125748987471085220
[37,22] -24345850822771904146862469923905589
[37,23] 112041520977485149849281557253115208
[37,24] -142718878428136283519534699033302609
[37,25] 98116122250247068394942680899998310
[37,26] -40830971130617330397670936966019234
[37,27] -10389321169145794453443412095257191
[37,28] 23902858297590277992886531233864379
[37,29] -21867647610053041772114995415051631
[37,30] 7742508152759340029557361690928388
[37,31] -403681788819157136819031001166084
[37,32] -4018417427377930996513658582339390
[37,33] 2856388562633313442051510063073999
[37,34] -1781166471968941148102713691127998
[37,35] 220530322482115345500651150277150
[37,36] 191289250865155192018843449323302
[37,37] -441952578303006545485280187054392
[36,0] 3012945757361769996418546336377
[36,1] -68051520900684385666073819586711
[36,2] 325948136354372559451841649588730
[36,3] -425714177736407585613514331556092
[36,4] -1292694344392089046604717392852487
[36,5] 5849716695432538954136347006979402
[36,6] -8523029129734639230755279577663737
[36,7] -2084305766825410821140840614973705
[36,8] 35024109812712075671374270769496757
[36,9] -77064190981143465850759942418661062
[36,10] 88601841314957596033688094096215698
[36,11] -41497785982168542908458655680333296
[36,12] -34581726078310568403779209065452248
[36,13] 50386502958308048615695355614139409
[36,14] 74085287689162377422043368313758814
[36,15] -297279283636733818589777629025129170
[36,16] 471099067252705363766776767291216332
[36,17] -430711334592187618945027569306481955
[36,18] 171113567078454607232571075694095468
[36,19] 167322481080875888091742376585909608
[36,20] -358810979237112865572369165173323586
[36,21] 339848617126422104922538783131185904
[36,22] -140987719976372421139097104262797894
[36,23] -38792971899135346733127103602949337
[36,24] 140412031574476460497494781596504604
[36,25] -103801408561254833584096353586146651
[36,26] 39896379028478655073701420690274296
[36,27] 30239309163786578967141326210308128
[36,28] -42768179314398356562460894289245654
[36,29] 37840979135865045835661599107436215
[36,30] -13527707929116776047547822780197745
[36,31] 2121319713621189365291301835081191
[36,32] 5662105489837221671961614871807636
[36,33] -4318827166835193264059997782288446
[36,34] 3282192539532649217100369795767998
[36,35] -1064493513691823287666179415817802
[36,36] 420144269377184177248194076927074
[35,0] 3928408930817299212222135339630
[35,1] 58799948206848037835560125950190
[35,2] -521542450413504310399510565656393
[35,3] 1206298984013208826622130923727158
[35,4] 950535845536053846079702715897813
[35,5] -10591305324508710287587540847075054
[35,6] 25491124386555332214525854029768660
[35,7] -33229941951201979625379852449663112
[35,8] 22433404098806141258354020302334290
[35,9] -13031375405460869502903235143896301
[35,10] 69894865713203664163171408605949053
[35,11] -241073162002375509910973597827724209
[35,12] 473999842397314550304530096579513147
[35,13] -605503696423594299834333966384143806
[35,14] 464213991245615103318759649367694535
[35,15] -80765790034534495012033143893218858
[35,16] -316297010509586350834731460444236268
[35,17] 432459674221692505840484525722557486
[35,18] -210974783932896983118106195834550049
[35,19] -177009160930766817144748564883670105
[35,20] 381371465478904650859688643585681213
[35,21] -323276320558904471361753527695135355
[35,22] 15847487413475468523630993464570854
[35,23] 215255892960740324898029869124763121
[35,24] -326595321494602558471850953826858552
[35,25] 215487734259357529622077417169563536
[35,26] -90742303639753861705799363964950271
[35,27] -36481159514174301701333292316779318
[35,28] 57568477950169086631637513548421996
[35,29] -54309422342211108242908981645470548
[35,30] 18276250907773212592940225003924287
[35,31] -3802694836425322968565275495879014
[35,32] -6943720583946198881314674612668748
[35,33] 4982605488550991252581534921248213
[35,34] -4114165294754141425699542467159930
[35,35] 1614072288769760525507766758576648
[34,0] -18790909686969990698690557693592
[34,1] 31230461424833717881506357818138
[34,2] 540884723687131650059682585343368
[34,3] -2353589717711985214218603704988819
[34,4] 1954515913325020402305567959722502
[34,5] 8388966104175976380527077079342802
[34,6] -26152327944375549052189258029581352
[34,7] 28580048902747785202437153726821010
[34,8] 15558224892623193341667085434019186
[34,9] -102867277183109262169165795601230199
[34,10] 153251831892453838769468924870584671
[34,11] -83361384101116525126361820776240482
[34,12] -66821733393207407555735005189404287
[34,13] 114944035301715330706260318673800386
[34,14] 148900012123308342703513570467933703
[34,15] -650691602984673839690700861572773042
[34,16] 1049198542556618748757629779649273596
[34,17] -940575971236936173343389311389193725
[34,18] 318890390899773500471035441469970598
[34,19] 495734110708223675399614646643333741
[34,20] -893837726110345595699090931130853471
[34,21] 801422488585746265642119991249391028
[34,22] -239610616925753140161025259602886846
[34,23] -188477031372260763262646793460463415
[34,24] 434315514802839986887407246283103429
[34,25] -290765380285816678878196712507635529
[34,26] 128108458951384060578293550874152198
[34,27] 62282694630838883063170810113649628
[34,28] -85667669987116256383809958111709551
[34,29] 82872471230200906764609394115235594
[34,30] -29329068203760975758039424098773501
[34,31] 8297190233960055127952512050427696
[34,32] 7596496597045452570868669634394666
[34,33] -6988981543943233249811207264620629
[34,34] 6622123203469798197850584225697690
[33,0] 38529455107376416219314546497736
[33,1] -250053334802208839075549388686568
[33,2] 93467098486049583533272426341150
[33,3] 2075876685180294028664656909597830
[33,4] -2495884466453902589048308445989147
[33,5] -13697678376675000344313095420915563
[33,6] 53636909891488165311152057727221901
[33,7] -98939187824636055316637507211473544
[33,8] 117959309291076678217007683891876623
[33,9] -111219547865971841484709246535909663
[33,10] 178593871259992545298405690502459408
[33,11] -424400592766607906780754848206767669
[33,12] 757641561851323445484555283435751901
[33,13] -881659913083547785392110320247801271
[33,14] 453325009530538517261569553895527651
[33,15] 433533596435248812603605650551245647
[33,16] -1238775988296343858066438016981161103
[33,17] 1296436963864850237745136853846214585
[33,18] -546489886393159361296808611743348532
[33,19] -614783252323905556865613073964291899
[33,20] 1227584432837732771419196641868773679
[33,21] -1217129373161112583999194809469199588
[33,22] 487974292694804882733298876376701358
[33,23] 34287312972346101178173372237895457
[33,24] -390605125885476501657625390361879204
[33,25] 203388400818126119833220396064791879
[33,26] -61747124266306232015960900119128611
[33,27] -142239632200595017094503661623234973
[33,28] 113812167988089958551818069285121164
[33,29] -90396116115811219254320457520964615
[33,30] 17577862217302116393656829460769383
[33,31] 3107977488694813886289263550727587
[33,32] -13184391826912492821732161556915160
[33,33] 9905966722519325213135605287683510
[32,0] -44437037634054440612114734240752
[32,1] 484066796613600581411049497612048
[32,2] -1135247699729774105578474962664160
[32,3] -1356022383807968160411112356294658
[32,4] 7122627288227713334533361853001811
[32,5] -398243004384387111801085211174074
[32,6] -26305368108731785933390926754467942
[32,7] 39392309241850535849889857015992231
[32,8] 17344921902773594223207681785800944
[32,9] -169237968121012552401589646956011644
[32,10] 294235165448830320698439514597633515
[32,11] -204430636559444680772850169725564688
[32,12] -50072986249394474531443246790414395
[32,13] 154437962676773773849804134668006424
[32,14] 309733306435865367687115846201982674
[32,15] -1245235139355051950206596055401908064
[32,16] 1991215369500444531547631716727781455
[32,17] -1742468737086588253798666397639985130
[32,18] 582011366857135744070483681329012859
[32,19] 972909742101363488363566697711835173
[32,20] -1553839307353912044924764966894940382
[32,21] 1316939313307028464924176259897914853
[32,22] -133208271957696231401676949721104201
[32,23] -527401759359814845335939891550517783
[32,24] 912847017905902987493977916710546284
[32,25] -459297968891330255448810723713015942
[32,26] 173239430355879515255598346604774285
[32,27] 177526259292210380438231298696732769
[32,28] -147874323440478272583647981146087270
[32,29] 118895107519324307626887760720764794
[32,30] -27992211025839897061082965645363650
[32,31] -4831650490907385938976790658681670
[32,32] 11755644669366337218155095273119712
[31,0] 16822251286292536137976475043328
[31,1] -578593554384976716410447950454800
[31,2] 2519593797052641118393140240305264
[31,3] -2021449972969299825797503719481280
[31,4] -5338739827915529808386198150192332
[31,5] -478197793185490899695782898151952
[31,6] 44122474894463188375362791972500874
[31,7] -100324859129170408320416764132946750
[31,8] 116163438236471988403146338540902868
[31,9] -55120002548469162084084527594000972
[31,10] 35251472300291846034623226201414465
[31,11] -277367251387856009978078207838909336
[31,12] 677856785911812950457879629847625905
[31,13] -796034987898935944420620090526291731
[31,14] 108042236937771472732732258388756066
[31,15] 1213500587225934922632919033618377226
[31,16] -2219721522149884157331307111874076843
[31,17] 1759479891411938016076556589588478743
[31,18] -75544756949762041344576169720688232
[31,19] -2183741938632497816991609383868373765
[31,20] 2981720833482103215441910045402668897
[31,21] -2688705338752131114945499570854090325
[31,22] 973281617652857495924720962295897806
[31,23] -16988737354168686325530566173928353
[31,24] -729102239506008904892761013983859652
[31,25] 293912365798980453638032469523939741
[31,26] -165320487902041413005129110139979839
[31,27] -159625040622324058297889057085797631
[31,28] 51991590708587324496918905198969075
[31,29] -19690110553584521579827611518647525
[31,30] -31582360665710353921896531588636802
[31,31] 37712031330632755003673252120023494
[30,0] 65792474176405471599834125147840
[30,1] 173532889895631639847021003536448
[30,2] -2496447539789510795811934949692112
[30,3] 2938302123167241512464881143971072
[30,4] 13188481240157966384485223604344936
[30,5] -37136135854029103544108394365471004
[30,6] 42000075824051564379204649082676666
[30,7] -65983065032544281840053152518854380
[30,8] 179394289454663547008098877048240510
[30,9] -420859019936021671470933777426394256
[30,10] 636709955633990283747026563420058330
[30,11] -469496474512851141460067227500773749
[30,12] -43730141125784455964571812530619729
[30,13] 366283699329864134317654131321850017
[30,14] 187359077209551414043889150874409293
[30,15] -1524521477674811100484015071568557280
[30,16] 2643361166919716037236091402396589390
[30,17] -2145788545486815204317470710502480550
[30,18] 565201215842471541515348198488009298
[30,19] 1560598158065912722378478891132556924
[30,20] -1737548590830583101662892081172827722
[30,21] 999058964893517396219219018330629280
[30,22] 1161601559187417134609369629122524159
[30,23] -1753471229850042438394198206376662694
[30,24] 2091231927092702549422767327351283212
[30,25] -888140321462561502209378325060061235
[30,26] 432707940107862831710900319741614911
[30,27] 129573533829169650436928467728946926
[30,28] -41658532812257421413794208341108903
[30,29] -2052500331725603030301537836515520
[30,30] 17230214404153096701072507540872192
[29,0] -181879298801022195207008880094592
[29,1] 778622914096153854796548178846336
[29,2] 656684361981131198605403248075136
[29,3] -3522535973224384204059006982783824
[29,4] -12198621163347801452935735160664728
[29,5] 46491711650119908783671022515088768
[29,6] -49660332714498986771923783162711424
[29,7] 40746359398981274833340089083662824
[29,8] -98560563924974960090492406576766774
[29,9] 275734500575205025898878621208928266
[29,10] -447148196084790710043059628434067168
[29,11] 204623477470957036708495177072672826
[29,12] 439240067400299607819334796464638104
[29,13] -834216941132299867875980374837372668
[29,14] 232116486317020689713655528662986827
[29,15] 1111675807265901051851655187130467363
[29,16] -2008572027587293569114815839326268226
[29,17] 700464562269422521936149957536311270
[29,18] 1689881478839863934295920831886191613
[29,19] -4471755058556676737708988289708708427
[29,20] 4350464472011995625709241902058160405
[29,21] -3048838357498436637894013647944401429
[29,22] -181255333956342163781346295123201897
[29,23] 1147761539103224434306450624683365463
[29,24] -1978755305932372985508586698140870203
[29,25] 708596098732980701297278322096383568
[29,26] -463324546797545157590002833797359516
[29,27] -42110899978702302081206404083671717
[29,28] -80298028530975849105671904254103028
[29,29] 113961860076372910637596308523439700
[28,0] 280289022085551944220365983903232
[28,1] -2172039090025211644171125686683776
[28,2] 4389341361713834850784062096714624
[28,3] -3851746323172277532328099363952320
[28,4] 25694588077731662032777572346565280
[28,5] -95896308621319540899170668542996976
[28,6] 159199960483272328523675044066184288
[28,7] -211318105571937108253646781120126252
[28,8] 345677358152623133614416502122524486
[28,9] -610534218198758994062847140954307316
[28,10] 860622112028284998141563259998220890
[28,11] -597400805459044372111685680342204400
[28,12] -230369064669452105633005152154374482
[28,13] 772166598849403788529024673652137764
[28,14] 12807668357659442910530492431233036
[28,15] -1828290586448476570602700354089446059
[28,16] 3461233618821256343146010219565438232
[28,17] -2617085250816263003989426300663813888
[28,18] 763148944590577815632339693152299583
[28,19] 1702936053720574144703537117935658432
[28,20] -1065079900231223837278035398551852801
[28,21] -11438948614133707524473846687842622
[28,22] 2899837031779439514791736602186101929
[28,23] -2478146940641701569203876414791437731
[28,24] 2425162254107033231303571430716606062
[28,25] -225515601526564675844808973316627082
[28,26] -118800529847834600309718102391836210
[28,27] 466625285340802970514259438993856634
[28,28] -143000293089516846503108129820615440
[27,0] -261176913155998702174166714612224
[27,1] 3116750423276240385195023519389184
[27,2] -9686149108711636522990892411536768
[27,3] 10617212165604785891775241801630336
[27,4] -21166955918761079989898290664789824
[27,5] 85604958552950860590846987465285856
[27,6] -141854585696213141615544014499755088
[27,7] 133163514870541049427584670103207840
[27,8] -177465626383142923102318112794273680
[27,9] 383275636073942658802494983943599068
[27,10] -641438578884437310794735050473243690
[27,11] 416045744787187126077323581511266530
[27,12] 470232669629159717366726304378275905
[27,13] -1160882585373238832529839818876868325
[27,14] 454277721986653629312929473888435154
[27,15] 1049253486579592851204678970163995798
[27,16] -2173021721498310944766742719990670212
[27,17] 325325377347909743297032863899002157
[27,18] 2263451783433489023185955699192762331
[27,19] -5036748893692077292039174615367224538
[27,20] 3740500969899863296780633847704186165
[27,21] -2197450514773314729025080645474520166
[27,22] -1480769852465260331825376715695328321
[27,23] 812884302593399309572141688521432608
[27,24] -949861698266816803031609876623985426
[27,25] -1297235791971965374767054121027306146
[27,26] 1237478799191183306470175170281119218
[27,27] -1082932528749619385062954499527697979
[26,0] 71288185534458234867953125223424
[26,1] -2879531054377268670043298582666240
[26,2] 13405329754422409068599274836560384
[26,3] -19423295477589712437162328848251264
[26,4] 18566967628551963644813011806925888
[26,5] -72601598782610264045278274710437440
[26,6] 141702681011838075397873592744977376
[26,7] -106133194497442284048711221316271360
[26,8] 81659850731546641746821032452548960
[26,9] -261303700244602651798209579520276452
[26,10] 570159878594002538763336331609964030
[26,11] -464936971548530379003777101058491692
[26,12] -270042322612795461560857618833033410
[26,13] 749993052179400118151209249971301414
[26,14] 594325306038223832927022769534485526
[26,15] -2834079806954514424400405517901552869
[26,16] 4714644517669868425328389612151165735
[26,17] -3127564142747499415986974220651618001
[26,18] 579985562098432692622837020443174096
[26,19] 2444251751398665288483781651779431754
[26,20] -1330935685702680069582721575758857485
[26,21] 894206057416499532188007558688935096
[26,22] 1867400440668472964353428101268460471
[26,23] 334712657741614235999286699397508002
[26,24] -714331170325915309490184249648031527
[26,25] 2927866776815346572347726315679006378
[26,26] -2252494920649956881175633202702337499
[25,0] 287212807562508762494706161844224
[25,1] 645435805643844716064378203010048
[25,2] -10240524072257736549467910136656896
[25,3] 15953809693902869546014297025521152
[25,4] 13161550277655038609658297153318912
[25,5] -20072428629159726775368697754519808
[25,6] -2026359495938899862007876847628864
[25,7] -114260275711527353901277815472579200
[25,8] 287251876862314020690231686453595872
[25,9] -200391733178859270995709226046411280
[25,10] -126128961443706118865564936991737456
[25,11] 77593684813923600346224883512879860
[25,12] 648398048084683528433363004198836808
[25,13] -1388675901876008822125244436896481316
[25,14] 257177632564378691766249051759136556
[25,15] 1558594524098312595455178872414815153
[25,16] -2937883159542385139564565521936090244
[25,17] 809618348403540986762921319123446549
[25,18] 1851959163828508090020569173314457680
[25,19] -4454993142791422122360652205894853703
[25,20] 2345125951988077328111241739573514403
[25,21] -1688418075644062629747016860642927535
[25,22] -1216078182287459317562798609597979673
[25,23] -1567021700336541284377776308669072241
[25,24] 2144862869733706089629245908436934711
[25,25] -4028988198116734163295211144093183037
[24,0] -659919153509838168899406204329984
[24,1] 2941067995746023735298145510219776
[24,2] 499862243941635987615636456430592
[24,3] -3100092815808780163713310126901760
[24,4] -50079037722684734733092305626621952
[24,5] 127419512338016380945498763976663552
[24,6] -154043916785217931651908518017975488
[24,7] 296064791155964523719393813397094336
[24,8] -556560895692090782736482039290607200
[24,9] 515844317165571683431943606196370024
[24,10] -89669740076142398799647606004369896
[24,11] -13503776484141354199321619948704096
[24,12] -490339984320598340090711851792783776
[24,13] 1182700199558361232309724542418811688
[24,14] 114674533237136246346304858578583812
[24,15] -2009967047567865989063505309992089657
[24,16] 3330456364474056605954525628451033762
[24,17] -1076913469609184295394405161256676185
[24,18] -1585279647908359687463917803406637543
[24,19] 3917708077828849913963601988984370854
[24,20] -1244969462967885752676463266783536729
[24,21] 634045010657853063219430549460752005
[24,22] 2179941515881935790982996567537891753
[24,23] 613968633940160455279353173613994177
[24,24] -1084084304918502573488377844817375467
[23,0] 855406852135344229679110643040256
[23,1] -6609206605133715622758344321122304
[23,2] 14308282496687498839221804634775552
[23,3] -21642909169451557702995377612324864
[23,4] 94402781113774920891111664049847808
[23,5] -248751795487096417998291525256683008
[23,6] 353893456389630486615630082160485504
[23,7] -513886072198293770116012928665538688
[23,8] 854815562138090062614995306408958656
[23,9] -946758089110862173815546608003609360
[23,10] 550578554718000537461729400335898864
[23,11] -492621363554597321572077632345339360
[23,12] 994416085366597770251922887180427240
[23,13] -1824472870747675321049716950835961592
[23,14] 561083566747093836912744574008108750
[23,15] 1445514987766375750503482738745955052
[23,16] -3037468390916920627660154565746226477
[23,17] 1447625421832943390372481953645449312
[23,18] 253416494270107683198320472021419283
[23,19] -1436415173155723664015647083399374032
[23,20] -2046206034105782615205947673986603562
[23,21] 2548484990736966841872732472578088518
[23,22] -4293667948846838962497356502664824207
[23,23] 863242340357954627077813358787907734
[22,0] -685503294605900842422942871781376
[22,1] 8176780513157685968434431171903488
[22,2] -26517436710673622061204408905023488
[22,3] 43711805136528685251456974469324800
[22,4] -111949888138099607479730793198195712
[22,5] 295131753107327376869971551247196160
[22,6] -439469135067363138673954525019675136
[22,7] 527098501558105750507415623738194048
[22,8] -792485100337184314973467126596214272
[22,9] 951456680842486808840543639365336576
[22,10] -618534160036389163580531941995971824
[22,11] 735076499421825027518531408925171536
[22,12] -1513200761231731691128436620413308504
[22,13] 2790702851074553964446414325492084260
[22,14] -1992797744825568964730918332549791972
[22,15] 260860090123376189556660403452199126
[22,16] 1348730505002805759979552015043705704
[22,17] -411772226836120742740389867774542399
[22,18] -224309294813431622650346607510540406
[22,19] -77226425350127144912031082019028433
[22,20] 4639120727256879011501623257426395270
[22,21] -5971526946616115975580896047676474469
[22,22] 7249854041652284803397797550824642544
[21,0] 154757174975682227888119629545472
[21,1] -6499661732132527143557674492166144
[21,2] 30274321269863629095009899842650112
[21,3] -54880185905903099158297441546174464
[21,4] 100952881139125721531418587208302592
[21,5] -266846040865649903393865537097815040
[21,6] 436557410885500970152795700555017216
[21,7] -462493935723294847371879553943496192
[21,8] 601539549133029544654941182737854592
[21,9] -811032858664140685049529468560377984
[21,10] 544900099460659445198626217567020352
[21,11] -670433464703372415453808846796297392
[21,12] 1437260156631345251864652109180278840
[21,13] -2660490220984981923288633770281762176
[21,14] 1763714517806219888925384294241519508
[21,15] 241752701944139652832782280587445256
[21,16] -2322691786731637183515356728625030832
[21,17] 2244237720522761569722523052190738847
[21,18] -2211439024352363493937836678265221642
[21,19] 2913794339677289889322473914052260832
[21,20] -6576684457852935697448875684926954426
[21,21] 7032925240155897927424810621988402717
[20,0] 554256525456475941770733774569472
[20,1] 1715782065861900176960668276490240
[20,2] -21515910758274797166973541199118336
[20,3] 43295037461740819204038488684904448
[20,4] -46343335186145903551457609523130368
[20,5] 126400779545475688452582558965575680
[20,6] -245329452785666844870326708914142208
[20,7] 177615472364837252870100319717115392
[20,8] -119461270837152538802446551989052928
[20,9] 364071648065376518811454843668432768
[20,10] -382273497951373906215352951927403072
[20,11] 839404218330873446744232254181000448
[20,12] -2112796611845883113941009838419591680
[20,13] 3968565404709418969408569268990704504
[20,14] -3794002635840263750564715004101000024
[20,15] 2383132493696035841460497655858043016
[20,16] -552317553327723139663875005775323495
[20,17] 94458969984054095898108330485676913
[20,18] 435352648447495711886044684625801328
[20,19] -2025441001567520647496909858838694787
[20,20] 5504827994668962119750204054938907395
[19,0] -1106230917389851148884158730731520
[19,1] 4040849176818538408770665066135552
[19,2] 4313756951135892136677610753359872
[19,3] -15888908949496147225560669943889920
[19,4] -20684812842541344313374790766878720
[19,5] 44232717315083433438700300096806912
[19,6] -11519004591909706295565674083315712
[19,7] 157598498938419580389860179457226752
[19,8] -461958778946480320108325040825290752
[19,9] 401190186724424786645659879616269312
[19,10] -358101971622592539420928472570046208
[19,11] 12268287069373765076134575404965120
[19,12] 1162173518449751332006348599566673408
[19,13] -3078599868456567847839084830231356720
[19,14] 3230758074766044439427077165653993680
[19,15] -2321259544317289480775091772796034976
[19,16] 1099144143271166944378990868110585582
[19,17] -806348825653161424063179227258866414
[19,18] 899980378161176267076106453241074683
[19,19] 153365205091474117545435208901940480
[18,0] 1238228920143123155922653782999040
[18,1] -8294835599718528241370695889059840
[18,2] 14547489767209311834895600541368320
[18,3] -19619649742928818541081050107871232
[18,4] 86595027945021437993804013401112576
[18,5] -206705070961988425932111232164274176
[18,6] 284704736665437853613751652384751616
[18,7] -476569398061818356694014606772269056
[18,8] 936492085397114745397378732239259648
[18,9] -1039919233541864865520136584097248256
[18,10] 870733056789660408902617319079583744
[18,11] -470839348893687821811744872141757184
[18,12] -675819269485971345171659420764404288
[18,13] 2722535584919198989814073591658345792
[18,14] -3306576356263889158632532127164242672
[18,15] 2915934574173532096467905865737773456
[18,16] -2308858078804225428134424610306071456
[18,17] 1962297009796577159565451701130046826
[18,18] -2150815121903220404629204121528628562
[17,0] -869073906787681019545367667015680
[17,1] 9082781400174542942334993621319680
[17,2] -26061468595427566646626389334163456
[17,3] 45135841641897393944694773275557888
[17,4] -120358805206489962408257593467830272
[17,5] 291404346639651790009287076211687424
[17,6] -468156155045747263335845342277525504
[17,7] 701317920240892654445519551801008128
[17,8] -1273655556192438929198828387581571072
[17,9] 1625710127908130420687386998177992704
[17,10] -1485766792439143037048621522508789760
[17,11] 1110079994214916307103055781460169728
[17,12] -169559931778323450867514092431846528
[17,13] -1738294769842293011829958787659326080
[17,14] 2515343717130069332654739419299859456
[17,15] -2305903872125720107539838739614643536
[17,16] 2081100866541288094936713416155227632
[17,17] -1670045355770184917242163558891369336
[16,0] 187869355962637104320641689976832
[16,1] -6487433479103946361194662996213760
[16,2] 26786071087435400834982794531700736
[16,3] -52981705121683873517368810163142656
[16,4] 118317442427238367681001653188362240
[16,5] -287345735027940348493704980366491648
[16,6] 513405320035714426096331449630523392
[16,7] -754223971387416905780774736229097472
[16,8] 1326642355442189352874234880196259840
[16,9] -1853866047987685832475132618514038784
[16,10] 1795613421452656411508417561138405376
[16,11] -1415128582972805653095137259132348416
[16,12] 657456860181401725277052594568224256
[16,13] 1060051673443511920480579011494881408
[16,14] -2105879982629582485516407899416821760
[16,15] 2166103871058048625461594552937480640
[16,16] -2381339368220945037920423531970150800
[15,0] 489314347884050995390926819426304
[15,1] 2065410325861978792154268463792128
[15,2] -18110594152971784001714244125982720
[15,3] 41737681454251008351610912796311552
[15,4] -84948859522137352575785895387463680
[15,5] 211456472103213724938035954049810432
[15,6] -428795383471203172476571217752817664
[15,7] 643817093834365216298170795752751104
[15,8] -1111480559112079649583725795867033600
[15,9] 1652615357227484822921413948418965504
[15,10] -1632586168802007036432523711949217792
[15,11] 1197787420710025306441650898966835200
[15,12] -604822422479565006743012501573682688
[15,13] -684398440312733063780066810116220416
[15,14] 1659219407883814845961986862495987840
[15,15] -1709464249948069835436326358762438784
[14,0] -875309835851834362891897625640960
[14,1] 1938143481207592306538575873179648
[14,2] 6059815518479855424304909746438144
[14,3] -20719362520864507022560166990053376
[14,4] 40419850257153300297042202934378496
[14,5] -112315136034710348941635657423650816
[14,6] 284637437242188954498561245079863296
[14,7] -464593986744332266349023649310834688
[14,8] 803510379163353198492198140321759232
[14,9] -1265207606538444077431607162846511104
[14,10] 1274852370884871365384077897909731328
[14,11] -789426458786539136728783326357315584
[14,12] 229099550131681869704264421258273792
[14,13] 725916088413820646959218251839600640
[14,14] -1619726238008638126070515642553708032
[13,0] 870062364411730823477861749358592
[13,1] -4040320750441244862265664181633024
[13,2] 3689380826458676959039322524221440
[13,3] -118414396885115674271377442996224
[13,4] 544329128094693600075193151651840
[13,5] 21431668313970630866652287065391104
[13,6] -128129798192559446117057106991906816
[13,7] 257677066246650552793884299013586944
[13,8] -468677452234954276735795254751035392
[13,9] 805507740671173055470544034349383680
[13,10] -881952557011567133569227809600634880
[13,11] 546828114106279542852089271975641088
[13,12] -220946389139651668332666420152090624
[13,13] -193580173322229402825899856240700416
[12,0] -568803440986100328193046656057344
[12,1] 3984012980982948566302848580583424
[12,2] -7877239187040933261029603224322048
[12,3] 12062674065737754615737484132220928
[12,4] -23316626179848329052669095499005952
[12,5] 30190422457780666365059280083091456
[12,6] 22166379803558021541729407960350720
[12,7] -106233945743048091961733526513778688
[12,8] 215478052932691574324177116186017792
[12,9] -400396569672700278821151698624774144
[12,10] 468667131996462479240616093425205248
[12,11] -267868722507365252489221057441710080
[12,12] 146180599649588861100785158028771328
[11,0] 176640997454054016292526829338624
[11,1] -2620382682139138981182040285642752
[11,2] 7264452294704889686363150537981952
[11,3] -14648838201323427361564234004561920
[11,4] 29157203010100798171794791395753984
[11,5] -46140789288708431823373193820766208
[11,6] 25357656485069088338259400872951808
[11,7] 35114627342683393682489592135548928
[11,8] -107492165918657821767821525260697600
[11,9] 218411689156960559983779697118674944
[11,10] -304876711628086045855798902358409216
[11,11] 252696549991719531370394264067112960
[10,0] 128609300168250751986716140109824
[10,1] 1023863334283796964388738206531584
[10,2] -4232680652092526818090116412604416
[10,3] 10705067711344893323917821906780160
[10,4] -22737202636238771944059803105492992
[10,5] 38225412354966315163657718185590784
[10,6] -33421883981962237404868226154758144
[10,7] -6166487000164029594474145632485376
[10,8] 57001154755365889076810337274822656
[10,9] -125895160131014880971132926849974272
[10,10] 223173477931751500684078735188951040
[9,0] -267213247439150577508254562123776
[9,1] 54454711749993685130050348777472
[9,2] 1355518628859824842014965685551104
[9,3] -5275434379356196702758593156349952
[9,4] 12564598432974064178757089978482688
[9,5] -21518497805539974968254585794199552
[9,6] 20665283128133912039160968061648896
[9,7] 3545440289071295203819320873320448
[9,8] -36080349759491979521213965627555840
[9,9] 67886184072419107614670835724320768
[8,0] 262847135890316270470071016488960
[8,1] -463929754056929106008191424004096
[8,2] 227203990362848345892660382269440
[8,3] 1409519275983638528802441993912320
[8,4] -4493649920494655654331129417170944
[8,5] 7552672548427144808417477588418560
[8,6] -6373770822850650751224057266438144
[8,7] -6784003720482026802610351374336000
[8,8] 25231669484742101865391777174781952
[7,0] -186617847641179449129412453203968
[7,1] 425616428304325797290314657955840
[7,2] -581674811678592416475489914322944
[7,3] 94100240415737484723533352271872
[7,4] 780354923834834597434906694909952
[7,5] -1112570304689789307856002486370304
[7,6] 416239499385576562350994535481344
[7,7] 2942538047505970984264982394306560
[6,0] 103270249050980340428193631567872
[6,1] -240984909099334637716004682072064
[6,2] 373706975559680959980502050144256
[6,3] -243778012885645097663985145085952
[6,4] 203692977833202284710935320854528
[6,5] -799035477765233553967450209386496
[6,6] 1285452469332536554449842502369280
[5,0] -44895876510557586159431707525120
[5,1] 88862884218856942300500590592000
[5,2] -100819111996937609825465489424384
[5,3] -45593303434633091291398312820736
[5,4] 85794847567858209241679712485376
[5,5] 354270240415597396209168721903616
[4,0] 14982176860737827934081472528384
[4,1] -17314375975549053086740607139840
[4,2] -19653990594104855815191087022080
[4,3] 155472033821186648921551046443008
[4,4] -250791145668597963848021606137856
[3,0] -3515237588506077035333490311168
[3,1] -2343704885335223599009225506816
[3,2] 32786143519255916452954092077056
[3,3] -106951066838860187666498214428672
[2,0] 451588358476453232578234679296
[2,1] 2836892189370548101665641201664
[2,2] -14377176071600045918685457547264
[1,1] -818982277236957557387645943808
