[44,0] 1
[43,1] -754010860556
[43,2] -3679243054189528
[43,3] -1104392677507996378
[43,4] -76330638058124755696
[43,5] -2039302399034012367388
[43,6] -27489753486499320090304
[43,7] -218960759515780162447162
[43,8] -1141763714399465998146856
[43,9] -4183529673220104338873776
[43,10] -11337023182839296991956272
[43,11] -23610051235532157885910348
[43,12] -38918324971107928095088024
[43,13] -51969898930291193113621768
[43,14] -57273768033372268591164264
[43,15] -52881754785366459517438848
[43,16] -41415180522495866333447904
[43,17] -27793118271194224876051664
[43,18] -16117660461953014368513848
[43,19] -8133781375392656195714747
[43,20] -3592717880668706648797284
[43,21] -1395593947190451712161666
[43,22] -478600368824282747983488
[43,23] -145340634817780387983211
[43,24] -39174444074616731291248
[43,25] -9386893089911356626886
[43,26] -2001504758721632685388
[43,27] -379868540988889039663
[43,28] -64148421255099641416
[43,29] -9628105628290624376
[43,30] -1282005410832687200
[43,31] -151025363999982350
[43,32] -15682082771126704
[43,33] -1428287457231124
[43,34] -113373081590056
[43,35] -7778481329563
[43,36] -456350029684
[43,37] -22571386882
[43,38] -923331776
[43,39] -30413255
[43,40] -775376
[43,41] -14362
[43,42] -172
[43,43] -1
[42,1] -180282909655286872
[42,2] 100346811593140641764922
[42,3] -558419140507136660850875448
[42,4] 277038659159165836949139687700
[42,5] -25192709672608919917899974036488
[42,6] 572570791477495260194705902557765
[42,7] -3286882301157640241875359584111288
[42,8] 235209384820822003347345356709704
[42,9] 12520704119324611284049197882325344
[42,10] 12408701001086763944484672882460574
[42,11] -3576159629064478411930513429468640
[42,12] -16343054871050169683156987825840760
[42,13] -15521898139712945074442460178545888
[42,14] -7635487253480941032585315963501187
[42,15] -1398814173965981694437352812436936
[42,16] 892288902047499466063290073735460
[42,17] 939298776982959961707702422552544
[42,18] 481293545702828640248476994679096
[42,19] 171834910563185397875411104589076
[42,20] 45965490119905669492287472030972
[42,21] 9175284656526850968099918955224
[42,22] 1227072228575487683386276056528
[42,23] 41849278676701366671186109492
[42,24] -31856710319641904614624497048
[42,25] -11290058325655928910980237704
[42,26] -2417569413700967619661134680
[42,27] -393729215569392961311912972
[42,28] -51888595720270976958518228
[42,29] -5656944532521910584520224
[42,30] -512659867434631306867848
[42,31] -38327184338521580900304
[42,32] -2309492744714319086488
[42,33] -106086365527737563064
[42,34] -3132330735947188762
[42,35] -4254168561889268
[42,36] 5830077438198912
[42,37] 384303879149816
[42,38] 14621592353597
[42,39] 362352020052
[42,40] 5589486580
[42,41] 43992784
[42,42] 66306
[41,1] -2651646818696699303578
[41,2] -27362537884849696381692896952
[41,3] -890346847328036379605922074056944
[41,4] -1066873136372092837689748068199801376
[41,5] -122677721135690302514640913025812743792
[41,6] -2346139902531189688236292104327554344880
[41,7] -13609553265607903046931952831153415919596
[41,8] -38498112232843109691056067491065693162848
[41,9] -75115729601031748186235715554635845906721
[41,10] -87479417130129059327471598621873863214868
[41,11] -91418693502762279595150645279553132150394
[41,12] -75386455702341971026543498338101816910392
[41,13] -45667889694625444629163297106380732030755
[41,14] -22290573504060015618337797608023835839368
[41,15] -9933106995900280708596919128393281712446
[41,16] -4155126494349911825072957896499960918116
[41,17] -1523916592526692417366157303132135367153
[41,18] -460215467927844394291370465679110991888
[41,19] -112332030095229607915492120170877997550
[41,20] -22615642660437792419184777827447438928
[41,21] -3988530678686855540734637402979804366
[41,22] -676148575961634745938503415650060088
[41,23] -117087580305442777795050584399911230
[41,24] -19940119934793228442778065268119904
[41,25] -3061748804882402216221050708981247
[41,26] -397642753869066277764315813356412
[41,27] -42257323830925811808125995895060
[41,28] -3605600209616846098896298109672
[41,29] -242852188335791448990796274493
[41,30] -12657640098215153161671342528
[41,31] -504407392544956598867050566
[41,32] -16662820991261316725163684
[41,33] -680371211311301518790196
[41,34] -43255223627921362120756
[41,35] -2646941282728821049476
[41,36] -118227523619047701488
[41,37] -3581883664667582017
[41,38] -68395307801440152
[41,39] -694100999593640
[41,40] -2146384105748
[41,41] 1692516507
[40,1] -8980223236900319382878704
[40,2] 665169820641157174514884390167700
[40,3] -52276783682232549046797655341790267424
[40,4] 58390825601200723287479946214013403613895
[40,5] -2041890547026778610946154437477831903891240
[40,6] 3233646837642272910056836418039498589063420
[40,7] 119493872246379398827513018692093032629054304
[40,8] -239890789925529983236930049588625747489711476
[40,9] -2479664918999907932856521039241394117180488644
[40,10] -3915571077908611708839605993253483362915569228
[40,11] -2210816638843360429271989694207140526265761472
[40,12] 491209780196227047503387479796900396473356468
[40,13] 1639374746069616220552358408047715287721221180
[40,14] 1299574117669331676874395641896235870869131016
[40,15] 627156143310171768797304493742752014782980792
[40,16] 208932276230612635042791431140987543347689140
[40,17] 47570443840636108678948454667127425129662988
[40,18] 5873972939352499132974819898981827083691900
[40,19] -492636786553493757497724475458597216654552
[40,20] -473000652394933604687882037579620875488482
[40,21] -141395259866172587473551533197392577979984
[40,22] -28972530912500701057795851593378987160548
[40,23] -4634752525885977584758446901951121351408
[40,24] -604647974055507413423048579797821284546
[40,25] -64575765350262825130362127690232658644
[40,26] -5480198941143104909440322890702890120
[40,27] -342182402072554150870525977658422936
[40,28] -12361273729413141242625833821873447
[40,29] 172243088414896064139704385806740
[40,30] 60741452006729043766965824422912
[40,31] 4855094469821207947443489928456
[40,32] 261473363154029580342040793870
[40,33] 11622369565015407363504878408
[40,34] 455460910181003966757986128
[40,35] 14523910354419273249947904
[40,36] 319794086156024073073239
[40,37] 3949869901985195164620
[40,38] 21665095637718920304
[40,39] 145410533099297088
[40,40] 395709649198394
[39,1] -11756172509253673529530709788
[39,2] -2963897100272766819421014045418776712
[39,3] -294549208446792416337652832174976397844592
[39,4] -100052636804312151936361567436413763290670760
[39,5] -6757668770032277883449127490604698984158854104
[39,6] 228807685701635916379342775738281535400282811944
[39,7] -1080072349798970047883526578359037833443804246373
[39,8] -1830022303466624668251331314959118174892927160548
[39,9] -3576337817532428602502609164369960379143461688128
[39,10] -7495442623606657751188791563660216167774048578056
[39,11] -12393977010221732074933134832622460898770102478415
[39,12] -14880478724447277778878083361718643108286679880088
[39,13] -12460972128364023105024620319111295347054708479036
[39,14] -7335750160585337781419267772195460012570668238636
[39,15] -3145970409517411447907126172024030255947619068643
[39,16] -1037843362077768127675803538474507572957373296704
[39,17] -286533214924289232137188166630945513113776496038
[39,18] -73812125846140542788278471887756802210528802376
[39,19] -18874535270292976250285459597347577653700397351
[39,20] -4587275051224981245053047787209374661028633788
[39,21] -974364735691520099880795500293396035813932046
[39,22] -171006712476293587082354375317197012608016784
[39,23] -24162676244564338726268918570514805518856910
[39,24] -2717978587299664321548436392805390110147804
[39,25] -242543317840362930600734854747921140750402
[39,26] -17318159590969994950409364666291225359972
[39,27] -1029295833804252928465838780258267118852
[39,28] -56216427273673778272576294659477345688
[39,29] -3229471803431462117109009305894245144
[39,30] -202813394580591256005952080503805564
[39,31] -12537317916752479537109633942277237
[39,32] -657465852177789377724917529765736
[39,33] -25341698021453513357297375182224
[39,34] -619911655323487351372785594456
[39,35] -8152371799215777951797480555
[39,36] -71629997868337403566348212
[39,37] -1648487833100740356664704
[39,38] -16762027634040357305616
[39,39] -7809694916844793953
[38,1] -7765174961047513580839324885696
[38,2] 3300756671280256153465700781770906229765
[38,3] -276021013392891935631311529782032441120787120
[38,4] 7763986057179097257046464239712836112341271420
[38,5] 11211576599380159902587796011175795234613857785256
[38,6] -5608086509481058712031923888346992022549569447854
[38,7] -1436366677419006084375211970559693860481569119731316
[38,8] -1156659347181636324765047149500878957121377975840364
[38,9] -155052903633833376461915374656575284928801086863040
[38,10] 2870926341783109968570635840630988998624431547045233
[38,11] 7449292783132703287952720942678342076816133951756668
[38,12] 9095673959171065219907177948891295157420619742237976
[38,13] 6581543830509216573439372631986135807476848145442384
[38,14] 2941044944205023262344450518135496458969541015000370
[38,15] 669657331780854405031467050368212688304049873766908
[38,16] -92294801441112272608034293037189776475880289983536
[38,17] -154608334898515701849357006313366210104724376848200
[38,18] -75600393860398237967232530755927006627038213251989
[38,19] -24404393962220628842943454322979657581994083973576
[38,20] -5930696846919472444889118410045229367107205614276
[38,21] -1144193698297179777517467454437158970375851703648
[38,22] -180310440406953417429726404032388445622252857100
[38,23] -23484268277443847416038860401742812371721980444
[38,24] -2504335298558907366026126930948975479280551340
[38,25] -209516073531621515872366848089110030811509392
[38,26] -12221180560402902126091516276229069571094719
[38,27] -281447316004464128775327137675476845016308
[38,28] 30514182655300426998504840938073586821560
[38,29] 4211118461772207595676343290048754879528
[38,30] 270641174586811446064375341816869086962
[38,31] 10475382051801315915233270641274303556
[38,32] 229126682647086607513172204444476704
[38,33] 2094725589002270083757079878727856
[38,34] 30485575751243661278729500808601
[38,35] 2211000626406289965632448809688
[38,36] 35638403525121577955837924776
[38,37] 268698434456764143673456656
[38,38] 765225923293552030330068
[37,1] -3030698758207006920009604229373562
[37,2] -928462896453197415576162425486372521510712
[37,3] -78456366275129705092856368612986043246702940396
[37,4] 14058334575914289892658079136106053195775609811296
[37,5] -2593253711867327084968347314640049838098573995541573
[37,6] -70381967193531298134385386557424999163596886866834484
[37,7] -474775051996727888200247740060278209390783350043689848
[37,8] 25523947370173565699456709684907114743802733662862600
[37,9] -90749905824567844697298007828814044452316835989203490
[37,10] -950084475507527866390344839826350484000718534568919868
[37,11] -2025012598560950497690996441319200913021947749369255098
[37,12] -2250842181381290533262377047358475226205705607849179100
[37,13] -1619069014564651410997110902358498306913676627895594498
[37,14] -839229405938148976111763831072566798703489926278834232
[37,15] -333830330039560650616470357716246865614297422427115940
[37,16] -108241121399711091812296397345456347153067944485155748
[37,17] -31334307008903351373493780140426041042242147294291081
[37,18] -9032080046969641744110194786414673813247279677310096
[37,19] -2693945792737576043334463059087237975183827806322618
[37,20] -778818567199922995838962222409544355750951480023736
[37,21] -200733686410917719809789602122737939981903910965741
[37,22] -43838949664382589447521344817279496050667147005468
[37,23] -7900123833033210363898799995505030837464321187854
[37,24] -1153634352339877085851849159023024896000147238616
[37,25] -133904793343496629121166930971595325424431088514
[37,26] -12014329415825210430630591720863075914622557196
[37,27] -792573988105418202313355905592668601237345480
[37,28] -34126446337467796470334158022867206180717564
[37,29] -536929915640840684383570622954417027278374
[37,30] 38970869464212639497415684773803151047728
[37,31] 3166282823493271486500105327943021446516
[37,32] 107426996550867979064712750192873180532
[37,33] 1867966817152942695725737223743910422
[37,34] 11232541552387818594023439438726116
[37,35] -344316454471184275108495342458516
[37,36] -8825353784190364527577922993352
[37,37] -170878682578523101472336496647
[36,1] -774370494847493857947853615888312744
[36,2] 3255600647675527273230790443152805447698504
[36,3] -10874763839002303387915375737499586951533086349152
[36,4] -1382922665653485172894237586798559297754436206556276
[36,5] -215300293980544925595100877873625294157977987511311652
[36,6] -2777139092583108815760878205951610376048428519992713964
[36,7] 1250673421138504719273378774560448622446333949480267400
[36,8] 243082371696803023989171627257495564991723017313445971278
[36,9] 287980721234933004369003820982660222102688248573164336572
[36,10] 226733517572470692245646667938357689516989503391200975780
[36,11] 163769849523612533756213188435183970746573353465050235400
[36,12] 151923532595581113118504930621671651701490746525141336676
[36,13] 139233682797226574240490789986362339219967682865150308492
[36,14] 97885509482058665198986204887376777789296770764859056192
[36,15] 52776608892033734872277921667181296250083874541310889560
[36,16] 23020759150583213255066505756834465435113743001788043443
[36,17] 8434623800764250419205047741852606797077880161379182016
[36,18] 2616861680274161331143924103733357869366956030280098232
[36,19] 673417808424754628584875503638730239883457063540978156
[36,20] 137005639867022138847686752789558669527287363287470782
[36,21] 19925722621336208628091607884570265761388094987133212
[36,22] 1399232726696742403080469291624855637934096268815196
[36,23] -199009400711739249353255830375946008241231412470516
[36,24] -85915849888203516560774039133106767917662939473870
[36,25] -16013973143464266579257933149516160481152688460676
[36,26] -1994707250433488069893053001246864472260964862584
[36,27] -178526797139252658926179377914073747993549279756
[36,28] -11532360191105186567049314646251151553621546930
[36,29] -520834500540130417741407017487871596983495300
[36,30] -15268977289720716259401517668731787535563672
[36,31] -253248896265070340315191169440314200966680
[36,32] -2821177299881843157405739042106198880597
[36,33] -133414653635892708919576259256085681920
[36,34] -5572075303249031497007533492319978264
[36,35] -74419525199049605168159003583045500
[36,36] 761990517596459820409621807262598
[35,1] -139030951165989287482333128170521683376
[35,2] 8491830422041470227580306567044358313230985056
[35,3] -1039698386720537572564799374075457750164505617177921
[35,4] -700443965431063824310721061833451574357693707655572356
[35,5] -20616875826848761940135643813369111963646607083181982528
[35,6] -18241819059616862907367881912971425696588519068349792960
[35,7] -217890523884787395118212516796982520730012723210077579490
[35,8] 14111055340511717214081187228150350883031724180085052492028
[35,9] -13800265914106472853573672690355515312681123396488464020668
[35,10] -37669347589055173494067758301611919366645990813569591536388
[35,11] -38177610245715683048508186112574610636568859244163375667538
[35,12] -26673172717451910482110049982758738494477481465057089960104
[35,13] -15213800278352022666407209864175063416933109733584230182186
[35,14] -7676553576427572054740637327278660505132931582306195503060
[35,15] -3470728282132585977157490594160307784575452928796258983473
[35,16] -1350190142130172271183675788976604380231121510328198060808
[35,17] -420405162399870246630999817767914278475342299964354180730
[35,18] -94864273999649799177644331704906378619768777292634203272
[35,19] -12506166688195818159205770138872684633165644708875982812
[35,20] 122462703101418484260789790366078425098456408573249856
[35,21] 413238845010823231888023963017173248041966412038792486
[35,22] 63521018746570331761007781393460934468024011560280120
[35,23] -6711927088253886987270423995471923628910551431250637
[35,24] -4938696277635822990328627428325939500902990813909796
[35,25] -1165315867124170656566768821661350309717988317133510
[35,26] -174734971361063150822861298603447128740289223592464
[35,27] -18653223316417322781712386002451592556825252973425
[35,28] -1465630856871782531076516098406836314145205230704
[35,29] -85143686315734214412963913728841197569374067022
[35,30] -3608490595708634413244310257473588167004055620
[35,31] -108032743870662618447714566630668593900180931
[35,32] -2177567308026224361628130953337565057263832
[35,33] -31935360900702536717754672640643208225360
[35,34] -683160858293518156927776205064737726184
[35,35] -16951530218029685704837284580403550219
[34,1] -18461362710761509707415648061259979886128
[34,2] 412377498828054849013604849518124642024245410974
[34,3] -59330559097035579517027612979101645136066480903918932
[34,4] -54196543845262241093240376996302331619789706399145850828
[34,5] -2117277021468503926324833942954018913385800147824464535944
[34,6] 16550319046037614129925970064705366010259121606837906243633
[34,7] -111776488458985145952957680060730308092200534873498853550332
[34,8] 544387175691502132081797649719996812530291797642273542847780
[34,9] -1845798031863703501209320156778984048965653549864909985283012
[34,10] -2237396002301735747082638131484385545739564587864453864077634
[34,11] -906046099099902559319347717891586377795783791171634676980652
[34,12] -100418260793659966733641190413441146650083532530848317512880
[34,13] 55284737183789182777391152499070052584670332472353542657140
[34,14] 29467461409649027696947291240359426296061662733563928131268
[34,15] -7195205560978553426538834791745037066882787215293502711704
[34,16] -19841054328385455219662369322352333547173643820794949467840
[34,17] -13784445107054085904428889292367001203178674469043196852756
[34,18] -5443625644419390615413470836785549591609145823088134132794
[34,19] -1343328487100809268360012495499395232386398100238354174036
[34,20] -192308616485798837513662205088271912324399579340809658236
[34,21] -7232325477246666539070444835430737863402309008353710856
[34,22] 2644465881142100365622400776704901942014527681210154688
[34,23] 337326238432137348416654492903714963575622037786952708
[34,24] -81502217411530526076652185351009088057148963114545112
[34,25] -36400956930528317547252811463939789255842145174447572
[34,26] -7027148757092355526842907193796723544359774571024536
[34,27] -888064488807596035472910570089450720495284217574996
[34,28] -80817016671935187649097252276603943553983642790956
[34,29] -5474674121848194954374772108385471315796554092132
[34,30] -277351067802654711462014035079699597125606062699
[34,31] -10233773276058839895133199104804451071035788048
[34,32] -253720741039837852073066387166385877569300504
[34,33] -3567786360491512382185994883843535957197808
[34,34] -29065045393646432790299760988542865018350
[33,1] -1883899495485845185505803948042276374886348
[33,2] -5823466968266983993822740393401557882444373819360
[33,3] -3038111093940932882292966953707622373913536900416572794
[33,4] -1499426854302041763522100578409426702441523740758713473728
[33,5] -171548595361070306340823172089584545303269576075943918266415
[33,6] 2104240833789313361307563548510579405055814565239818780710332
[33,7] -11673794653196765990039553975913370742589837407511631158205498
[33,8] 19267359026603490983884725406210958974363608461809695144574600
[33,9] -91664442199963354999468154856291640138401831045236264977758738
[33,10] -44396258855895225406648038176687732511993405767410099172051948
[33,11] 50638475894838428021090182699469513882828053554796865241159128
[33,12] 59051760146768421683887590746364816568276268616203758025328036
[33,13] 33540291624098769826053805307079112396069699203694291521791862
[33,14] 16685177081817125038108340791017026044607718026342651263302256
[33,15] 7579734616808424456491640972494550734690601354122145576719520
[33,16] 2554688861152956308658634851607957055695297678451317907624916
[33,17] 529789475012910940889180764923338738931416794392006856857637
[33,18] 44629647149124412008359810328353085699497475675426605469720
[33,19] -3547051173027656639975262997216446929765859203180935490338
[33,20] 1126341893411605932570963672574479346460730313451330011496
[33,21] 1508940710023594406110773741342354878316049814717478362949
[33,22] 527896577299395742931979503893959630061186617498052992380
[33,23] 105178335185272516175956956974933020217226450359747441474
[33,24] 13034078595553547442299233770811836800476286219904532368
[33,25] 839898742233463379157303535648165831858321306684469056
[33,26] -26536843470178745706458473348915068432667253307983060
[33,27] -13618617722816001254546070762298868730003009255015876
[33,28] -1826604376803195451080243346397761616433772928844100
[33,29] -159071449244725930576422695604966938659532250003110
[33,30] -10183168578922245811610993680804736733461781599856
[33,31] -484687687769279165359752646185129919013691566100
[33,32] -16125921151615047483314564745644646492793265284
[33,33] -329116848958646073236364313644566057280171765
[32,1] -152163686147630687491099894016516805595025176
[32,2] -1304049386387320101329636063152134739543268090960760
[32,3] -122760329563967373571145025784857403345713324504273486008
[32,4] 16324340520370181743337873363943816972765565097711557529268
[32,5] -10092284005958800674283769245324398102672948683889266208530712
[32,6] 125895835555543461597837472552018515802719304211726416304945176
[32,7] -635807205645383207324632738784470081782788016797893220718095900
[32,8] 875808932630538596486670342552743359400405557058881302811141476
[32,9] -3138072097035499816309765270421582825136781216882501576716275496
[32,10] -241104244165577580127472498182672193106850561606566810348424880
[32,11] 2893536247191652662510491946571876011845537162193984143241073764
[32,12] 1803882272620720863042845839014916503834665926158016340970550769
[32,13] 381064827668062856478563608081764349082649935549512944166712256
[32,14] 78173968281728826120902691804104503377943387891748592848192076
[32,15] 90515858239242983859129332942492132634166495801985700593782868
[32,16] 53352285106541340072056480002591533538831619008715884142591574
[32,17] 13827498195585689533295679681071818473781023926864423921524176
[32,18] 648472537551781257430662680004686003311883217031569007765324
[32,19] -549464383370430638821718746731443258561478148640916451558048
[32,20] -107207278738152283858439634451327912155838007457930381007197
[32,21] 23105428538074546812864453220325681704252324974113743386536
[32,22] 15794138999397434302960519084705908088751358063218107394072
[32,23] 4066703872550353302847589069339726507551391426313544848396
[32,24] 661314642685922727724157347658386338421045616864994515492
[32,25] 75013514421821331571518579604825428455791990182756174832
[32,26] 6019281107070762593364148717005820680283498971755651352
[32,27] 316368589894104382373162717903946850699723182637347284
[32,28] 5181004145672189587608890268781196632107103551357278
[32,29] -1053518007434867997475038191090666234950860370144584
[32,30] -149722605384950505593867634026617450853160257078520
[32,31] -11511134204094825347805261704144580176293893890604
[32,32] -557460252936427829181822722136894831159012850764
[31,1] -9956457231788768057849665991915707238662280968
[31,2] -60687844060610798443371036939973920558501282902092512
[31,3] -3643944415763524281683226681749353475060202668347789090755
[31,4] 2669580128570752460303547300467847959558638050946882562109820
[31,5] -414114621571654779655941779986732098864107774031918859847384636
[31,6] 4463754880818338900853689783068389853312377818627280550964232016
[31,7] -22409999228829392162060901780792243329064442121544131689453420098
[31,8] 39330069217333593067999621783604408375382836989286366813704514508
[31,9] -87704531058444018619326949832206269760999407925276103738496034986
[31,10] 6504194044935613564577291700363092616533879945039921940069863860
[31,11] 80530240189461146352355186542296948862963347788069993943822260662
[31,12] 18672176555735079967449616796006453105049846841926134264168900544
[31,13] -26548521492869946897379082904334801545092550140242313860097718820
[31,14] -20240086389629519051301206548980127162680090924925455523562565444
[31,15] -6286369162493752262208969400821449848237896152611821748228837719
[31,16] -1121860532786267589588197489233138275104578648905667451676522976
[31,17] -330481311905838448310271768722751373257738895507844199913225556
[31,18] -197945973706793173867830409861991852170514469582036315924982760
[31,19] -81197638532068187584045487016329627025469222159216664369640839
[31,20] -20305073065516640227697372119903562555048513187524040271747004
[31,21] -3044990137387013645047560700686004511111313682129420095890744
[31,22] -193207615264792766298661497735934028903418601334244964816048
[31,23] 26064858667914836491409609632647956870967798911849118472104
[31,24] 9132786611160675199098502747417450850048594767046371303932
[31,25] 1419590425115967594888595291977358869005732059996088490798
[31,26] 155453599255649748005778140936304862791596552727442113092
[31,27] 13628168971943210858518996509917614858492475483218935566
[31,28] 987170560901280384611523422541461841436146769064781552
[31,29] 52544066908931250022321123494482288228108116752227660
[31,30] 1068990864020654654841723075467484001027313606059772
[31,31] -110154644859838471884812117237992316591378135504446
[30,1] -537656371276280661044996166338278507283822127336
[30,2] -1462816050212497724322887079573816674774510322697393987
[30,3] -87152153471160100478008897946059928300916436219153427713032
[30,4] 103695964070555466810767082334699509657549545114861946802923016
[30,5] -11945635312370923920055709795782376550067451456155855460889907564
[30,6] 97739542432841584989990215212322043916679547209145777869325752370
[30,7] -569184746520612206213663561567412801722495767021147428816530966968
[30,8] 1354861449557382741749871875883211840879614467978274635039269398592
[30,9] -2168436382963218946628303159441734118573890626811906568969553761940
[30,10] 169874051001806124516389441489715261070962569388112066455061897668
[30,11] 1962994398498702943608408185722362097122053418081186578476247116144
[30,12] 187695697844430911516287363021654912610442074328088371428509174476
[30,13] -991764233091846433513759120900026230971324455321347320654565706756
[30,14] -682347854202765959385115818689422006438013813939356461072661740358
[30,15] -199308124341997949382854156797670804392705800765618800369543600016
[30,16] -26975389094776740065740498042784394858698988476957326726346775940
[30,17] -5430232258059246460435847549514717472631199118345948363505823184
[30,18] -4711652117450440372462396117958408734692971873308477305327615711
[30,19] -2320080457861199643206390529387304274570353876333589580453426440
[30,20] -658854212494951495692990160189092993945636029945444808744649432
[30,21] -121267223982792950475501963330037589861819960366315073668355468
[30,22] -15058723979389796648677672607462665193205363967308373794037402
[30,23] -1229517768241501375075319474165873396710499601349953111585552
[30,24] -52867872788158551341983232342137344663814857159887287303440
[30,25] 1888904883876797740116128887871247629916579417933632811036
[30,26] 754001046026098217707412004032449853230101028323729713818
[30,27] 126444009090831582850323073269248076783601917943562436864
[30,28] 16271076926931264044646934226764581705993361963744545384
[30,29] 1480357564907508246773935071446633733692191414658074828
[30,30] 79382973907676924199396029663095930499290646048429184
[29,1] -24324895230128946242176211982322528385059864165248
[29,2] -13131340554128638367421905770110297709277156810281051464
[29,3] -1902996869709494644689808485645153010888194074509059355334846
[29,4] 2452068289862238510545852196646415748108925157730459146332554808
[29,5] -251024108680620774546116820165650262790162367348947577242599584643
[29,6] 1090479105012372385493133269883575542762926558461900499369283621692
[29,7] -11094160180231706153555402396851124173211284139470200247811866539940
[29,8] 35794313857304976942046500577455015819110886165391671910008873556440
[29,9] -48039346949630479270662052922228953480864881842125623804626105429073
[29,10] -2032467482443601562821360565968042489981944972454048786570762614296
[29,11] 43695661698711822115207468369877558569895113376844698942818265615520
[29,12] 10649100205988697808042706891351256912277054064607815689157960637332
[29,13] -15093572359147499181563735531372301085619188662420984017497439363319
[29,14] -9766098092757899519759853683085869415242584237515321218107636400784
[29,15] -952458659405533042278600917674838855152465928395153773713122780348
[29,16] 1073539452999373377883349919710135257585433983513528188679342230656
[29,17] 462990310770976396834817706794672921367054066890135182479007210770
[29,18] 49016360473296100262432551583983903750395238241774383836062797408
[29,19] -18817989216886436524186080435861957649045721198464697627838118802
[29,20] -8712129696154960164931028981448557515478550370155184333220028360
[29,21] -1807916573137194258792265511941243943190450948625535822206408893
[29,22] -240801581603877048462361362808246950481097245313820767879658268
[29,23] -24054866125588034486363193818831190324993916157624462896026648
[29,24] -2260949183565473355589552224019801802761159539664593174338056
[29,25] -241407988318049627143728793940803838415593817511059575937795
[29,26] -24619699004643551221717647320165804297970981917528891384232
[29,27] -1584730479587610237009581481564997505101744997997450954276
[29,28] 18298663041306394125176700756485488644990655757480577612
[29,29] 15567118530444718043783670100963629339160014798010230642
[28,1] -933470846996984325084951179307516544253682217680096
[28,2] 410440881650138008537689826832996343951699338296471063460
[28,3] -39006168266149039932787566499716772431096360876961866125237284
[28,4] 40027502755405415723375250364043666261629068124566956078967305140
[28,5] -4057781822183793115275726622068607129586683328440592444202163090496
[28,6] -7364411374474454330591893163679969164462399476252901471036406015536
[28,7] -176261313940365234516104389060869264540781466873632341694471121610852
[28,8] 765047290510838818212046184460613556991222909522635050139649323176243
[28,9] -915730107125953492319925928086677103730144419556292379294284715801992
[28,10] -274625731329827252326471396042810397538977485941301871714655553115840
[28,11] 721636372171707760374468735708035719688836079849657960334507145704084
[28,12] 307565306534474623788731267975419675136190056093064337621096048386774
[28,13] -131985769821771595647461846410789484927778573465102870022291251603424
[28,14] -64767909216558952897842935800725332055736271333174541469958609031940
[28,15] 52603433196969295516284146065796627621686265192162881245287769302144
[28,16] 50783478613605603392891304150492274362347171229635690475565497587010
[28,17] 18378281183356688102235086025253980682148262786941542716152370300840
[28,18] 3308028826016853743182097795760146282949123856014519210329465784900
[28,19] 165621652459341206210639208908857736963952677102139138616894825556
[28,20] -55408649056263832117113660690771328251137119692949959471963118512
[28,21] -13385109655321239356455759170870455198828934028013951432358066552
[28,22] -1314725001099253591229807297999631272207896058880881521711226128
[28,23] -67382280458698155774138588856809241638118780181441857714187164
[28,24] -8257037281604877707452019238335254421289846449103211524956170
[28,25] -2520137788982751907680940670903399418708044850501851542998440
[28,26] -463786407739228065262586661713593421304187204680777356500860
[28,27] -51093394156022771483287502403043954745696810522827917079932
[28,28] -2960002776269458948787314142530352643310912485630983685480
[27,1] -30695488972241254353639992900079425982727841053920464
[27,2] 21171174769049991283661786640590290157383462174989389055456
[27,3] -700981115379414997746614919363862412457383766482283492650417553
[27,4] 446566606207148191615229655412004142594517653976937038585314619212
[27,5] -54894386146627821103415123599692902801249794343935708631291242643238
[27,6] -604490922072584446570732830567290425014551702291253611055072887161800
[27,7] -2500235369105546389953332272181974288815757720407065199370250492863081
[27,8] 13735056090423619178928460703781747389778203928519173182639786439285184
[27,9] -13971295573136720823499245125157978662993298314587834385403544597988730
[27,10] -9348928718024584908142578634277180716667120784781140494394580114421844
[27,11] 7332968279720713515882285280908798233358899693014533084527850087204037
[27,12] 3905925995845118351754390908535002510264094705215985936474098075119824
[27,13] -1905158997356089392657503002604685839307586442562515751503962598454356
[27,14] -638861394928412286823817028352856995937587945074282479018096591774416
[27,15] 1111639736161114328800397314014009684202296814603214573132096313058770
[27,16] 900535777984477717009519215237445053425264876560135593091466144741160
[27,17] 299988578291654600818125914546065378136735217206082883242468009098436
[27,18] 47959000732887530561347569886589567464804705261064271628371217524408
[27,19] 1076612629674945243048645806570959328746203772753694678596132216864
[27,20] -980108046348227980941008168735189167703382499162915312348142739152
[27,21] -163056830071478255731818548600697548754616405758620018462768625420
[27,22] -4592444260328627027410374741986525661211189962910613993706909672
[27,23] 1687905859368210375488867871821503462977436995123642941700282744
[27,24] 226049448002131405252171998151227591819089328169173899700228504
[27,25] 1935664944827327458926290981045603422141636635791380892494628
[27,26] -3263117704998236620419001616441106414937946282615207176093000
[27,27] -578472040101173119687016406520518089988540136402870764455463
[26,1] -872238722654150202342648452012545624467375662239936952
[26,2] 531553911309185163100611250182185048068744126958425260202296
[26,3] -10372953038665853848934952293296310175550013361752086282892324112
[26,4] 2701948468130281948881756225285719145545920750700989935501331611900
[26,5] -692909880060625955089414682827013547763045940356916593412181421422024
[26,6] -14483616548630907398748477878593883634541233769789463734178055611493589
[26,7] -35313816680128328633136129409931715830630497702446083297332970435042704
[26,8] 208805324056452274868165458727470555689937613129810040084550337302082232
[26,9] -154478273736932389617902608189734842712861877447380248072688207118789128
[26,10] -180907633087889109651622111306063996693361163428641415442577996593595194
[26,11] 30268856429645771252110106037330437452564216567706464120642689423632280
[26,12] 8975694634215461793226717497697218997664612783105761320130448692818124
[26,13] -55914838211373854779815688115538204077837265253288634267952170451707240
[26,14] -27161736838330416109611593603202752632166778948220583278229944378388511
[26,15] 5766725793322812899774927261304122292330249383906514483928952052253792
[26,16] 7942577211266465837380216807620111225360846378290860624001047349544900
[26,17] 2349991035911488997506030924442888805775430557792149309790189658695992
[26,18] 116999252834549170168195804297915646695445486850927913972652965203538
[26,19] -103683378816229184547739188158347766693174613215195145605299454489372
[26,20] -31427767831020002251803725521195034453015575053663208957023971485836
[26,21] -4115248419267183552504332385797951834393404869648104076485084957744
[26,22] -208712501334635090115065833808631046149673934835335602923377521812
[26,23] 12457993669672679162465935906780492578341044515664074513137631012
[26,24] 2662071085603131154143684769411798635285432764023339716843331268
[26,25] 175230832943907349363553270135925094407294217459088151993751736
[26,26] -4001075995276775734568464169794061477451777025716657974999070
[25,1] -21568598966607463818705008200088672423204123293124169947
[25,2] 9299182300733337110985824455071941732497359421792748470285524
[25,3] -124062602741172535747653677361506373940057410059547453420494957550
[25,4] -11103708171842323888502567978110410057124003018120043296041849359448
[25,5] -8682032107873603457093727568770767776812476136632425640680047792854151
[25,6] -229095768472555725384689610034134162330313664034047883724241520743530824
[25,7] -516109452245160969270924598335831990065085138501629506677158209687221818
[25,8] 2632943121869731905371972162808724280664665237423748425686051374718057644
[25,9] -997895382746845075560477681849152014159613102590503467810175697520926812
[25,10] -2187494374855429000053510936330221518209914314214068641865836086888902164
[25,11] -117878905360049896388059366704634154143109102930730974475982466572015138
[25,12] -372659422510574443306084161087828621790251337350809928867176568256238752
[25,13] -1123879834965339832866315911240934944544730845691791200725422477817601639
[25,14] -655365305034376376653436323179920592398025079235445923802387166542183560
[25,15] -108481963055496146161064440682737449317176422610630487349658815107888402
[25,16] 19485221790189033569475492288918203896072068508389567519139059331837844
[25,17] 2584946923849543528559798581576873348319635258381620923309313452690464
[25,18] -5080485561995230042839220219759040567965556047544562134659673269979228
[25,19] -2387856391065830365818812613379316286955050893141255580315820846990092
[25,20] -502083634913909970352794915977877374287139163852778371277228585629856
[25,21] -55070543751649200696609430386371865081335623299301800665139993236437
[25,22] -2239117450038580235856410019112740658348518557614507416689029169712
[25,23] 153603687105634263278230486396883094591792968548490965053107961936
[25,24] 23158963747528029743446186806074358496855988386014114562127380980
[25,25] 1767666330741008761685546172258005142267364603522665195612078085
[24,1] -466819120407395821259476673124781593328196926599994212516
[24,2] 121888107996011005446675485713383250403594146554187514846946172
[24,3] -1223889739624946348800379228054249548996999433373830796648520129872
[24,4] -522395010440393675244873427981670054255065429890414322168926039302882
[24,5] -103394153386562611886582316301549819872531721602094379465062750644857212
[24,6] -2728040701911297969828146635148320830664553446829963980988169220190411076
[24,7] -7311143986184273351575525847691353291339026199633794609192896006718884664
[24,8] 26247709191806522781600063428366451237109128522581712766362881313791531582
[24,9] 478807254252295160775454854748536098753275395379321671297434895138970944
[24,10] -15344740337960198227261093418464819602910154984011108836512626123742090236
[24,11] 1834150455127660668719125621516639467704089215480043241605702668748521704
[24,12] -3562812050860876355337933318997643134831943685066363182930110349290418397
[24,13] -13771369048918160034971318758803215469627296332311254363163878050389494396
[24,14] -9119390378731306414451191329644232596898502471088337959529209060373519832
[24,15] -2460961005241666715173973479360897664875624869968627863167226482778061640
[24,16] -319419835488198795652568948263819243873483518743037619313932457561096112
[24,17] -115308731544822673729728670043526270391135247644017823582446645118493648
[24,18] -75458070562279025406580744976389277721690395703845364705814555537492236
[24,19] -24602098110781588547286950882915991340069819028786140192584200695862944
[24,20] -4034601304177792214997785325691569185732309500381649397304276733022028
[24,21] -237115126512645567823852708990897997644939102603032590303466826000308
[24,22] 28888275031115743872541078031822143448205623594416473789537322163768
[24,23] 6478407129982693937221753265376407973990903605439513720190880471008
[24,24] 484124873841890540112028954598689837046408036049034596913570920930
[23,1] -8885475582861937732720232263677604902666991195157499345666
[23,2] 1192188881819497283026266105108415098773116266608175329837247576
[23,3] -10576509830331473178655491705970320864278364469592758137110743869966
[23,4] -7651881062152476496614891756460306053404810444028212082823882150446416
[23,5] -1076115378905078001502562266432807131789307078431383519770982554312095246
[23,6] -25789371124385805894501075270699866228982954340221206193301039008698432352
[23,7] -92334793180015975018536425841603306944730356349300896958761035845606774541
[23,8] 187052329321216727783477922823589217871128861756620639432457775328127114588
[23,9] 79168806781456548625485650389184370138760117472995235624308482514720990886
[23,10] -28277098381142021242007967589656255952670788594276687164570151681849559944
[23,11] 120401798961510375228985572250038378336146540272938844159419137705456150949
[23,12] 37625194016948738536742923213174405425490915288664317775560932682520314664
[23,13] -101193945820902434620690790669384562568895365339764653641930199039383673144
[23,14] -82246229285477783172830017265430610938761502823245600934259852239391488332
[23,15] -25023892524239627311272066348226052454900759820628937517672578990853478493
[23,16] -3780962182779171262203440329275665379032547647967813906329251506434771448
[23,17] -939990177052887920121043300791849829758161410533698441054187034589841420
[23,18] -484154861278364877768582200856743235364549689509229796494393760193623856
[23,19] -132224375547709730872559242357678848060286831541623623397001123760685237
[23,20] -11618641199119632823368782740554001884602016027548596924869874474015092
[23,21] 2512083755911897228171436310701064901190685795904936533440015907213016
[23,22] 862117809460861712231718053832888645572416233023855822895514611950480
[23,23] 109065006652195944239115641984591002586286620916938644707064522177647
[22,1] -149310623684777818891889928512770697630801250185978183478912
[22,2] 7812530533945894573694028159505272390396823331310418760330328528
[22,3] -87855237727815747296443770132676858778665807695571642047217578403512
[22,4] -76827353903300441864237691342468835841460547685873165061894464056277348
[22,5] -9254362741274296943259911572029731135178841122980726827805908803139689616
[22,6] -199139840340548615397921004721442508923412344985614544849283431692597177100
[22,7] -988101004472048343777645400740966552538558529752228344651715420205039245532
[22,8] 643628215773287241415547114163354551165732818725271528301258285907112267996
[22,9] 596302314510783388986328908685104149545228233041331901513289238238538397880
[22,10] 506630029853098172363519800887469426061415812802587419117170278162720861888
[22,11] 2063981149400093869070603109680021592358648392563945625386806789566228066620
[22,12] 1260250144981419229302158543475050658787213773256921305866185288134663458072
[22,13] -314621907917038976138199055097429750113501250876495404601401160976462085552
[22,14] -500445528473846792124147247210175224862571893065049995853896419505358216602
[22,15] -163317188622280721700127214002460590714123312605928686520174588762989165532
[22,16] -18197486330549809662942417603498689230730498730926287790058997823503187728
[22,17] -1297251835954949741395875430425954590795520526359476452615243742618708328
[22,18] -1203186036406405702130421633805830063474686449212677519068289661119339412
[22,19] -263429928879588926168270782338594825714044859784789183066047592787447088
[22,20] 69360748349708901037971128354404966419141702250193953568679110515206968
[22,21] 42243772663582223899354184637811543633048395418168935321880215985573520
[22,22] 8614291630467133254261817598135271508075861959078454046555848573938668
[21,1] -2221778774115898649368335683381644558203436103738034949553611
[21,2] 13055865199866770626487485591480146901461435085247347355915557108
[21,3] -745473880819591524296323339485725901849827470811220090358875485431230
[21,4] -602215695555071651895655650447423519323894023383196266280632886929566192
[21,5] -64072913916231549108587571563654874501638922244067999400571377400245712910
[21,6] -1270897113953902055213844538217593714792242925858901979661094639936850436956
[21,7] -8725115391155836198198803555869018567210599409101218003847053158343197104654
[21,8] -4485540603688625006125715297625074774038856831106875823679022125646652466484
[21,9] -3087396094866726663944554387952106174848267294647581764304302297951573472237
[21,10] 3166643430654367590497460281986960275417205176312427920888852587962140247492
[21,11] 20150194969352463613582945923406915276625417906888320033155274835693778267074
[21,12] 15900084399251320539828697205647016257676054015118408150612510612448384819404
[21,13] 2079774143839881042609391272560641292406023661139200853712674706232934120104
[21,14] -2002163452676968841444553816286548012518797891663020853767834566040498232848
[21,15] -799413695812714158923964006224611192287264906399062379010302561158314727448
[21,16] -45700217308271388439305546140453793921226277546313058502347053550392710236
[21,17] 23362789767766116216529470992223084438686776032388778461450112722608359544
[21,18] 3519074863881213794914676699285860429409538556482293848453106091384821988
[21,19] 885494689030247506580606386211238060585862696881309263829121832076614736
[21,20] 762178120435333959020202049918269021732055818276353349666736896533620192
[21,21] 261865080971922462118116656405002997209674176821569685941661917748530447
[20,1] -29343551950580692089388083380848882435492218562345161065283952
[20,2] -486983993774881491725390291819205332892695700747163901396232964248
[20,3] -6220788653228865437593904147891382158445436282803042411762508348179296
[20,4] -3849676204538577089442884451618459276572053180321288540737813827453588546
[20,5] -353160035258099678551070249518018932629039652394716747734416378762203555996
[20,6] -6640823159563799245894107626800520850815141754606223544080265955478491895340
[20,7] -62431179529448485065603713431131895052042506194013219522639911774623236144984
[20,8] -94887842272718419466435821542442258901733568665457675778060199728703871377870
[20,9] -111314955994008983514915832864594297130252114023704735550111614286637069487204
[20,10] -37489922707846327880536799000015512304148129469990209388981976048326299946712
[20,11] 122357156535114382775617980315947802554621082473860678154644495303101885746832
[20,12] 126695473575768364906132005590224578975776997836650684333774107905320686400292
[20,13] 35707561324532905051700800326983699651563527102643781134568512259744902708668
[20,14] -4218447384101022187951498612732491099740207419478342891417739703878672583440
[20,15] -3681760394702544675211244443858587485667988869398179286293571055930340747144
[20,16] -274405546690181881149733380748626436889915230374913418639700038504659388170
[20,17] 153311951239825805571614590317597924325097057847720097572537495930338287896
[20,18] 36846490445310794609373342113838164748965527498422305288018565201971500868
[20,19] 6541834051164953336259367736146369128914661036480445128451457912043364020
[20,20] 2790883556848604427528364629499481771294970092623510693321950558548184930
[19,1] -344530593495390334238450936846871243997982683538767025272703686
[19,2] -8456799345332178576641466256003568059006226625035750605124418341896
[19,3] -46804037390445245374273295416723371502606407300143378980479719983502047
[19,4] -20145926387510984572438242787097230803528657535571172175930881366960817556
[19,5] -1544226193296012130710708738545329126486162950780424247151671954625108798402
[19,6] -27223431509472803748959612096968933062186041520008968241595298058553763333008
[19,7] -355079470917412412079713130675209794245441953230692878661232689249769630030914
[19,8] -866627480597801499046448893549745046379408127375676186580553816274372833273924
[19,9] -1287007092887485466869837187312807800610792718234570327029402995995655213325510
[19,10] -820453555164010495519829286918863377072059050847322234200031713454211456081428
[19,11] 386342113488254131130143735599355939691141340881315273064115532877373818369856
[19,12] 704187891692704000803386099596513559462774009821961094593941329025369409225968
[19,13] 271966881699778827589241476096287281568319040161744590240855819366098343181998
[19,14] 7385280073752708616142780560957746911240555111361446899306643689716263308764
[19,15] -19262490490244622910972602109532849094717386334143469257771018118528621477795
[19,16] -4103826644187486934786890017845602639829405505206368052388650081260066699560
[19,17] 64327818717457123768165851264594134430350215257988825187017845445872603428
[19,18] 118845593977106623338103683316889701436205508524731591386771068237948215864
[19,19] 24466777359324157418947009420769267845457457806738705285433617758923090085
[18,1] -3599636341253299486149580693158416093424637872492447502983049612
[18,2] -88732940381934487944126094617069127606340864631207971112970688718680
[18,3] -297853641106024445901939146217363237703576255305867758546843891947427388
[18,4] -83774160616743338739459250926460119960755576372183502597105899712218058120
[18,5] -5402806554354355278791105976309479320659502766112794691813968215770387310628
[18,6] -77809882797082620325321145732746158491434670321551774987388086176925729150719
[18,7] -1561079627308872379425563182727792417851492149650523902657508321532715870989004
[18,8] -5289426744434376948892862356083516241279658574470155295988256738465227958916984
[18,9] -9456124763439475791869685648821116355099367342539991589875732108088246832241936
[18,10] -7760977558361567884205603898060414101700319267047913815698868936044164592195736
[18,11] -598122945215193561121836265204693368070339174106908267887447748694869288561940
[18,12] 2768788268930668147574074091870862356057266098042252568686013398372317916284952
[18,13] 1459317606428985583809728566183801311015733786699199397760986555117749792456708
[18,14] 144452448859915029216047558137880179723447275156244261436674910608778123893018
[18,15] -96258617378132996593822158072605794134109349398571777088890576204362323043368
[18,16] -37006568551541345261971225457660068917046399364460215580336165652471302820860
[18,17] -5313705242401465625111569602201536038496064532240046339582547294787695757000
[18,18] -132967480754730306598259085148205919074718695889259539942319942592545271070
[17,1] -33475834296729635234493390643172906342171277533456845073951165263
[17,2] -708108230470540442719233739214169327634227572741678302581112050302028
[17,3] -1550986116443908076820273946032663751384379143150575242509743870583223060
[17,4] -256311157158104969368642643224634000261487637868034028704146685222727933464
[17,5] -15734537273071334121347911501043693690543981687259449435367307954196438411652
[17,6] -87804099253550688490440282923449373572794117789729052832066841132358190407092
[17,7] -5046164633416220033656044185904913378972763038685482626381267977300588344865480
[17,8] -23196845724547575627568957708943987878713124329165387664628093604562097516298444
[17,9] -49463327642852317896415515800787604366549983540527689163108722332364823686953425
[17,10] -48059346899667089765925402139663560459274936177213684409354422509387649382531604
[17,11] -15040778298026715032273479932490999154438123051628495909653678667327848185115076
[17,12] 7130739304909682454189077363555791459210042661947919293745039343264993113565716
[17,13] 6268774244850646985489334180097397432004959410785437167031511551949156839804366
[17,14] 1186990649153535382298101720133687266201974749131970549379360903428318721044736
[17,15] -303604616685709937963131328076084241660161469507525987258447628762673118928676
[17,16] -199766027914764866088459374277386450665918284047058549393342949349899333732668
[17,17] -46157595069475693855178624452914760358578367833721644264724959203148018811463
[16,1] -277000232297128964345566372691743867507527805369027563544298730184
[16,2] -4572671450233602028405297052956280365523459667434515772459531595071828
[16,3] -6484545934758079294721642030073091057881965659056194250666181407284980328
[16,4] -453700381325415111436555971142554896194264785360216382722711615629548667047
[16,5] -42108821022171118280657904195444143079847845481465811152211637662772253535512
[16,6] 466461175279992235035702114105078891775857215967662841529688029292613484005560
[16,7] -10646546301896395492668142983255997386376445586161795642091089358552647241624636
[16,8] -73424297301606440756329262445771500787872180275556102969505197850602353403866930
[16,9] -190436469038720409509959016164648562075679897059230204224613161205211988259978096
[16,10] -214304975979324411890826518234875276621984811226147426563885916309926988659600556
[16,11] -98850268758189442168955024971957521058633825213316701686173148244126545594640900
[16,12] 5722044358852847392452700915766693010056418908814821699553523087215227438934878
[16,13] 22250173197107504490345617230396731911559092369856735143204258798508814633982448
[16,14] 7484476321472143068225556529723073241314396176274436951472696886245980315636584
[16,15] 171778339505505431415095036934458316468636465202865159074332430932664514530188
[16,16] -567080976767598176294513003753925244647582692505380127897261121093651926597480
[15,1] -2037187895327714911507985072100067918070341070253862425195729817976
[15,2] -24427334592836486995099487543458931171346017134603346131913698921222176
[15,3] -21401297391364980213744650777296266391934218865014417469058515083127496093
[15,4] 309773173351818031029842742881902473161642017152734931137890868041817618260
[15,5] -118532492748713868026063148227577111654545015863673994786995694861686417432344
[15,6] 3154331255287154506871724960377124814105105286480234817334928717278283316117672
[15,7] -8207886880735713415540206786103508587687093165923886320196677838974197099551974
[15,8] -162486552827434850996134040202032269608626211511949006390730171158805084904069700
[15,9] -542093312540047768623726132241854825213373642262016363844213091292189246444995022
[15,10] -711350749756789009605931860476673080390044928768580343556996760270421472235503268
[15,11] -421814668657838027284978044664261799340787265756154343885916823705148894966779110
[15,12] -57013187693543657348592737348037101853018885481399836221715641409499517734191816
[15,13] 58031121611547893047999961821697158679932797153629326553002746552338179568099660
[15,14] 33366282907350880247255784456098430099222748078361501544100293306046302473196172
[15,15] 7160664936800707933252438180147955851046240502605692682362978846225045621336242
[14,1] -13291566822234429723745276970469404937542987395208493600702655752800
[14,2] -108472478042761366658418908194341295095943741226496371691391631802240648
[14,3] -54657140096964114916880895417485693252106586802778155473954893763372750272
[14,4] 5352827525613636702860775526985816088918455931045911298507079377331290637312
[14,5] -364752800333849480766343877175448699949896807468450145796239645829678480149436
[14,6] 9933442685620725791741412150269747862274100910510094490166104488617841407512562
[14,7] 29191064728430619094600248950054168584777357379451756769727801207721862151879472
[14,8] -233412284783890517552797154727485086568519637090781414713178530185550518826104472
[14,9] -1125753376934245406286339281325538539344202318302047181284121431643599825503845380
[14,10] -1765840376280212442735372397327531113499912490004786370064011152527208663811638699
[14,11] -1323148089236529682597222674308761595872833586506157085308444077446307107757823344
[14,12] -397024051021745912004577251641622508569885448426132815873429363509807147380310520
[14,13] 57850531593178211691674272238414887139574639254556064157588017074000268342266428
[14,14] 87672753247421462438210527462675367249667921131297498732513175151892101180281984
[13,1] -76724186438149961384846395474532005965300007658267807860000644582350
[13,2] -397368316419720086589675711819491875324007509030621252182575343867980496
[13,3] -106726356572890661450730422062844448278270977618295531015449800433816628166
[13,4] 20964854156220836893074576965901281338716059522665925660667251549204918347144
[13,5] -1104848472089984213463224473767057616961980480947588414445632132593664399431637
[13,6] 18839608428540789383969519172650395532143619838116034845308052606453312538141444
[13,7] 116213244350767245923479907333782661924731920780044181286001529287372120683667316
[13,8] -189695663066126524068346716065846587718849184108941706786253954243246120520615320
[13,9] -1651464213998148724332408879730550832003497428324869942116477020999488579377559331
[13,10] -3192665885842565634295185012523667728130524875587354905392889231975618805296462352
[13,11] -3085912362731122813587047087757559567431110059702769541478467744703467112397966100
[13,12] -1495697052351589647954044914333401570047105213696556741149321681196759919578473196
[13,13] -292100469589549200500967073102623659587204390728119434279846512673633922890098046
[12,1] -390375202613368287513372702227756329704332930350543073907005991864496
[12,2] -1173272801534428346983916579022357617504647152198316562117388582335054488
[12,3] -172756680105139379716013438442950762122119135995695162989391532983264918116
[12,4] 55324524982656136067670555363803551489989208327264536780803652589371934025870
[12,5] -2839012873854624489219730448736450593706319678774291130711273841860082945637864
[12,6] 20191740124849081526748093266984628674044857231155649942531403789413065146761504
[12,7] 193203697933340177547040627489476863228677923865606259560670186382822467403484468
[12,8] -103546709243834900017021133035757214096358942963414405603694711689117349875594197
[12,9] -1631103157641396942497443920470942636932087335070041471922282702487913162481402968
[12,10] -3878553012390628019791641323159664155754619676638573452405249519610063662609806104
[12,11] -5030859776715304130863806765485086773842029151378113038125943660813791335951182916
[12,12] -3549241149873452587516836937506905207079652653109132734709255433723442633779986764
[11,1] -1742168605316383637165083100125562269640701886025334349265824601192724
[11,2] -2640815447910748580237214947582417987647820200409394802636932647758286136
[11,3] -345643448764038881575018787848619067940045782179279005738837484136826646196
[11,4] 120498322706585597309394216766276425259382118553339042569666157225689788693192
[11,5] -5361989414060993641364074495862913692216950042626166236512775186909026093748624
[11,6] 9045265080568783259840622208805532766412331308855553085830270479119990060237744
[11,7] 164614178052270972817420606996687740319176647185001626211947372170417402353236822
[11,8] -239941590741065500755553979826828568421909093260241090834888501355781341576718080
[11,9] -1172135310290662981253477514615069807615988932236942732622995013786463973756193360
[11,10] -2672444418566523608246573396703657718301724807546474465272594626381236050452721392
[11,11] -5031110742959084327443434724934187999016017229609127578122077340297242083366767765
[10,1] -6776112258968140587720692865664249533301336976093597639178488860082344
[10,2] -3820693265915659077174602192423321512418304135585740322060988301570049562
[10,3] -1076755360514091486902584767578011468848487139877497104642884223688448701044
[10,4] 231384099084316103020551325324903653846627621534381571487744463193926232994128
[10,5] -6427115767992205931503718129924414524269784455827844590021356222421990381526744
[10,6] 6450370228598728132840263154200088145254045504374906600053111320128892105962201
[10,7] 48503401306251623282618356965190047703962314111792094815721482502677795587240484
[10,8] -491037949746725708645632799245736945072602458521439472481723435349488965387735064
[10,9] -1228640922145894818181635361321087907905351711384384768315003614882766143182003816
[10,10] -1066785063335373504311697243108280997230811599762963107170720579671599119329498350
[9,1] -22780409915253234407007814519349424655375862935113414304801707359179963
[9,2] -254264269257219675668684541933245386305854619006575749030668844497642932
[9,3] -3228634389764731215974271574505427078103830664887069347379415677092372127876
[9,4] 361544734209910531642746717660640167787145397042367194842292442256102290903296
[9,5] -4141583090878830721912822441246281594885913420885962755200209475381326361460555
[9,6] 22923196986191760572898348347531717733660523894992286166079266010457340935917912
[9,7] -72853096994469323879696298482305564317199750410702558301883472118139946271156116
[9,8] -321352035860742295499275015056788355628606052118609897652588698526682253289629500
[9,9] -1493849991308875066842156579070838594409713192529100925586026217741114481978703019
[8,1] -65487872854424370173569567229208562160008407601862001426601523269467316
[8,2] 17074226735632225005720454973286472148231892072126711036695326403498128512
[8,3] -7066253831215798447860823415833837187040247040303205881417812636942511593712
[8,4] 390072190472728378026728566770203120153163915933087077487665806384905042250839
[8,5] -1783090635290553124488638738642524646380991741660408868045769430393746219430388
[8,6] 18105088072621816709220336924011590960737552314597361788355653514155827574660776
[8,7] -91499441859793172395917219915402681688075985359285762124460295041840377241087048
[8,8] 161227755358309970157455938514472993231351003906663797245440969498028683726235398
[7,1] -158714690233940184509617075637654679311280315076848040078450892541649282
[7,2] 55148990770642219554397905449133790884250051614975221267234773066496728184
[7,3] -10490065437292903464619175225614685817607075926311373088655311541932290995617
[7,4] 236076866649435038553226679744592328917422882049409512276357888430525368058380
[7,5] -2010760323164701193035422788369832956309288133186009304144241208707821446098304
[7,6] 6688729253876903459800587523484932297544506603484979039167757978970113911760144
[7,7] -86810106284276768333494353370858243047432087359092067619820404456327824561388647
[6,1] -318135946243743909613191696516048372992331335714045211458088145273413824
[6,2] 102814307036611639474129872311405612104122162869402818570454973002479903997
[6,3] -9814973002722194079333550761414700376639686813973065592077589617204847725848
[6,4] 63449372514998253973051059707455144462810973547242794810545881669708288763504
[6,5] -1001837291032458559478033312890440666695947326030098035495190216314723895840784
[6,6] 933392345348125629176784787038559913694346449368535374962705670930813626541268
[5,1] -513468663761320078526556169416652186404763580800376722638195083799641255
[5,2] 124849166647303912581594195215591777262000370494000689737223703837628496148
[5,3] -4880693672812161161238376953351259991420567175506332833760377586964264041640
[5,4] 20866935211760116846717065147142984453464976628398080668132401542448372206912
[5,5] -22871823429418569419242701139320596439123808364306482404908484229264420156353
[4,1] -641445075609212777230610265309079846225049516900015213199749399185167824
[4,2] 94367610614004679933428101746116416162527966275114299673960370776494334580
[4,3] -739541252920848324702984986526335571706627205764344133477661324280511108052
[4,4] 2782502232735609203651066065253745821533836826595717770176578962362980139194
[3,1] -582181128406187683682129969057697469128169941969035546762816030782190362
[3,2] 36393897488624571973786080030752877202456380886546293502778683080831576016
[3,3] 28574849658258116108148652769996910431576736654365534859182477114571955707
[2,1] -341639225052732892220651119566792526793776373131529841812910006087752428
[2,2] 2687794311384255713286959318224459573040832486575607224875036884629154306
[1,1] -97327453648743672783790144527749033795901408624680013074608083129650401
