[62,0] 1
[61,0] 1171688
[61,1] -8801263
[61,2] -22369676
[61,3] 610097356
[61,4] -3992613297
[61,5] 14903260689
[61,6] -33642075657
[61,7] 28801270292
[61,8] 107947150376
[61,9] -566334351517
[61,10] 1455703190225
[61,11] -2395387240080
[61,12] 2058617117478
[61,13] 1704902943746
[61,14] -10454414456611
[61,15] 22545822274301
[61,16] -31014422088024
[61,17] 24764393646252
[61,18] 5245443383174
[61,19] -56913921171370
[61,20] 111251140437134
[61,21] -136720742074282
[61,22] 105006984291573
[61,23] -10736852635918
[61,24] -117906475538393
[61,25] 227481412455863
[61,26] -264785070830087
[61,27] 205693329632677
[61,28] -69813417627712
[61,29] -88424772737032
[61,30] 207035086152824
[61,31] -246006217485640
[61,32] 202883019887517
[61,33] -107975168551228
[61,34] 5020291851193
[61,35] 70113452191905
[61,36] -101852051753206
[61,37] 94950059189021
[61,38] -65851734095781
[61,39] 32191268453411
[61,40] -5787538021097
[61,41] -9169407164335
[61,42] 14137753110962
[61,43] -12979911874404
[61,44] 9400122278054
[61,45] -5770419460496
[61,46] 3088201285502
[61,47] -1458752403386
[61,48] 611066024105
[61,49] -227044118896
[61,50] 74597701296
[61,51] -21549465791
[61,52] 5428010336
[61,53] -1179224062
[61,54] 217916949
[61,55] -33663521
[61,56] 4251395
[61,57] -426146
[61,58] 32513
[61,59] -1769
[61,60] 61
[61,61] -1
[60,0] 557240531175
[60,1] -14856871917557
[60,2] 199068169193896
[60,3] -1786165291013313
[60,4] 12065029661979216
[60,5] -65394409596038949
[60,6] 296064621947457897
[60,7] -1150819599450282145
[60,8] 3918027118841056492
[60,9] -11860872912171120399
[60,10] 32304237755427081718
[60,11] -79904183509453543042
[60,12] 180866654324250526604
[60,13] -377015363026169158427
[60,14] 727532626806257874693
[60,15] -1305452424107370477557
[60,16] 2186331374610901173423
[60,17] -3428535457632670895640
[60,18] 5048120453177261505032
[60,19] -6995191672563485260442
[60,20] 9140973912896981211100
[60,21] -11283788547125254318728
[60,22] 13177146292346484004834
[60,23] -14575577754284791466759
[60,24] 15286619183767126743093
[60,25] -15213825594681913091958
[60,26] 14377700980487835409751
[60,27] -12908454716973822024659
[60,28] 11013691090777671549294
[60,29] -8931774283610933708132
[60,30] 6884853720013530916866
[60,31] -5043632605080197818262
[60,32] 3510400652816637180422
[60,33] -2320270201635611237669
[60,34] 1455533607000397949849
[60,35] -865895253423123400068
[60,36] 488029449842661723778
[60,37] -260287424050665736292
[60,38] 131184647949824731576
[60,39] -62376021692608268032
[60,40] 27927796932905416447
[60,41] -11747867871417931945
[60,42] 4631741325473033228
[60,43] -1706383522725612464
[60,44] 586037339987204072
[60,45] -186842902812025354
[60,46] 55342788633949872
[60,47] -15093793682186136
[60,48] 3859399534670626
[60,49] -878531528621205
[60,50] 196798542605585
[60,51] -27275440969245
[60,52] 4713506142134
[60,53] 2388128345549
[60,54] -368039451674
[60,55] 440939679801
[60,56] 1553268498
[60,57] 19997216237
[60,58] 5099440241
[60,59] 200591302
[60,60] 1208593
[59,0] -14700171040622
[59,1] 159347414668524
[59,2] -1130159701022768
[59,3] 12855795201189588
[59,4] -148104475344130945
[59,5] 1229547416876872034
[59,6] -7518530537146012909
[59,7] 35928339589293862960
[59,8] -140389752129143298862
[59,9] 463160991321384185346
[59,10] -1320026389060043261092
[59,11] 3305210023093002533981
[59,12] -7363313328927976924711
[59,13] 14736557839610867693962
[59,14] -26692372599247355403516
[59,15] 44005179884193431080558
[59,16] -66307250819622276129913
[59,17] 91574619454441659082582
[59,18] -116068867500706342079961
[59,19] 134931885260635397978303
[59,20] -143348536225789064054121
[59,21] 137892057797364304316203
[59,22] -117534483885602038234150
[59,23] 83938744900898271273751
[59,24] -40981630743025876686630
[59,25] -6213575151329967716335
[59,26] 52319393688391022343257
[59,27] -92611352315618688711182
[59,28] 123458418387772353364675
[59,29] -142589260563035094647189
[59,30] 149243729025706303686366
[59,31] -144219099815565574894554
[59,32] 129726110327341879012599
[59,33] -108980300415175948145365
[59,34] 85566002481183703334358
[59,35] -62737630641158000610440
[59,36] 42871271052897958846721
[59,37] -27218013400540765451824
[59,38] 15980867395148941055718
[59,39] -8618530599862826517952
[59,40] 4223915767404258010702
[59,41] -1847383544596924892743
[59,42] 695843819369683502517
[59,43] -206635863898567964478
[59,44] 32779583779623228421
[59,45] 12240252330069805413
[59,46] -15025147872427788574
[59,47] 9060727148377823711
[59,48] -4152732897737573261
[59,49] 1564602313517906632
[59,50] -493707308141024363
[59,51] 128381416753526697
[59,52] -26393552407398879
[59,53] 3681750131251005
[59,54] -145942623039257
[59,55] -95839630516192
[59,56] 28023182927352
[59,57] -4712967540743
[59,58] 353599066793
[59,59] -46645631829
[58,0] -3675759533685091
[58,1] 108622760485731326
[58,2] -1202391132948858096
[58,3] 7513752389492343350
[58,4] -28916615603853330035
[58,5] 54938932783495120220
[58,6] 116256437739634228976
[58,7] -1496162432892357337773
[58,8] 7481575268451723368421
[58,9] -26804357840101923048826
[58,10] 77337312640016134169144
[58,11] -188182905979070215610707
[58,12] 395142195269800666717055
[58,13] -724475333136185838049615
[58,14] 1164688825817603144645898
[58,15] -1636281515002881730274659
[58,16] 1980048939071002100392070
[58,17] -1986283842715196219149773
[58,18] 1472269189284213317153305
[58,19] -386036315901933189127394
[58,20] -1113923233503122517746858
[58,21] 2658706986669958268308549
[58,22] -3774580727834548194377046
[58,23] 4064486026359506913882327
[58,24] -3385837038235279865361805
[58,25] 1933837760055892625445932
[58,26] -180078196993618023016896
[58,27] -1311238667892529068030293
[58,28] 2103851028630583519422019
[58,29] -2044220071499531779662815
[58,30] 1285883825718733663747310
[58,31] -187222100940991220288152
[58,32] -854659262135642705562967
[58,33] 1551944722528269219841968
[58,34] -1798357216239093224174879
[58,35] 1654592343896601683092683
[58,36] -1276786376569535874869129
[58,37] 833619300311156855171134
[58,38] -448147321552036832311819
[58,39] 177619481413794367051406
[58,40] -24063729730299631012585
[58,41] -41171580378436199136163
[58,42] 54131266515679577619137
[58,43] -44032184609777613047183
[58,44] 28666389988537515129012
[58,45] -15971003185280879732094
[58,46] 7815469003523403008103
[58,47] -3397164415908220744062
[58,48] 1317378300869174304595
[58,49] -455876181470123593275
[58,50] 140456617117449061845
[58,51] -38350567337538268180
[58,52] 9220305594003710483
[58,53] -1932747410009484507
[58,54] 348292118549640354
[58,55] -52526029863113472
[58,56] 6318401219151096
[58,57] -533500880181245
[58,58] 24022647845527
[57,0] 528594236994856772
[57,1] -9954709926041706005
[57,2] 79884542459365743192
[57,3] -368753315978106018713
[57,4] 899399970484487650403
[57,5] 679456002022550140837
[57,6] -18272863643155359357680
[57,7] 102920081822365934540003
[57,8] -395080690007596855840670
[57,9] 1200459733894327017535887
[57,10] -3047527961996780660056695
[57,11] 6625580434442005511412727
[57,12] -12462926240854452210773663
[57,13] 20262799690221001666672131
[57,14] -28036369167883977133000194
[57,15] 31518619151655170017342116
[57,16] -24607747137984053483634221
[57,17] 1403933298116338528394736
[57,18] 40354485273120436287320688
[57,19] -95815387018934092771868981
[57,20] 151670755753200746553203345
[57,21] -188774827468178759530018827
[57,22] 188782307046262540515029780
[57,23] -142425996492207888274396336
[57,24] 55432776537902095370246007
[57,25] 51436338369932737119975738
[57,26] -149057490607151899120353796
[57,27] 210680308570126472667968957
[57,28] -221843157856675570725257840
[57,29] 184959680457368943263995867
[57,30] -116834370438689992973578832
[57,31] 40866768412453499613685928
[57,32] 22037150451784005198746165
[57,33] -59857290016477899861084863
[57,34] 71128271262670775829295793
[57,35] -62365923117008270364793780
[57,36] 43433428525745816712960142
[57,37] -23263254564960998771106649
[57,38] 7441925500798236660260755
[57,39] 2123571649487987143781204
[57,40] -6157057124951870065105323
[57,41] 6552361440204157529247508
[57,42] -5215727758058278408209303
[57,43] 3482961721147126698485940
[57,44] -2030612469934064177938651
[57,45] 1051611977109086533891487
[57,46] -487474141285879285667844
[57,47] 202756189234600622385147
[57,48] -75602175355452434714120
[57,49] 25183446425031391229889
[57,50] -7451159401988387960968
[57,51] 1942402813759863004294
[57,52] -441388003196882713774
[57,53] 86190154261921750104
[57,54] -14181215411088219406
[57,55] 1907352756582449487
[57,56] -198903887920078711
[57,57] 14346832623084759
[56,0] 8902480956097578427
[56,1] -25482441835269313575
[56,2] 432036521477645218814
[56,3] -6474979004258156427158
[56,4] 54234851725724843876424
[56,5] -309385179520288214948942
[56,6] 1344490400981916679604242
[56,7] -4733465987076306415374183
[56,8] 13997695251342512053709849
[56,9] -35532900634946327558660588
[56,10] 78403459556165449232962038
[56,11] -151146732978806844451193808
[56,12] 253871744004793827094451663
[56,13] -366021497041991716555598327
[56,14] 434544663652920343215239729
[56,15] -372210823251778197874763864
[56,16] 77420810970176705157062466
[56,17] 519556861928674750949514232
[56,18] -1394634463912129119212224652
[56,19] 2381738416425703801089654112
[56,20] -3176683319163124380613734493
[56,21] 3417457261355114079281613814
[56,22] -2827719040593699918975406663
[56,23] 1366353217750037428335468814
[56,24] 695773683147486368640581019
[56,25] -2828758634417670531835404917
[56,26] 4421934909094754186478581687
[56,27] -5014734146096774115560733324
[56,28] 4473670621280633246420604343
[56,29] -3032596464866791430174830381
[56,30] 1182232233934404367691860185
[56,31] 531371464334066305440170974
[56,32] -1702432769570529721553989740
[56,33] 2173897665156526206080635684
[56,34] -2030900314079861368371939677
[56,35] 1507885534038112290646189554
[56,36] -868656088995328701699775263
[56,37] 313771179693088592690842989
[56,38] 58198997600325097288689644
[56,39] -240156655650904420576589075
[56,40] 279482310304886093465951716
[56,41] -238999676632933786414669687
[56,42] 170869213637458565826383483
[56,43] -106683627598040210594511145
[56,44] 59281919291433703156615401
[56,45] -29572637276724943294158134
[56,46] 13286242664348826906913060
[56,47] -5374650038941742146436004
[56,48] 1951996073824710732195449
[56,49] -633136186775302243559830
[56,50] 181996366776774974060738
[56,51] -45880228140268492922802
[56,52] 10003811321848009731357
[56,53] -1852103174950807978156
[56,54] 283935467744931070138
[56,55] -34754562680626272064
[56,56] 3203001675714984303
[55,0] -1983559237270403256874
[55,1] 19888964641555120560722
[55,2] -135953481168718351065826
[55,3] 734752047875496169855953
[55,4] -3320869578424058599496926
[55,5] 12842789197079855678917817
[55,6] -43025758301022375497482307
[55,7] 125865204490984662483070124
[55,8] -323494891709355127440487764
[55,9] 733667656342539054720457092
[55,10] -1470688645365172408770851600
[55,11] 2599002211117439219890651345
[55,12] -4009181611356168653425692817
[55,13] 5264629199009530528692842079
[55,14] -5504968892717475924990674373
[55,15] 3535481970930650948087705038
[55,16] 1788508265414839291217933364
[55,17] -10896007519509318419375347704
[55,18] 22771568608128617405216342193
[55,19] -34570659886684681501661379038
[55,20] 42005728458112078064699416508
[55,21] -40670283901907145803045731411
[55,22] 27969581574062665042503667737
[55,23] -4834609894411663331723990429
[55,24] -23753869780046119405958802092
[55,25] 49995078740668169281427796160
[55,26] -65972774426070329648774774281
[55,27] 66715526802151890477972537678
[55,28] -52190627806917889932324541494
[55,29] 27266972202260334555123030929
[55,30] 311701358159203769696267613
[55,31] -22939798784117069772722463170
[55,32] 35750374513127700344157612629
[55,33] -37762531719256403408154265308
[55,34] 31356576902755878856063270297
[55,35] -20644787694531117734217475843
[55,36] 9658891275738763394318898028
[55,37] -1111994003237087259677140954
[55,38] -3970135087507895147321414487
[55,39] 5909334111975694631679544797
[55,40] -5717688556666043147134678314
[55,41] 4490764922743283496159134577
[55,42] -3047934701652909682153905636
[55,43] 1834069210869192886704014934
[55,44] -990208147717047487993540372
[55,45] 482190268984636881226061958
[55,46] -212058270449424472473930559
[55,47] 84095601334137338140934803
[55,48] -29955437142826981513918465
[55,49] 9524625896244545182216695
[55,50] -2679528451107964953043921
[55,51] 659057309609133132291986
[55,52] -139484186816162095558953
[55,53] 24863304007554964912936
[55,54] -3624555169531204831278
[55,55] 414241464612388926043
[54,0] 83841441524894043113045
[54,1] -841172665389061375563772
[54,2] 5292320261901394091996590
[54,3] -25358651297555583323146919
[54,4] 100131324603170800582798882
[54,5] -337866095320171347953563639
[54,6] 996619093957040805604316107
[54,7] -2605206356791411720225097240
[54,8] 6080335282054785119326969131
[54,9] -12705089872473884997699685153
[54,10] 23738774576930532478959704162
[54,11] -39431364155200420648917720627
[54,12] 57459583738094579201295872763
[54,13] -71338393882897495352401486395
[54,14] 69982475337237761433908623817
[54,15] -39826254008367734102483153494
[54,16] -29781289843695053977972575575
[54,17] 138924953344097145538087732353
[54,18] -270390902753909931545588727420
[54,19] 388294981222995630698522141849
[54,20] -445561551612853208470956992348
[54,21] 400144043861758082991922820956
[54,22] -234844910222014639229950535588
[54,23] -28220280131210120097024078650
[54,24] 327279267892301675261110602898
[54,25] -578082275052586988110818379351
[54,26] 703555684531413470907139692426
[54,27] -663590476184537691556467283158
[54,28] 471282781125344229751034238178
[54,29] -187701346301227755814340920869
[54,30] -102338238293988477288257397553
[54,31] 322090213337919293242243542040
[54,32] -428004719545337528322773649178
[54,33] 418544371776730284817322441122
[54,34] -325788469046347459220867614809
[54,35] 196730469084903516459550140369
[54,36] -74137140475122964972411441281
[54,37] -15471656605821569040419298435
[54,38] 64306327639680718688749242211
[54,39] -78546586950247364520732211693
[54,40] 70765371435518639643102077614
[54,41] -53420070526711143738943773953
[54,42] 35293430444743986917023714619
[54,43] -20803074668686931027025201033
[54,44] 11039380224525327186027517392
[54,45] -5293905065237387861476956139
[54,46] 2295043051876388303191491918
[54,47] -897526767310146212419917605
[54,48] 315221074253051613821540440
[54,49] -98751517759676374587537463
[54,50] 27334818574886076766239492
[54,51] -6600290484312615895950494
[54,52] 1366466682928082774380859
[54,53] -236952837756242142797434
[54,54] 33316469476818257622379
[53,0] -1906125385986470220166760
[53,1] 19099963619524783903572173
[53,2] -115401685390519267556568670
[53,3] 521060573968879155816042162
[53,4] -1932537475287199614903003698
[53,5] 6130401697426587931009641613
[53,6] -17016061645665427807970070685
[53,7] 41880221648140957577981803133
[53,8] -92169663842201271338973618098
[53,9] 182117462849580114378129234891
[53,10] -323021061563289022468629392108
[53,11] 511607481398224363660453632936
[53,12] -714095563661760823663411817534
[53,13] 853166609662538138440042783566
[53,14] -810240829421664586413180867439
[53,15] 455385634141587414298715138423
[53,16] 293127255170044362109925776802
[53,17] -1396195209161554763477892680080
[53,18] 2643824013762622124021477504274
[53,19] -3667318540536545958848510922662
[53,20] 4035174828430504292563205979760
[53,21] -3414213501880083649861214578480
[53,22] 1736491237360781860642728166184
[53,23] 708066257868565564682474067472
[53,24] -3314016467562541271086742228001
[53,25] 5343142724878944358670609446727
[53,26] -6184911264774166440453586771607
[53,27] 5586367711257466261819985684824
[53,28] -3749174745004520383295091721895
[53,29] 1248363400533817449040849230720
[53,30] 1189342788470261771880367133737
[53,31] -2947559901819974452732816783319
[53,32] 3710272920691002983362164645522
[53,33] -3512265569336988000666084488830
[53,34] 2652820116849901516585092120608
[53,35] -1534634413070476181870857214404
[53,36] 508322181512901218686007005402
[53,37] 219386791923863466835692031631
[53,38] -598430331096117575108411063885
[53,39] 690950174391217098444133728305
[53,40] -606873996104753737608931173730
[53,41] 450771392242294021061289972332
[53,42] -294180548042531265369804165270
[53,43] 171606643614355818081661993829
[53,44] -90206079501407110670973152962
[53,45] 42865666171250523449874715324
[53,46] -18414644568403962252660263509
[53,47] 7133930049418793231132055555
[53,48] -2480594304555044027706552160
[53,49] 768705357867691334033707352
[53,50] -210209595976625201790147226
[53,51] 50051989028348668815867877
[53,52] -10190905700358404042361297
[53,53] 1730985528791736402207202
[52,0] 27636511030904673245108539
[52,1] -284054373639812350435390333
[52,2] 1722621800748307218854434928
[52,3] -7620193280354316842660191293
[52,4] 27336758268764134097471340547
[52,5] -83571725682651552977533855426
[52,6] 223861842598395423110424535812
[52,7] -532781722936934771193492936442
[52,8] 1135320180006045381670228466448
[52,9] -2173340404373426765735285897311
[52,10] 3736694420074813334420591767226
[52,11] -5742938055913017453165200714764
[52,12] 7795778508611663217694166417141
[52,13] -9099604843275975678242380571344
[52,14] 8540213259296074933517051586835
[52,15] -5016825981469961547543588682925
[52,16] -2002283247041677804001129568407
[52,17] 11889373269327489389450551859993
[52,18] -22558601672812826934645510005018
[52,19] 30754001495280152450097510856300
[52,20] -33011628924686387204767606527312
[52,21] 27019434398521447152292637437796
[52,22] -12825416799925425691264325783747
[52,23] -6719521817581579967156585845915
[52,24] 26610664660631270153884065895269
[52,25] -41291091805804661754139099409049
[52,26] 46595413612648298816449201693407
[52,27] -41235667949018622211745492988032
[52,28] 27201989769688597282026015194358
[52,29] -8926684298647365311353328152399
[52,30] -8394405034400839358892199876391
[52,31] 20592306982328434392052827599982
[52,32] -25706843365997529608976741622775
[52,33] 24189343188960864699233875875434
[52,34] -18218859899334762752894803110915
[52,35] 10580366222496321516425979961121
[52,36] -3634049851074095284199108418510
[52,37] -1263524531531870526197220185473
[52,38] 3811149239641709992472073499556
[52,39] -4446495491565961264866515782414
[52,40] 3911486362508754435371365499302
[52,41] -2901862110573372906548539472784
[52,42] 1889065719653912904720905280790
[52,43] -1098298911178744145426260730887
[52,44] 575025173683455000568130728655
[52,45] -271989732711623157776347195484
[52,46] 116228756073647068559809928487
[52,47] -44758026649521048235873891347
[52,48] 15456983313040196661863255005
[52,49] -4752453137563248094391612531
[52,50] 1287814740325583698326101574
[52,51] -303358771378691630649907897
[52,52] 60970577631835100931570752
[51,0] -274534506732427182525357502
[51,1] 2943565131979660314827376552
[51,2] -18594343876499543011383157756
[51,3] 83908238342204646709609046078
[51,4] -301169421026569722489840578721
[51,5] 908037277474261311043157419100
[51,6] -2381508565677719251586218059676
[51,7] 5535933942410833323498542879611
[51,8] -11523119669938634209836228150694
[51,9] 21562603526970352087849772584231
[51,10] -36264531911819375643337992126618
[51,11] 54547402283558046466849028594654
[51,12] -72521902930824105478366176428646
[51,13] 83050823518867482833981892686382
[51,14] -76856592886269757143033080658153
[51,15] 45618951993402069145283710987815
[51,16] 13501590907957429015700482017790
[51,17] -93689143030993659923195569339296
[51,18] 177170403412094348912390951874739
[51,19] -238610937916765343304142519899565
[51,20] 253177792829036943533063211211441
[51,21] -206498463358033593252601527425731
[51,22] 102288604943389242446733784933456
[51,23] 36392175027176013992231863231685
[51,24] -173502359331217702968656082832362
[51,25] 271972334552884967975196021153397
[51,26] -306386510185715954577054689294564
[51,27] 271300600026729174494833326019867
[51,28] -181951397290415724876709443109302
[51,29] 67542812956313443905373009086277
[51,30] 39699025768777189985460879758153
[51,31] -115089992948941284071179842317449
[51,32] 147765849657371784079946291341351
[51,33] -141083191359966195788892809569010
[51,34] 108139040552394159177963048401117
[51,35] -65160025507050688675390999418329
[51,36] 25698213391229737264094199352606
[51,37] 2494240830516572298063085420329
[51,38] -17636068113252773039207598378301
[51,39] 22086468272770814735950488606383
[51,40] -19910324423353002215026342547587
[51,41] 14936720483059902169505702610628
[51,42] -9776335916811379850415608827050
[51,43] 5697132105557251641706531266530
[51,44] -2983836921905181415532921503910
[51,45] 1409841991963197802570957882898
[51,46] -601104360500648035660724264265
[51,47] 230706967542539692367534519692
[51,48] -79324588853645062369734867153
[51,49] 24255178591075158852541607493
[51,50] -6528112065072579975256792100
[51,51] 1524997234232060326755596558
[50,0] 1975667233490586806544974281
[50,1] -22252467494164279489948042926
[50,2] 150034810477043010965387977940
[50,3] -711878505786914026303214200624
[50,4] 2639152686992579675926848513535
[50,5] -8071485702403957646542105233536
[50,6] 21172881646848100400702707000310
[50,7] -48761194178676679096204002565529
[50,8] 100032075404896904179266602646399
[50,9] -184035319457688996345808398043964
[50,10] 304066075865078522767401315652576
[50,11] -449246176018712242486965966380958
[50,12] 586761162283424214567092882114295
[50,13] -660296626840495234516340899011060
[50,14] 600960084746225936599597171200427
[50,15] -352189355136974454926325403653690
[50,16] -97439293650666817831666626868775
[50,17] 688053211428812177091500865340174
[50,18] -1285941854013284395604340964478658
[50,19] 1714283260558812720917917695079529
[50,20] -1812001898567170983157265781254142
[50,21] 1498493510908536059206959533476636
[50,22] -815786498875189086153652967448334
[50,23] -74511991977096519640846681570260
[50,24] 940984550190660922738775475867965
[50,25] -1560420611544353106985948641146210
[50,26] 1791357054241313133160291055710071
[50,27] -1614815409443930223988210255483800
[50,28] 1128440103250827798994726449186380
[50,29] -501375067978919726812783003737018
[50,30] -88629668761866007402063105582187
[50,31] 510357956173212751191074947365424
[50,32] -708275398823994562113694488996048
[50,33] 700733798218689511697255415208766
[50,34] -554769995423861845542709589603274
[50,35] 352184270145976149832035889880649
[50,36] -161005108424646464000795397971480
[50,37] 20646496853488522563896857102976
[50,38] 58625819476895500514573350713126
[50,39] -86787238938392878216958263511168
[50,40] 82400200950009529192254038521830
[50,41] -63334100412834114800868669985154
[50,42] 42007425983714094852751030171539
[50,43] -24669024986952581071465549552559
[50,44] 12976859607629267179833497442502
[50,45] -6144443437831836716800979974613
[50,46] 2620822924578325677808252392272
[50,47] -1004860369376452178259110567488
[50,48] 344704758697943456894131259233
[50,49] -105022934811678923130096406842
[50,50] 28126777015348711075884961604
[49,0] -10761472307831060967349206180
[49,1] 128599439199972426615177774323
[49,2] -944943216538581529421600154220
[49,3] 4807804682670948951733259862269
[49,4] -18791677361913898998083327756831
[49,5] 59514290502476587958517918609873
[49,6] -159148992826426995044302814935904
[49,7] 368891641164274459190914922055901
[49,8] -754670697478652713729620715892300
[49,9] 1376228891099791739852006047999896
[49,10] -2246212974724725089948213878033156
[49,11] 3273064768043797661347662584621271
[49,12] -4214304061938038335322969393815248
[49,13] 4676675656859029181117496542314947
[49,14] -4203242320360689683447593245906506
[49,15] 2447158521777030622103242381501575
[49,16] 616137357833694906272482942014649
[49,17] -4542119340272615194009309416318035
[49,18] 8436258621946049587408147955745770
[49,19] -11184566154948120237868801242382639
[49,20] 11834408016357119443734122030492198
[49,21] -9974322842627947681940130108098612
[49,22] 5939784998658284151308054174441489
[49,23] -737067249944935561041105668340804
[49,24] -4290309265484909576002687763672153
[49,25] 7916135524879290637226508515151695
[49,26] -9415925522990363594502873629811950
[49,27] 8740842421427305705924432969835042
[49,28] -6437968792239278501209834666529059
[49,29] 3385592998491435500984505919438737
[49,30] -469275901401823645695061757772117
[49,31] -1676343571840428973402941874841496
[49,32] 2786582564056374122489808845961822
[49,33] -2940646006434897910380496076470260
[49,34] 2436691988987165915301920047633356
[49,35] -1637454033550010683829684959807815
[49,36] 845771989469909668530549030277953
[49,37] -241697281773307315918771474293017
[49,38] -119510136431082705135277575088331
[49,39] 270150619806048371278254267182460
[49,40] -281596195158853534763224015383446
[49,41] 225409599722814320502023872677731
[49,42] -152859104201572785423935776507462
[49,43] 90982435188709344548687537411334
[49,44] -48268784620475399833020876556520
[49,45] 22976320073710787745703960974235
[49,46] -9829598615114130740865925493290
[49,47] 3773215660441106577277288790294
[49,48] -1293831710757147147489948706471
[49,49] 393461338017188648342660769101
[48,0] 44777015888461821425277763103
[48,1] -586028482285514179701133005735
[48,2] 4852586703763202031612724284498
[48,3] -26962958322108261051757301463088
[48,4] 112560136031017976782764784398930
[48,5] -373539667768680459974906437303426
[48,6] 1030418051571907712315049271904760
[48,7] -2431443089616831614122914402998457
[48,8] 5010638957687643926789331916395869
[48,9] -9131207652469485458564355265034093
[48,10] 14812082050502686591744890444326373
[48,11] -21380690739795141472856851528219327
[48,12] 27232859678755347792370739492685477
[48,13] -29906625353323534036572620162100496
[48,14] 26685163066319414782298531390489080
[48,15] -15665177259118825675634840981198937
[48,16] -3026782223303098831276948611578797
[48,17] 26509884522845044139796953214398925
[48,18] -49434629477642525205730813719507693
[48,19] 65467221253958702416001553360104743
[48,20] -69482787633358521694206760296571728
[48,21] 59581652566003601014240819948859410
[48,22] -37972778324363619594658439869627416
[48,23] 10293923363002836158645360378127449
[48,24] 16356331747232824690934452442517142
[48,25] -35810113933164061998784085523888577
[48,26] 44657535419262976317624160001580367
[48,27] -42880302866278071769258402373207367
[48,28] 33241481132081859846149997796871674
[48,29] -19893187188426491323329484486291832
[48,30] 6861185134676672079156922789112705
[48,31] 3048519434955935400973657066189281
[48,32] -8670890542644060234813811711035024
[48,33] 10290517410922683142293599449123504
[48,34] -9082344496913081258148273498611326
[48,35] 6479669112290598618659516297042990
[48,36] -3688393819948717850005301382978117
[48,37] 1449073603286762916227850294258599
[48,38] -28727231956476730167626320889320
[48,39] -643134009183724855160564146264812
[48,40] 797203062935175740409726026404652
[48,41] -680385620527670110093617007467742
[48,42] 477028699184808955660715435987898
[48,43] -289700818322319279706670377939065
[48,44] 155718231772930565777527578571123
[48,45] -74772721519763177230161083579957
[48,46] 32171953405108143290083853220972
[48,47] -12391744785764303738445460424472
[48,48] 4255473931779822819748624941839
[47,0] -132372345342131406871494283402
[47,1] 2090130830202885557799095482006
[47,2] -20896978370103773071012398063062
[47,3] 129905205381297082253842890675603
[47,4] -585119078410462817915228583235256
[47,5] 2047655091783981889175754520909131
[47,6] -5863225211949786497203208196949147
[47,7] 14183653302309357319230119460294466
[47,8] -29664373956479634112569942354769953
[47,9] 54419191869876735101937435753265392
[47,10] -88312706641659958317784821627914369
[47,11] 126988554751755935457669608832478063
[47,12] -160781234539445361060407998452743816
[47,13] 175592128276371689819331682655833567
[47,14] -156683072762372382903131338765978609
[47,15] 94647700234456550599195772799761154
[47,16] 8346882632951011744849575672613879
[47,17] -135512334458932488769075205513854159
[47,18] 257879066602215316942961293679035043
[47,19] -342777764154499826364688106692181035
[47,20] 365186173667790285460933088868830595
[47,21] -317369558478692987055145759576506575
[47,22] 212094666428762612295317732437302779
[47,23] -78073532183824066727982598897128191
[47,24] -50421864753570709043009925879397334
[47,25] 144987112628868419131837798696403438
[47,26] -190988885948095278475066884291869885
[47,27] 189394766823836337789715090955372559
[47,28] -153064156580607342210204995836206048
[47,29] 100078108429456461858750556015505254
[47,30] -47241418663216845234203515223945919
[47,31] 5885199819148761545493659807438278
[47,32] 19355861601650715454440558558217156
[47,33] -29421222817746606523570758100059683
[47,34] 28513593681677564389174523866138279
[47,35] -21743579237937721394601350611594194
[47,36] 13430077331700668222857141457078260
[47,37] -6307951674631034280234428160215356
[47,38] 1506953584457241179892754640100724
[47,39] 1004359476497305994155923916115917
[47,40] -1844318124236034913718838048137114
[47,41] 1745510827161754021958647378730922
[47,42] -1284964994714541504242913461000830
[47,43] 802945157077352631091915998220734
[47,44] -439674579174193547612416040438681
[47,45] 213817333137392801938018176718543
[47,46] -92807491889823745612712807592093
[47,47] 35957132337088383441919152116633
[46,0] 170986702793370041989504702235
[46,1] -5386887578047963927516928571024
[46,2] 76822161473311608632195154655434
[46,3] -552392273670005748767252795098833
[46,4] 2704927501277947057292429564406128
[46,5] -10000935190312371902913596287940013
[46,6] 29773597627050747992451240616749743
[46,7] -74059373601721491628066384316477292
[46,8] 157906208797754952451051167516643438
[46,9] -293273596425523644395693427397005720
[46,10] 479177520992932586452435290036662332
[46,11] -690973746765211132327369332784225570
[46,12] 875561595506082328524299789678639481
[46,13] -958118178395027379596009042437968578
[46,14] 863972823111223639012372449555243587
[46,15] -549814331454077706534678052714537708
[46,16] 33248084484235194925434793524982783
[46,17] 596383709778814388250146539125818013
[46,18] -1194783221943010469706617188504118330
[46,19] 1606997377534983214538119604625492617
[46,20] -1721217657719754035583445227898063860
[46,21] 1510520181228846200785867636652217166
[46,22] -1041812584273427483164853413340244475
[46,23] 449633924974446154011629942692996817
[46,24] 113744782809641040624977687196556085
[46,25] -528326037788325846626984550578717566
[46,26] 737404147320644609755014169958750092
[46,27] -750495619373778576061688823023029407
[46,28] 623736505847594006231241711010438910
[46,29] -430417571447552598479523042382412219
[46,30] 235267497954699080081317606280246411
[46,31] -79908098517798156891731403447263330
[46,32] -19497354860398391438598073141992515
[46,33] 66427018609125768598996293126476124
[46,34] -75011262958506139729165516263398912
[46,35] 61953131829667887267202321599703987
[46,36] -41223423067525594267753474661734031
[46,37] 21830875153502678965292970164468719
[46,38] -7887508026761530683664937388686798
[46,39] -49513946173400211965679937485435
[46,40] 3316781812117634771727841252253145
[46,41] -3773708393416693358267916605798904
[46,42] 2987838605025683424604824230301039
[46,43] -1943318469330078045546553985335281
[46,44] 1091668521607709220986650386933720
[46,45] -540296656649574145498476563878274
[46,46] 237452203879278718944745797788749
[45,0] 924868250545189140504172009872
[45,1] 6258460639444960365403119451447
[45,2] -245744448636845657990798466293218
[45,3] 2132058830320616285220431377167748
[45,4] -11382027258943560622262180894061858
[45,5] 44339979517266765571344459071895567
[45,6] -136916264510931999691850716814408211
[45,7] 349962876093179468515790786931783937
[45,8] -761702650870911500398239655510177457
[45,9] 1436767559645324994874937511078717435
[45,10] -2374653998435290082611479462982544900
[45,11] 3454407875433501967425806306763464738
[45,12] -4411872871727552901935161465350644481
[45,13] 4878808368896762095785828183367224799
[45,14] -4496876345911782587119363494545136974
[45,15] 3071280016747007645770313998334233218
[45,16] -704293560961272673451826958466339400
[45,17] -2170600957213618252927046803091997408
[45,18] 4886022670059615291219276991948810960
[45,19] -6755016050465797492724413829353234014
[45,20] 7310163908040655868981390147458534549
[45,21] -6471124245842647630532649375844352800
[45,22] 4558101222455527684172136554631881217
[45,23] -2157149703509756153929079126577381325
[45,24] -101943021952030568295449211159958501
[45,25] 1749240024772863322434602163985491716
[45,26] -2585952512418073219948317161605125702
[45,27] 2675718537288674735786694770372559026
[45,28] -2251034078150681374992214168610413820
[45,29] 1591653077872809513117572782674549196
[45,30] -929584860935411484160833988131819049
[45,31] 403784953034208702233095979246379338
[45,32] -61727095699187988423176777930524787
[45,33] -112989941334069026079480571886892454
[45,34] 167118515242168672123862954018853996
[45,35] -151878178547109694470208577572128735
[45,36] 108358652385165545425280562028970559
[45,37] -62784522767431190616248824452163014
[45,38] 27771820654054659218892168433489465
[45,39] -6324126188428313758426084296458754
[45,40] -3813780620204276952932144987454861
[45,41] 6673214983162007919656548105359825
[45,42] -5941643160591289142354429929563503
[45,43] 4094712183980814952366259281245601
[45,44] -2383286315155676092917649844151768
[45,45] 1208375595517712912639989801172266
[44,0] -8575118611759367029638308149707
[44,1] 27877016170413482185587167932457
[44,2] 705630995060047103552826832167468
[44,3] -7688555284256845966949710352627637
[44,4] 44497225150072176422162670563699265
[44,5] -181331120117595290203136986907989976
[44,6] 577647867112956827349153243803301492
[44,7] -1512431604388131617828110527904330032
[44,8] 3356761517769999950073940614535657719
[44,9] -6436204323261157288929632129929980098
[44,10] 10788941195187256113837876450196120305
[44,11] -15900230960529361607590938024688395514
[44,12] 20586496351357002330695213174648746000
[44,13] -23176498753503378254981753885279491590
[44,14] 22041262055467273205909014301984855005
[44,15] -16299790644862228326883747524000821830
[44,16] 6403865122295053745532904409009655860
[44,17] 5748288390963404674710761073525387397
[44,18] -17290610094533332559324429076686100126
[44,19] 25346769305444120670171359270934196244
[44,20] -28039006222084108905059116723969608838
[44,21] 25133139501847035651176384422902610062
[44,22] -18011737894839943991468239315133060954
[44,23] 9052710807495341370426454407906544465
[44,24] -705437441877617205139941217069098484
[44,25] -5294122529127785810874285356078868574
[44,26] 8298496054225915825643086878257735262
[44,27] -8643409342166136971129589837210485323
[44,28] 7240285071002222632438089759944928377
[44,29] -5103087450374564970231313664581883698
[44,30] 3015332650243129501091406135130349607
[44,31] -1402122785204052331707546444869781572
[44,32] 373506204355742750006538633340097394
[44,33] 154940545133792866593978855615702769
[44,34] -340917798669042978551062546063059593
[44,35] 336312423432835893171273466184106478
[44,36] -252407720575436524119885390577427472
[44,37] 155825153669758343607260328640506161
[44,38] -77946529198711669244799396809217589
[44,39] 27480813268576794489392220772073604
[44,40] -1134187730043493668248821104982216
[44,41] -8780024007009947493031972837878685
[44,42] 9823573123601199675882573031065255
[44,43] -7413747142692018550831126952817204
[44,44] 4543261417372475541621209946709972
[43,0] 42024730106080759460803006842406
[43,1] -227892876253092652896957133051332
[43,2] -1958625088488574751000192902211656
[43,3] 26715271510695035701647542878680052
[43,4] -164518720163599075666385929728998361
[43,5] 693166079305124930890936155994551702
[43,6] -2260706993460200307715826848221218782
[43,7] 6033923326589646123905176391293172429
[43,8] -13619287634110148203054269041345839949
[43,9] 26521393639234910179499087228203804251
[43,10] -45125036405239201428203791328914807635
[43,11] 67528669569497620895929473469232761480
[43,12] -88961971389976682600308872068382870457
[43,13] 102470467733418242254366976317367485812
[43,14] -101102705603060325211937993708547205724
[43,15] 80893350043102894219644965983299667500
[43,16] -43328415531654488592188514588028948472
[43,17] -4168725215569216023519802226798081114
[43,18] 50239836593786977220180554459201739436
[43,19] -83504592640089124564826782234152145326
[43,20] 96595415673170114478638165358833539511
[43,21] -88604048756754782269237121724721501623
[43,22] 64818604017544821695201065556672579588
[43,23] -34169850283266188535519941868522556807
[43,24] 5646139022985733765651688497406618115
[43,25] 14604028334817996750817014485173289485
[43,26] -24511514376849403229999074234601203780
[43,27] 25515450231770384408025965689195406891
[43,28] -20950015533149973164625907018003213224
[43,29] 14306497553448619561920964750500193432
[43,30] -8108212722929845334844717560692122784
[43,31] 3570547145715425156787113538550653183
[43,32] -861067125266708949080728149323011695
[43,33] -419445864173601352600780826722623678
[43,34] 812760949176169984869143702174620641
[43,35] -766881437009880208804173046001364613
[43,36] 565765216680006285695508150412441080
[43,37] -354374844658317410899756266861419746
[43,38] 189277627146551197753754911536598996
[43,39] -81309188465934405239088790116712716
[43,40] 21521862396234675082330351790440686
[43,41] 4999221749465603962705616640274911
[43,42] -12399638287964806854958197764888882
[43,43] 11128993456969378273259161776732244
[42,0] -151595198740044327719029917880665
[42,1] 940340092863550884998950175496130
[42,2] 6001048746208996492810557844155832
[42,3] -91874386003778301875123192607260170
[42,4] 583201662997185900059871331788306571
[42,5] -2502720385040595637337290470748514474
[42,6] 8282688283799560907544307690714057770
[42,7] -22407393366607976617112949217307835935
[42,8] 51248808971893064543767822922230603934
[42,9] -101154662930627660456613173407696354893
[42,10] 174582841747591445775729883866766520182
[42,11] -265438669439591784655871324075444043163
[42,12] 356377446220439591839843421715273893557
[42,13] -420920815591260469202309039053163876835
[42,14] 431489956749027282027320483273910418895
[42,15] -370909381742347899794197089435223926388
[42,16] 242226161766893726997153420683303533192
[42,17] -71166941911586903939191240785069091866
[42,18] -101013499282736427564550305900839447980
[42,19] 232037153096303720977242993619609543713
[42,20] -293747449464016830662291826434156215236
[42,21] 281281626286284658006713459116808000335
[42,22] -212214237109899351427148639942764618077
[42,23] 117274326234006221271454865024800297112
[42,24] -27460727510849220464274464817006589967
[42,25] -36198046115504136528018803608244943687
[42,26] 66817038935052496383776556312156646184
[42,27] -69418718219016067283928903411269865992
[42,28] 55171987748306609060529055239801998843
[42,29] -35403107825652094114916121957021265839
[42,30] 17904715379574085834405172194605383528
[42,31] -6018964998073144946530515141258653982
[42,32] -266548382938103970851281402383083109
[42,33] 2583364117571729826927655672737883856
[42,34] -2762402889054925327444621583947657125
[42,35] 2131298776881257365911542869444140639
[42,36] -1395801702025486124749070803943946435
[42,37] 817725323508835997928569203451310079
[42,38] -433408981780097745055442082916239482
[42,39] 202747017254085594847207596081421781
[42,40] -76492782158030835337141539899203951
[42,41] 15610816300682567529817379910040891
[42,42] 7756407940037623874247676880671538
[41,0] 417143677001021312986550467996604
[41,1] -2583962621424585884352158385435319
[41,2] -22277038153410223375480240991474000
[41,3] 317032517993285061340754045245891185
[41,4] -1998042997149042100084082958662039107
[41,5] 8594873072675179079697866580394332939
[41,6] -28603528548618246851476477760638952324
[41,7] 77977766868744385406257624192850488519
[41,8] -180010443249197540474865263034116700773
[41,9] 359205096933779911539736675768399611744
[41,10] -627913424010549430113799972209580493972
[41,11] 969343656433181706925242745067574606695
[41,12] -1326317097600518168244814746402461237484
[41,13] 1606443911311771647477685727259027989274
[41,14] -1708532131198875725880795876392655583710
[41,15] 1562982471859689710816756540428782095932
[41,16] -1168177527492738348625004277265357944325
[41,17] 602540729489837496264846200252496401576
[41,18] -2765211721821908090893655518221079868
[41,19] -484778996134226252731539547558300600005
[41,20] 756846094853536442338510936375979650223
[41,21] -786726071358043550498084832213121284666
[41,22] 623802456821671916663754658132795175258
[41,23] -363874569822208760860497228270416391394
[41,24] 106605095321873669389604304880913842679
[41,25] 78846152555086614270975802265607490589
[41,26] -168225712966337522177359083314296828747
[41,27] 175428482847718380940186198313700884099
[41,28] -134072757032459143272196616026811668189
[41,29] 78313168109797756845208534723191564958
[41,30] -31130928485579399716000194861740209251
[41,31] 1605444064880859246114402710725183636
[41,32] 11398516111790435523041924030564162702
[41,33] -13608892895282135814318967755086678472
[41,34] 10878791255944551727033079040032573184
[41,35] -7108215019784688374005586378510204781
[41,36] 4065051384712873214282001181575903270
[41,37] -2118572619727326768613218946161014170
[41,38] 1034807401389024011401183171723677402
[41,39] -478405898696876753260700169347662805
[41,40] 203998787399125469138583292794195151
[41,41] -73159359486160413457789547701650261
[40,0] -774822375522503918536809004409023
[40,1] 3520066807128530562923967094144915
[40,2] 93446508808812226968295333447676322
[40,3] -1093619893857176793554418409539056526
[40,4] 6629664610883308179982600453070119892
[40,5] -28184325945447277626794017863924989986
[40,6] 93553617434456170942139989064891373918
[40,7] -255622478071694942151225436715480994467
[40,8] 593347270605667329909409640766090334940
[40,9] -1193726936081046547976858209036536240768
[40,10] 2109372352032013628353099892447069599294
[40,11] -3301729909461504927469751353568113116461
[40,12] 4598935138258436523488040631840472279311
[40,13] -5704405931949272354134256684215053868623
[40,14] 6275065079219243368539412672490593986924
[40,15] -6050823345415216429829979290649120335615
[40,16] 4979059802708273941147392453966952255925
[40,17] -3267342405688483291221873004872357348156
[40,18] 1327717360707817824197134321072658283938
[40,19] 370262709356497256695129059383261185312
[40,20] -1469345803288895228732690348587898329751
[40,21] 1840171901066569676238156966510281069830
[40,22] -1593043827242512424714651721959188347995
[40,23] 995158113186216729977911511502852160200
[40,24] -342337724803193722228850579296922094994
[40,25] -149268964542348643969862462092548088591
[40,26] 392733111278369940395997490317721865004
[40,27] -415241798367312724893692782428851627251
[40,28] 305754863106623301788095164256274651655
[40,29] -158414657601738958706178807692439578024
[40,30] 37073940630169594491143632199002867411
[40,31] 33717833814602562560963536204467382611
[40,32] -58512187078624960720479131027192498376
[40,33] 54706168015811474625740621250332835865
[40,34] -39530257109116994002043379483113060189
[40,35] 24045630653157512619405781345952788741
[40,36] -12787201652671409340198138091345352852
[40,37] 6114081539831791984442688714627384102
[40,38] -2713087720223423495285912138651802478
[40,39] 1160646275432674944859501959811898576
[40,40] -492149071136755714993254063611830667
[39,0] 107479406405222160949496524302194
[39,1] 10589203549524915325905805234765374
[39,2] -390696458729567261352941891321233774
[39,3] 3711673317656266301593632159794631847
[39,4] -21249312168632474527437944970223050150
[39,5] 88357366536246083284553797170301938495
[39,6] -290634770894287725279871700696881449985
[39,7] 792329322553663079535069215682454136552
[39,8] -1843050646831599386844845337308066759026
[39,9] 3728636540172779291681389550275608644836
[39,10] -6646321575939716252113742128392224464852
[39,11] 10529534243616552202015789980184031626673
[39,12] -14904694383686317090524876371282017200648
[39,13] 18891375767351748124485789486257695724843
[39,14] -21412337964866632092417903966787564504421
[39,15] 21574358627669755087980936199023521201575
[39,16] -19060829989217861734453606725777760035570
[39,17] 14334709361320228126901595634712764089202
[39,18] -8524273207622011370660050689266622785336
[39,19] 3021532579320259787413118287278555521757
[39,20] 1020187332518196990535658938922837916395
[39,21] -3059829464918959086483043142507824448100
[39,22] 3253354363391782696523489980474129458438
[39,23] -2255712699776180538539727749107041732588
[39,24] 869755525061398165840248448229617407196
[39,25] 271198723572084807477974198882089311159
[39,26] -866996417585486628283682650961203154678
[39,27] 932742901690965845243991661029759429783
[39,28] -668294584070811807108931738824471482959
[39,29] 305989343153320115976368344097694063583
[39,30] -9613395176373917566423322010993785318
[39,31] -156182596693952831432439274897065579000
[39,32] 202976706377309508810254349475269075603
[39,33] -176914687014894397364376978252277672335
[39,34] 124088795686158843077731756050826897679
[39,35] -74050132877135972245329209804967354094
[39,36] 38545848766049457487233794363594308799
[39,37] -17806089239823566012730374450322476304
[39,38] 7460062004671060104362438425374486944
[39,39] -2945172198569565000683923326155912695
[38,0] 7054126730629814627976974110151511
[38,1] -105746493464876261196895973648889836
[38,2] 1520906122077865641819565546636072290
[38,3] -12170903922575799433688661681008371817
[38,4] 65458994838421031989319551793458914506
[38,5] -264656527211479628463537762997123542961
[38,6] 858802333319651788944185842201444831817
[38,7] -2327931447375852575491265803643235523216
[38,8] 5411584798503908868316999620568218546675
[38,9] -10983793146093656045246759434055030238757
[38,10] 19710257058189083494259291695365999243506
[38,11] -31545565564495906688254726252800979977421
[38,12] 45287918588339352103741246062907457514420
[38,13] -58507280558839429268190189606674483374360
[38,14] 68058855345210310124166381260725865987949
[38,15] -71116993279642042903368736006654805707103
[38,16] 66319876568098049372588007339641390113828
[38,17] -54464571251635188745889560260527451240471
[38,18] 38351390773530016651651660106966331566146
[38,19] -21792569376798799948142650554614472155999
[38,20] 8244025790147835041826913713759517882154
[38,21] 313619965770181954048612260829130058465
[38,22] -3765685749060552458708479348707419175377
[38,23] 3474300952474203813126311183994915497485
[38,24] -1410354958570789609061306493820443644097
[38,25] -706249180506301520687732219661055900236
[38,26] 1912099653709929566856849983765588483021
[38,27] -2039705318496932233506803741955165359894
[38,28] 1438924200686086477456590789239819627340
[38,29] -606816142433692401510986040107521510167
[38,30] -79211635500474639416800346439616930232
[38,31] 460182226629428131898479160745527098309
[38,32] -557284099394078939143461638190301898768
[38,33] 478439461570426866686975101328520989803
[38,34] -335192441575562787947346659038514271204
[38,35] 200713566603160706850123453157298133612
[38,36] -104795225571970731644157458267048788122
[38,37] 48248352636483042561639205253480427728
[38,38] -19828517090181736511932817658145072495
[37,0] -40304350691192595354566577009562760
[37,1] 517851369891667441358240460476382135
[37,2] -5402125877908996164147452432727064050
[37,3] 38017934750795899571173833312724319362
[37,4] -192748288779779659657858949927524660850
[37,5] 756218814908501220482727732503077827127
[37,6] -2414732742800459835949267401334725384647
[37,7] 6493012903910690543758398161477317912311
[37,8] -15052703246901427816736879450469487717956
[37,9] 30593414235033260604746386832488801795077
[37,10] -55168279125675313628196240067133327031780
[37,11] 89033765568304072097722963341712857139740
[37,12] -129371275232939281433546459052852147174574
[37,13] 169912045379562272635765513465554964378250
[37,14] -202082635246667214629077877071842335233214
[37,15] 217611705981474306734264465035782384214675
[37,16] -211629447816056881908052202691019662727629
[37,17] 184813932711567138863070326866867231102207
[37,18] -143434869736072022504265220591648054792506
[37,19] 97147658766484840848907086627840284140037
[37,20] -55556311282832969074636091347382431084292
[37,21] 25112863781720622250400139025979283968176
[37,22] -7678890046238150346957069932199311621989
[37,23] 1068786063753487240045333800036991823768
[37,24] -973444507104295574517233068476175710192
[37,25] 3103267821289305347212733835173746569856
[37,26] -4629866467539706763935044487717354569103
[37,27] 4539264189424121731228034467820675543583
[37,28] -3154102166834102214825972583290253772284
[37,29] 1332028255482595851757462884972644371615
[37,30] 180073535565417457520800948412609755071
[37,31] -1037787085152113598012671576505189271677
[37,32] 1270837618125053514308905565534532094706
[37,33] -1104904789206205957777496128802903450928
[37,34] 784548510752119156953555104869122387622
[37,35] -476310034273090512983058038074766349016
[37,36] 252003844729924629531892170512263129217
[37,37] -117221766523524804521510652526806551320
[36,0] 158297602325870619224237004219577785
[36,1] -1963176526617616956266169478091489495
[36,2] 17492331065029439086862750017018942296
[36,3] -112146948302330847377652664206764411003
[36,4] 540009029634275332107626926799788802389
[36,5] -2057483488100117721655662959233289964582
[36,6] 6459219483925867545225128129928864656656
[36,7] -17205755210338279518000626691841987807638
[36,8] 39721594406309132958413177232183342832398
[36,9] -80719604093462718669628148668053569616967
[36,10] 146046315463364433970038378294254214005304
[36,11] -237271065701612992454560643033319690551484
[36,12] 348271271654113795488882325642175169562615
[36,13] -463859659845933060075050872734791977788540
[36,14] 562113280808332805198606725376017441852738
[36,15] -620512314233593549701599571665106254834546
[36,16] 623773363199159549768365205686611496274793
[36,17] -569899863825277587282334370585681685717883
[36,18] 471418000810561212654063720115192892224717
[36,19] -350984348622135500188471698259776979678718
[36,20] 233397405132790631844831587582152887998561
[36,21] -137634651644209252852198494838305593756486
[36,22] 72306802452113737497662770878008436216508
[36,23] -35761300586484498331552539000827055511559
[36,24] 19847087240972679831175228011330023274877
[36,25] -14817996371912410327233720807027061912233
[36,26] 13113654996331100634863147752578110036812
[36,27] -10842871808932023461307533580725616361718
[36,28] 7267689149258389054444449812422835264070
[36,29] -3296173961029575168636649264900708317423
[36,30] 67393596322216644149667213066266964671
[36,31] 1824696882593431902235767217325364462588
[36,32] -2434089335428203328839281775863372141029
[36,33] 2195182322365475035309113917420801817334
[36,34] -1597791343140987381480963269477783112174
[36,35] 989999269419518943025512831792260085301
[36,36] -533353521425235915708403202202582451098
[35,0] -514772934229161584938312338342571066
[35,1] 6357533036129135153669442015386510752
[35,2] -51883218498144054742648235325061980700
[35,3] 311032004231070487763489287611797181854
[35,4] -1434664256690549133382633812151612384167
[35,5] 5321266872423665071071274300556499596952
[35,6] -16428915003124711718206079387367297072532
[35,7] 43330121670882969374434111752227170305605
[35,8] -99527501407020916834769941393027880869384
[35,9] 202004057594873227140725870301440569553397
[35,10] -366245658609050696184280976318715492109416
[35,11] 598101275478126688458523785816421589373242
[35,12] -885245264980593455373625628094993325118168
[35,13] 1192976999501817549415158646412691490178890
[35,14] -1468509315259986662710830319840244267563613
[35,15] 1654540692380610898365361302008582054599341
[35,16] -1707824229299616342993056619682450502882558
[35,17] 1614893875018718257798439302303150364711260
[35,18] -1397528678282161434951625350290096638440395
[35,19] 1105071161419042336122214120953723243261411
[35,20] -797196531483342644266706756546969237674128
[35,21] 524891460600447650955531326788963456258003
[35,22] -317693937461732274184851432442780501203671
[35,23] 181022423515216197925406494988109157683415
[35,24] -102467376972765478258538219042059774821030
[35,25] 62061895259583812858649696999807886180610
[35,26] -41403670619785079731083676803895800402505
[35,27] 28444406008684582390367364596629505265149
[35,28] -17863045250747438695488502254739573253243
[35,29] 8754341204433896852560547703871002997252
[35,30] -1866467587752104968572077504252791893180
[35,31] -2250065068336202358023408904864164899617
[35,32] 3841992751274484510375790691416639563616
[35,33] -3728210813247409156946301285288700858504
[35,34] 2822746858569834387733886124239902964477
[35,35] -1797773404781094512309311640243292214712
[34,0] 1470287030489568783098691099859105267
[34,1] -18296323207844342133505004886766105362
[34,2] 141761440865225358567618457412757669172
[34,3] -809682039495481839095936117261774112836
[34,4] 3606745211470823718334097746344654341401
[34,5] -13064669209333201424295997498244058437308
[34,6] 39710600183511549566001866265125428101026
[34,7] -103707628477123170522103560205204891810891
[34,8] 236907945502574770146071981885008714660503
[34,9] -479887107486295164865634873948646846831910
[34,10] 871006055122613199225030659454202013840812
[34,11] -1428001039647824892308085585422555887202640
[34,12] 2127906262045682536955058831668525904995893
[34,13] -2895674446659529102209990967295536842930878
[34,14] 3611214050069050131546681935022970292247811
[34,15] -4137688550892535131883151787058207223619562
[34,16] 4362985019236420992119252858006012394284579
[34,17] -4237708238034435463764884264469455475279502
[34,18] 3792727048053415890211901361509637935952524
[34,19] -3127920888729127670929675621265146147377677
[34,20] 2377592282521469957039382157420083219238926
[34,21] -1668027854368093096414915712409005897131312
[34,22] 1085025678112600782917550644801896036265599
[34,23] -661719088369700019122074921365977489086524
[34,24] 386741837282843933982625097631054888771750
[34,25] -223838710976133165390077348681317811675989
[34,26] 132162942852572040236697776478436646579235
[34,27] -79446034907845072657205405334033808848170
[34,28] 46229821948327774481965232688889003057604
[34,29] -23565665261724789227166190710066753840072
[34,30] 8351601335034520234243908755945266509875
[34,31] 611897502450211610820216518744907911118
[34,32] -4591886909350541769961382100457574984826
[34,33] 5256142303356943797487047468006429351150
[34,34] -4259687826712375934476948731554025017004
[33,0] -3789739387891750325124943549444066396
[33,1] 47758554483939816182589127341364039641
[33,2] -358640833181121315223658323069800242012
[33,3] 1978113672490838161459289000412852550219
[33,4] -8570091311797498708611482446178175009609
[33,5] 30420568001098604212658398362831468633219
[33,6] -91168343374039766840214564426236741157360
[33,7] 235879256004183151975643163029689354622495
[33,8] -535849344808972397864857678851229493754702
[33,9] 1082800443955210035925360061349090379528588
[33,10] -1965961806260046006435327964797843869525544
[33,11] 3232511126959045329885157873337372426269137
[33,12] -4843005987150107689651347100920261310474048
[33,13] 6643350288121486546492525582329724529643707
[33,14] -8374693970414035239257455275890324401853272
[33,15] 9729300808741558579878921701170521352136973
[33,16] -10438116383787421446887539328598487037898770
[33,17] 10356626437080034913092346527915421636550961
[33,18] -9512491137636637199274470501943972786556849
[33,19] 8093745840716912741714697191865436208800687
[33,20] -6384055643422530890212201744567616602440913
[33,21] 4673904766382148086503731423774904921000141
[33,22] -3184661720298638611858676989169436273228277
[33,23] 2030551588799374988034968768081775950802146
[33,24] -1223645016727645776185094987011431541485577
[33,25] 707709817329223319297349569607672333250606
[33,26] -399991426866582806864835898747771331630408
[33,27] 223356858432511974631331925997281957603715
[33,28] -121911944195228673983459821721999506331679
[33,29] 62174094446667424102779517317120982663130
[33,30] -26756287427122456696287909561581429821546
[33,31] 6912229234673517511704378204160051606507
[33,32] 2562136307644866470923160136392760447637
[33,33] -5585613683627645054271747738082324804489
[32,0] 8948009214052882171774459068950975141
[32,1] -114448119889226375619149344876295203781
[32,2] 843675978749452955994690524711017118478
[32,3] -4538117163314592683681574414616434858444
[32,4] 19236734081004860099402582656278695094098
[32,5] -67134585688229640615758863344519714443790
[32,6] 198716222115060194645120518172030823157628
[32,7] -509746238030234202322273121919477905676587
[32,8] 1151782733952484326860558699465922307476169
[32,9] -2321277218131674623692740907935935630412357
[32,10] 4213710264833221837373706894225735993092761
[32,11] -6942693624558033826884167419868021501098297
[32,12] 10446324041173178477286191464065977677162611
[32,13] -14423443763113856220764560530303325521872558
[32,14] 18344285153676153708876972261880675731205674
[32,15] -21555251261205346466421614573831291282552423
[32,16] 23454301305878645864985696925780680428664170
[32,17] -23673310743610766769874565736094341167302464
[32,18] 22193197878892607796094614647274785672867619
[32,19] -19343069988536865645170032375158559047457392
[32,20] 15687050026769393913953787587788445361031997
[32,21] -11849279114185314587856070975897920140213304
[32,22] 8349193102676898798380033881656306121048437
[32,23] -5502574042965413618349905352670489705107359
[32,24] 3407758939527251243486509288637228719905818
[32,25] -1997575598780001631952397088461213913836799
[32,26] 1119133742379754167828249754413789399269179
[32,27] -604999905433513861558704656926846097358410
[32,28] 316606702170082922276811920118768276167292
[32,29] -158399372968057268254913557851466265816157
[32,30] 72787060092224147871494137984039759689485
[32,31] -27861884123183928208525053914611725528178
[32,32] 6140801957340432428645987895807306855589
[31,0] -19530817697215527327278602009803329726
[31,1] 253763384273407027623088303901145117594
[31,2] -1851769781923897830489286247462643703194
[31,3] 9785358551845347992595300383971659490133
[31,4] -40784787066064961450817368875145838169412
[31,5] 140367970162801446902838607256961111515117
[31,6] -411080548480150291417213502320878235860361
[31,7] 1046457325299263236305931301600388436156154
[31,8] -2352653786572581833732511351447101134456293
[31,9] 4728760342771510356097716176317739862515568
[31,10] -8579048215704949973689377568010095941556393
[31,11] 14155337682813311378384689652013791385082549
[31,12] -21370381156116212248613071404429672434079984
[31,13] 29662876654276933972937648525625063383757657
[31,14] -38001633067605738527699056656822035190168709
[31,15] 45072797941845846619524282552811998918928458
[31,16] -49613829191885500951079274853993583736004784
[31,17] 50778890256498806374351953611228626639459929
[31,18] -48392718287958305213885925774972746069603544
[31,19] 42989765792677219916492222586817581750260283
[31,20] -35629424811578002906722092518111819515430708
[31,21] 27570217125349874129705194312303823050946192
[31,22] -19935975830202715739953085924770639637742277
[31,23] 13487994161379115076657719948529376206131209
[31,24] -8555641623441546275156561704602997270460117
[31,25] 5104464327629332888454279173567686684164589
[31,26] -2877918216387368512701588722253428052677839
[31,27] 1542299681067943918854274237998047446014051
[31,28] -789781069739889242688952327004968910616227
[31,29] 386772124838551436872191627755342153563211
[31,30] -179359917246382617640522191038974972358258
[31,31] 76443597535421618676369564596110174014271
[30,0] 39642840155735467042869131300418411512
[30,1] -523377890661387359271201278861454966856
[30,2] 3802408084601792874033561044384452941414
[30,3] -19850062635811868931944669887026671280511
[30,4] 81681400213392573187396450419581604470916
[30,5] -277993937113971727019479667163572536821323
[30,6] 806880351431952312785676531725379868827741
[30,7] -2040363518109576550467312263944932515617972
[30,8] 4566371837660728184397981411901713280912600
[30,9] -9154492765108201304275061657814644658702198
[30,10] 16595351532185940345835884057844288851081080
[30,11] -27407731311505013533123375097459438821756728
[30,12] 41485369683950170575838350307644163034985713
[30,13] -57829078935258047318907251444189679327361418
[30,14] 74527580072302076517211692113983394820167311
[30,15] -89076998026996269176747224174312359422348770
[30,16] 98986611994427367208123399970047881418987760
[30,17] -102471459241543154086822125942118099126717524
[30,18] 98970159200649896035633299678407683994069852
[30,19] -89284524265089467040079759115820964227142448
[30,20] 75298028350971439377307090483211068482355500
[30,21] -59400972199379018900066950170770307354817760
[30,22] 43855173639329942862966442525062468646407210
[30,23] -30316788861473079265848192101156796580593888
[30,24] 19637320649825282611195729028898512089582062
[30,25] -11931667382915038346396047296428340268830321
[30,26] 6812719110094500761980957882351371480833310
[30,27] -3665254711558650435830048025229928562247502
[30,28] 1864493781898599176363917972146542716173687
[30,29] -899960348397502968787365840862513990691712
[30,30] 412854213247674173546744411136009360984817
[29,0] -75124362541177926123655110046272971272
[29,1] 1007803571593938534713618889923431252660
[29,2] -7319648027336366614942684104734794621058
[29,3] 37913973009011981637406532166260250087260
[29,4] -154553300374606947058922389090743995227305
[29,5] 521420276782015337616523204482291275882012
[29,6] -1502385797859758211836806079291383210889696
[29,7] 3777659224143296758389482868802877240004423
[29,8] -8420796747049075389035694230562676169104521
[29,9] 16841270468825548221264309278136257120110746
[29,10] -30503186554704585340819116172404050130676361
[29,11] 50406187330511192152384471433261253526265698
[29,12] -76449921272910258594886007679378984497296247
[29,13] 106933825816302742022722791264289154816469265
[29,14] -138482065694619563630728846535717494422921529
[29,15] 166565187460742230876669726932073306852503449
[29,16] -186548028786851732285984016986498233624150787
[29,17] 194934204648695023576556323338248027869409138
[29,18] -190351478135945170922170594088193772837879188
[29,19] 173901949019940179747927241197862979136900906
[29,20] -148762729501384130745537587055128731313061706
[29,21] 119222461310103807691215338303840131873445860
[29,22] -89541282635308642591324377774857197021506706
[29,23] 63028240716622990904535045926665750489662469
[29,24] -41580816526046288250704916758310479688410988
[29,25] 25709683270487424805983352910085749791278519
[29,26] -14900949391938090729236890503564802882228035
[29,27] 8099786320874115353766040769796201465293993
[29,28] -4134055022753260387438254983873150246989821
[29,29] 1985314130883326586876870975164000774917135
[28,0] 133268201255518649576584292537840052784
[28,1] -1816521264190982773623150452309672484320
[28,2] 13229896334507731359481061511138196353700
[28,3] -68231883200915140595639317565753159282162
[28,4] 276331856954763766456867307055923627917751
[28,5] -926135526551565326171018129936539305347995
[28,6] 2653062566485033089636490453582925110561775
[28,7] -6639989255283112078215737023570878689580543
[28,8] 14751071505895561930206928326228140668446495
[28,9] -29438915497860443891005197945854423818507137
[28,10] 53273384112114798418847910516776821777266211
[28,11] -88063823974328120091138922948074011783851792
[28,12] 133771237621506782893699263384862376075430858
[28,13] -187626797649553303996780229827134443612429851
[28,14] 243945849440108762814124496181917272260245870
[28,15] -294944014997457866661866251701170324910776189
[28,16] 332467725467854283359882818314270709034834106
[28,17] -350117079475699775964062774233021245712049862
[28,18] 345004908317802294023469284600116030046692735
[28,19] -318497056174294427199833318718729261305878548
[28,20] 275687580372979008916116083687598071003590165
[28,21] -223861530004652918432081159712002311590410469
[28,22] 170560289516471316039096733619697687878118675
[28,23] -121919683910609625284041607723398441089180580
[28,24] 81736371872663068413038045328285661044651885
[28,25] -51363379582997389286597007443865098304967453
[28,26] 30232026283833570775499274507652932193831047
[28,27] -16653776299670979780952579023797374363100532
[28,28] 8580324198952868001319470741268045300976449
[27,0] -221700503918197574822048825219107651264
[27,1] 3070373888512648811405565293558359896016
[27,2] -22477164707824681742260396068409128822704
[27,3] 115755075997319300439493843884553686278908
[27,4] -466893425106391590722705102689946484276094
[27,5] 1557511004436526618472003546875908113760244
[27,6] -4442202569425215462583471997717863311332613
[27,7] 11077020151727890891158300619620386881309027
[27,8] -24540072844932851915221059913032815353938343
[27,9] 48887051952435033466680756884830622498086551
[27,10] -88396533030490724420270259190622047498444271
[27,11] 146154003768039791737610208000874894907297987
[27,12] -222279879463446519597146239147087440671862874
[27,13] 312460497982979679926014043802549943159522814
[27,14] -407568110722632408156100913735468494286952372
[27,15] 494885404657172982468580920819881167545651918
[27,16] -560834924083764055144813154475993186802533242
[27,17] 594420430144591267123569449256290595166124220
[27,18] -590184081578290935564003917245070140981387780
[27,19] 549601285586799168629672666731088091917828277
[27,20] -480447041482973927164856363689197192328943597
[27,21] 394457544538395950013079338683897428285855181
[27,22] -304218378280385029934887631976216661126043480
[27,23] 220358605602485025859786527653322081538618005
[27,24] -149836306146024689659696925031481321212545597
[27,25] 95561396758964726931062721422014075743378045
[27,26] -57096795502779836093177332844451057324050769
[27,27] 31911589995925454544846460857668451820494455
[26,0] 346240738068902023744597981199986899520
[26,1] -4872403939411824160690243613584699827008
[26,2] 35922198666909938726609081798373833583088
[26,3] -185173752025069785119588210609517681736664
[26,4] 745462867868652605173431023714305482233904
[26,5] -2479494077798471225591301129922149465674262
[26,6] 7050165853964737494431884644570146928090062
[26,7] -17532479099899493870155792855770458397701840
[26,8] 38758884238003159400160436365453245561348151
[26,9] -77103164171098652531478534006100787713153191
[26,10] 139325476756392394614506661074979562234995558
[26,11] -230393862118125673065371928405735839096995916
[26,12] 350736963621694610666146336065403998284701324
[26,13] -493925385038885252182434751118793362624689944
[26,14] 645985024444173643206181644011384430978970773
[26,15] -787160100003566180267725720552901651227056409
[26,16] 896025118103259559265317653290397521716505133
[26,17] -954790136876116624589571909643390499659284396
[26,18] 953994514269694599548498454046665582756843601
[26,19] -894908558578948676880855080572493358951159308
[26,20] 788841636418588182261875410881836753231725968
[26,21] -653746623030774361197505902527942409413904372
[26,22] 509468394173998621606352131222419317445007012
[26,23] -373285348499981482201305292308435390792616429
[26,24] 257009391023068015686807333013269990576685830
[26,25] -166127101414588312363453371310565678920049238
[26,26] 100676121371749650520423990958128467778448565
[25,0] -507950577961331878591487268841361655680
[25,1] 7264377137166089625966393188542623610752
[25,2] -54024400861508099369520800030248389129472
[25,3] 279339547806407751180081097055938369809152
[25,4] -1124556312136576394498602838379769359111960
[25,5] 3735351651411100983615306889001671265123132
[25,6] -10601761621180806524606033269668783988424700
[25,7] 26317560504252480600947848559557507799213978
[25,8] -58094156766019030512377764435355715520280115
[25,9] 115450624643257274501868638937911972057585069
[25,10] -208526362720998844369872695316047884006377513
[25,11] 344885804354218789219736233480785744519670378
[25,12] -525464461565899561809598888920610859323581269
[25,13] 741099118607716148728590222944453341438697301
[25,14] -971397828626097550807797078924293321239060430
[25,15] 1187175678564850394235776009578558414949849892
[25,16] -1356370985188999745781135487512002703964097029
[25,17] 1451825881875023743359896581527351408558004598
[25,18] -1458333049039482876477094611146475785646405292
[25,19] 1376464687811482313646878486367652274936131166
[25,20] -1221911285310763301708682135624363948608845174
[25,21] 1020770954687232639084695098886191574681488789
[25,22] -802654565143270746721244203111165688493139121
[25,23] 593999813398445412778068807913873342637592644
[25,24] -413509070131954528604118510744724770820125908
[25,25] 270541303292974259446605955576077582775706540
[24,0] 700148480125308824478743598551501611520
[24,1] -10178438750479970979519954794645621154304
[24,2] 76463916507681296546671173656719627411648
[24,3] -397308826228396100530451230981206488469952
[24,4] 1602274056541221539998072296595715914754720
[24,5] -5322810160025283371208180794296444968505984
[24,6] 15097778354871699831343160720210305469471036
[24,7] -37445568937482219848587959491441256851347474
[24,8] 82591490132644926169262858595069936005780981
[24,9] -164042752758166098913683995134034844052736690
[24,10] 296237528197504717569027160921375057878129566
[24,11] -490079365152609205031326406417648019436719531
[24,12] 747244630126757644337460859718485824823338674
[24,13] -1055256017917483943712448796046864833264288156
[24,14] 1385763231448121190623044399068448909124508629
[24,15] -1697770766586733478717978513011809440224320489
[24,16] 1945763568851618893603351955052045295827885830
[24,17] -2090563503814051759188186923855729671383107913
[24,18] 2109347858001526253243002796272982007627564963
[24,19] -2001346042137851454425945830578485949828014022
[24,20] 1787331320569676399571558483803922181193656540
[24,21] -1503374328167254709406935461056761289713011290
[24,22] 1191328869969979953362277180188305962825284069
[24,23] -889351407328072569916105563170778501988782549
[24,24] 625186151413438576249552325807855331641872246
[23,0] -906671562898727210750042813827488070144
[23,1] 13401874569383146071909461315350159614208
[23,2] -101828749194558341248902113698819411792384
[23,3] 532594154465908648328284229264210723186432
[23,4] -2155094367524712087870390606478406256375904
[23,5] 7170169434900730622431907353695842173805552
[23,6] -20348096014231183529228745119009198829282584
[23,7] 50468766522248313192214796689390138146979152
[23,8] -111301525331599151957168103286838945167078660
[23,9] 221049895946022670043715741841253940943474328
[23,10] -399231396183014843573682132240249908255699490
[23,11] 660735146249720963069691278437528849534286682
[23,12] -1008217862225538065684664371243608475156428631
[23,13] 1425464884868219576528746200046041118914400942
[23,14] -1874950064408973666444098617174194482138607112
[23,15] 2301934758122631438785481329449691393391813167
[23,16] -2645114457327048540443565830876266118660733013
[23,17] 2851029174375019228698645328164755892674089124
[23,18] -2887562035129477961869264628400690442261630652
[23,19] 2751886815457556762300508685054904592603661013
[23,20] -2470252244084302093269632152538454997862685895
[23,21] 2090063977607609211358019897115194737912228252
[23,22] -1667396797513412407617831247697421083554589280
[23,23] 1254267387244995331893907607021697144227427512
[22,0] 1102736211049352816832054184961741458432
[22,1] -16576558050503465796977774587077749133312
[22,2] 127531952059049815672157713135223018211584
[22,3] -672456106723873519645091276828030392577408
[22,4] 2734355888027654326634484347171956949184960
[22,5] -9123416909828811892258916912375047206931904
[22,6] 25933407106638117718405873466964421500181600
[22,7] -64381527912963083597710616429651149482458424
[22,8] 142064952893211725350721371624721137712153036
[22,9] -282272144306054891841334847443934573748624956
[22,10] 510043245674192429590215204716559922751103448
[22,11] -844646996736105373466485567549898993118286710
[22,12] 1289923097763609811830323741747388193766188527
[22,13] -1825789423108796315099500165292088856783836505
[22,14] 2404993608645906600181568926636782195533812256
[22,15] -2958094569900967329449553011686559430004525533
[22,16] 3406758694903470889338520731398494143913014420
[22,17] -3681949096947948724593303634846557375484296207
[22,18] 3741168483725624401582743799692990658722132532
[22,19] -3578888492978331672520373925498029711070390377
[22,20] 3226758021066721981390107924354638693263849693
[22,21] -2744011388131545397947254130575322196296828828
[22,22] 2201878367412919770391143174986723930640821432
[21,0] -1259112418512960259371946953454199083008
[21,1] 19248513341917430891444008290551602099200
[21,2] -150097782103983331636019817669047597929984
[21,3] 799009861489987601046510534706257242331648
[21,4] -3269585717676315892474537246483587956295040
[21,5] 10954662576133305691449490823808128519630016
[21,6] -31224053240549748802827993189790226241290208
[21,7] 77658463633599488451556525114698171163982576
[21,8] -171583693119005934587835574719530086448092968
[21,9] 341263106635009307181718819765981711194715832
[21,10] -617172349843371807431436376226181431759683028
[21,11] 1022947235797544276766491496294182168445484488
[21,12] -1563728801257240774534080755103948740910546938
[21,13] 2215851456376154872729262172068664646835364422
[21,14] -2922771537794961417307449829698886575429302305
[21,15] 3600850619893334112216857315170043789569308422
[21,16] -4155166033538462633945448478451165388680994774
[21,17] 4501330834850726282302242306758500313972111827
[21,18] -4586376667027700753240796726951278479114781910
[21,19] 4401652536510593561457380280620049236657369403
[21,20] -3983550822758775932799087341257080264492122419
[21,21] 3402410437543983996484555286166206059887659516
[20,0] 1349009916822996329458057815622518566912
[20,1] -20965628493741880223562623453324208001024
[20,2] 165842601881395430411738242535009392691200
[20,3] -892425658297695893393944549909933466960384
[20,4] 3680140425693274781061747796854987475511296
[20,5] -12397360844597653342558742739414588136232192
[20,6] 35472265185105290206081998706446578241828864
[20,7] -88468612131850545361734291226136787695678880
[20,8] 195868998127669140647193623051304592576003536
[20,9] -390183885766994091082763867952533130701254840
[20,10] 706576424367054877808380341441790352505899380
[20,11] -1172522653491314302469647853156665745912168556
[20,12] 1794457842732658349799116651286782775669853366
[20,13] -2545896610257065661172245595269043462277367792
[20,14] 3362616354681848314933456710759267332675855451
[20,15] -4149056850635670108922195542762907605786061353
[20,16] 4796198431432531322702390758910479404415834469
[20,17] -5206418975724842622405464855108547971289915145
[20,18] 5317467270356535771512745239088556534093970460
[20,19] -5117516138058136905803713906565206446153517820
[20,20] 4646436723430188024984557034863453321439758532
[19,0] -1355620578263261258466918933385811304448
[19,1] 21398695712361606336423773420449164419072
[19,2] -171805797440354442182437347081584773611520
[19,3] 935665516498323411668928566388391725657088
[19,4] -3893512456058083427025043920513084101468672
[19,5] 13204250036889132020048272095092328612640000
[19,6] -37968991249051051569134836096618147470974336
[19,7] 95048429904371100767492168155842861556568768
[19,8] -211035205635681827366643793052106228609303136
[19,9] 421334170434238339840158505178546809425800848
[19,10] -764374246699260822277110658391895182271798888
[19,11] 1270411959986437433116756877091799225506647744
[19,12] -1947020594090261148580071445290486299102497824
[19,13] 2766111590462200013814021010185843137388978284
[19,14] -3658547325049933393280158829279637877210195310
[19,15] 4520873107900222409668903502320205343327364924
[19,16] -5234513662784260261238477327820786976284828201
[19,17] 5692636188925158375236807238891645927085746628
[19,18] -5826223850444892107758341273520549802899581955
[19,19] 5620662164482446512007194153188106176036459012
[18,0] 1277449193639998692152764258023491534848
[18,1] -20443448803543070369728343635116077580288
[18,2] 166630358127691432612966377348234241671168
[18,3] -919340690300478864245540027993472212041728
[18,4] 3865198019464683658656356548853339457195008
[18,5] -13212780040103546920332866520753340540174848
[18,6] 38226029935535505920907777610058339289556992
[18,7] -96143683022417644009487110932198198596406400
[18,8] 214253558255367642249996151281669903125451520
[18,9] -429010782809977083036601509629515659972968096
[18,10] 780150231455575750950938348937959795055223168
[18,11] -1299211604845990606107705566709153044673040392
[18,12] 1994603351511529632942587143070174298376469260
[18,13] -2838167906136356563036987187328292267000754508
[18,14] 3759478897674093118481722903583632365789336892
[18,15] -4652552598480921761398885062277098001242421364
[18,16] 5395386755161140484968715037020696576151505741
[18,17] -5877466821825131337637881136568023920396909529
[18,18] 6026610196690864413148844341714380833846263456
[17,0] -1129090892444918931256906448885351809024
[17,1] 18261348175939525751199077535093305753600
[17,2] -151048856130345354887578610151310647435264
[17,3] 844887779745645006852496903341830388080640
[17,4] -3593094234752512584395875876972901150984192
[17,5] 12395786471218553328399959394560360354847744
[17,6] -36123593283935511968365720451608843918016512
[17,7] 91378891353589798796019988400785857847005440
[17,8] -204567635708914761751333015310954640900225536
[17,9] 411122229215140148439300146996148341954088384
[17,10] -749858686210866613173779536306093855570357056
[17,11] 1251867389834857180853360871132874900021117968
[17,12] -1925973226533379305835117971612493925331015256
[17,13] 2745572914103020547619940084903581242321212544
[17,14] -3642918554121115905409508876514873831612334840
[17,15] 4515436275239208121249548463744878756503234192
[17,16] -5244540556156023138924012050920090971250763108
[17,17] 5722279138290157868041538629947386454308661716
[16,0] 936893590945893636125871589625486704640
[16,1] -15237847828729187975837831697145509576704
[16,2] 127745496117236152257315830765785040797696
[16,3] -724655244926575097361288155311509104893952
[16,4] 3120339820982795975459871641240393261162496
[16,5] -10876809730136579842885779457272946582437888
[16,6] 31965198499935640467474654023491879173980160
[16,7] -81412636748281356115654042324369152603979264
[16,8] 183264389508979226725913964186238606362604032
[16,9] -369964183839144375291819812560877282814796416
[16,10] 677273274189884609172376208992775612673466944
[16,11] -1134133708169727764627866770124584788247848864
[16,12] 1749306976467410218014712415114968236076784720
[16,13] -2499185272821498016117411738075320349139621736
[16,14] 3322365416438787189026733922314488377317985388
[16,15] -4125243244317568485904076131136021072913483264
[16,16] 4799112997095834909897477009145006217447679650
[15,0] -731209100254505783479668238162827935744
[15,1] 11871551541968531840686526570941498458112
[15,2] -100612597247294058865574154052422866305024
[15,3] 578648618082474917784511404417141186150400
[15,4] -2524594113632210391030539597042249236226048
[15,5] 8901284200336297888723002023422495798112256
[15,6] -26411351734216084221301364586005980871725056
[15,7] 67802664076435812541023983308595000967643136
[15,8] -153626412465515428725601265705213932573468672
[15,9] 311802502930005854485763509901831791726007808
[15,10] -573336668987072680112590431735681305717743744
[15,11] 963626581853934836389505600934507058839371392
[15,12] -1490897534909119595918461551194826828471671040
[15,13] 2135553755654498501765745068136286264235717296
[15,14] -2845303844558311089831281473786828524497520792
[15,15] 3539795471628429531758825359219355531176026136
[14,0] 538374995872666220265873000989148839936
[14,1] -8637437635583078721714105478062432583680
[14,2] 73676451497052779741790195188468570849280
[14,3] -429061042769172182696935904950395967471616
[14,4] 1897175674364364322860277036227744858619904
[14,5] -6771959409669712846834743138051387476795392
[14,6] 20309307281691606495053704132180943080165376
[14,7] -52611934420803170884008335712338049209522176
[14,8] 120115470296606724593615498993235802651371520
[14,9] -245336426620456801170296215346328454414245888
[14,10] 453507081386630141131449194779628517757312256
[14,11] -765589618235840832253424407317453809573766912
[14,12] 1188875131883228475508355322538858958054366208
[14,13] -1708226165275921562753047263702300751095897280
[14,14] 2281936958332767162301215911854564806980535424
[13,0] -375439494069665697048257329337257689088
[13,1] 5876775951308116295995792917645389987840
[13,2] -50103903411662185851231856370495441600512
[13,3] 294648351503354193369263938667549604970496
[13,4] -1319730568493981530617480720398846609719296
[13,5] 4771690373497066735549495291361299126042624
[13,6] -14478393931903496239336660170957778171281408
[13,7] 37890234940317765273814897541302359106641920
[13,8] -87260866874919640060489467374435465459079168
[13,9] 179548459211974721349149575758120849371639808
[13,10] -333964394456946620427544221035411935753547776
[13,11] 566734855609680108895821218266198222425696512
[13,12] -883946737877581661449088031028985150982886016
[13,13] 1274787145992879821435677165285099953351846784
[12,0] 248996491501536637235365548214674522112
[12,1] -3749360676498964662498297830407944536064
[12,2] 31634515526594263355106481643711331303424
[12,3] -186950577353260034777651699288947532496896
[12,4] 846770722852864114071140696581888420872192
[12,5] -3101045387291024224307958166971501426573312
[12,6] 9526492425793982752967485320075722440540160
[12,7] -25211915782066019081539467301162257360658432
[12,8] 58635878569048490106456202644678476920668160
[12,9] -121675328932527268136272489478737420509732864
[12,10] 227961422183904638749668344751154374215497728
[12,11] -389231602994589513254107529461830379816449024
[12,12] 610254181480349514030649715141705670960598016
[11,0] -157468314852684441028210345040332980224
[11,1] 2252051014456260709860842552082826264576
[11,2] -18563889246441680686155187116146271715328
[11,3] 109399375096915665924299494057102390329344
[11,4] -499325104346292086657358030228507006337024
[11,5] 1850209506758108813831288125826753557692416
[11,6] -5755933831326462194348842246414881010188288
[11,7] 15417400343750127487659002239654571769200640
[11,8] -36249310764422226507433733191574207402278912
[11,9] 75946808923474709478036730808733659255091200
[11,10] -143479135616369616415436160106694748193044480
[11,11] 246744738576313852674491563753688089922889728
[10,0] 94865245294297040496912406318877245440
[10,1] -1278927115224079110934506657680994598912
[10,2] 10152878110368326398766030295617191804928
[10,3] -59006724180943363495437650649056967917568
[10,4] 269724677373978864509286364541720301928448
[10,5] -1008530831377167981259818943731412822654976
[10,6] 3175143541046480086582907243342763092541440
[10,7] -8610917408815754099097728162218337146241024
[10,8] 20486108944739794918394285491856519591002112
[10,9] -43383323594183232045420632486335720109817856
[10,10] 82742278117518255040999344727524908827951104
[9,0] -54091987844927122321799806462784962560
[9,1] 688202455328930511905520546569546366976
[9,2] -5196036919840576111069850166079682248704
[9,3] 29367688748403408496554185605166728740864
[9,4] -133154625551823408904194786619563149099008
[9,5] 499814278539436016087581204664370949783552
[9,6] -1588978212424903630984123173759070840029184
[9,7] 4361204186061723679021823748280058727170048
[9,8] -10504007521662430349803358324313521580179456
[9,9] 22505560082302815192289028880160144794222592
[8,0] 28830282897205028788673589209984925696
[8,1] -349840886419096621072993623321654329344
[8,2] 2496951487042879024621918876734318444544
[8,3] -13526401228908563422016380562694746406912
[8,4] 60029691481851065900929952917135232598016
[8,5] -224250812477757728856079889221665371979776
[8,6] 716603060215681226499494157050294694313984
[8,7] -1986755876017720884588569018504688176988160
[8,8] 4842834721766969928703947339327665605836800
[7,0] -14110440822789930070959236839542620160
[7,1] 166167904583313725134058965302499082240
[7,2] -1125671251594967594278571599934594744320
[7,3] 5784564794396621383845436148933137006592
[7,4] -24745239036635190177104223086332312813568
[7,5] 90827607969411192004456063348756563623936
[7,6] -289353963854254991043938029263941535268864
[7,7] 806808327565947012451952012158209363017728
[6,0] 6203973418051020594420390126858272768
[6,1] -72304082069127210429161513303458971648
[6,2] 471389801673044519711772803399541587968
[6,3] -2296035428356099616772952740298099785728
[6,4] 9346442184911756729267266595039811207168
[6,5] -33178120628767992153049848102916137680896
[6,6] 104037250765275747452781818435193733644288
[5,0] -2387711019955946247178853846716776448
[5,1] 28031020149338671230113954379333632000
[5,2] -179345733702353572416465787582421139456
[5,3] 837061361028248474946351376444891856896
[5,4] -3229668227038915642668446477007775072256
[5,5] 10928646473165598650886342983660865585152
[4,0] 779470911465840237314075466450075648
[4,1] -9343730277641901604479004151329587200
[4,2] 59835977883018845036737045049750061056
[4,3] -272823640949104110542826078708112031744
[4,4] 1006830546479193444703189687835109097472
[3,0] -207062530130629537837327257467617280
[3,1] 2557524998479719813075089907337134080
[3,2] -16657285140521869589307487061215805440
[3,3] 75790528739044065665080934028762152960
[2,0] 42062900820570100031964564370227200
[2,1] -538090402756412890293511156567900160
[2,2] 3603517017693162932203774114441199616
[1,0] -5848838811994874945661405092642816
[1,1] 77677103398056358477084745262956544
[0,0] 422924143104431478400184718721024
