[44,0] 1
[43,0] 492852240
[43,1] 5507004840
[43,2] 19848297244
[43,3] -34437017926
[43,4] -647197868202
[43,5] -3182903939378
[43,6] -9287200056423
[43,7] -17456649955488
[43,8] -18366848228932
[43,9] 2648740033533
[43,10] 48964293905963
[43,11] 94410350584167
[43,12] 93684382574672
[43,13] 28361369597948
[43,14] -59099055562355
[43,15] -97398632762034
[43,16] -60396085309554
[43,17] 6125621571703
[43,18] 39796825788554
[43,19] 26928832641055
[43,20] 387018881257
[43,21] -10271837342385
[43,22] -5424183993916
[43,23] 723443937746
[43,24] 1768230445352
[43,25] 410968701982
[43,26] -271227394045
[43,27] -143274378126
[43,28] 20450765858
[43,29] 25217311945
[43,30] -162991973
[43,31] -3091377027
[43,32] -87978860
[43,33] 290742866
[43,34] -523955
[43,35] -20428096
[43,36] 1588248
[43,37] 875609
[43,38] -167442
[43,39] -7611
[43,40] 5590
[43,41] -731
[43,42] 43
[43,43] -1
[42,0] 83182434328798744
[42,1] 2395815177374967312
[42,2] 34178388927899159336
[42,3] 321365193841411067280
[42,4] 2236242947380622833334
[42,5] 12261368594327873321384
[42,6] 55081197138903203353514
[42,7] 208148110568863558475710
[42,8] 674263959955097056902981
[42,9] 1898632908352994484927535
[42,10] 4696968562487922376232958
[42,11] 10292652041204893490203339
[42,12] 20107433912888250227917919
[42,13] 35195652124894569832103904
[42,14] 55414918651573748732468047
[42,15] 78718603579601858593060008
[42,16] 101115013827524530111121430
[42,17] 117632354591711670633882757
[42,18] 124061620734932557215493847
[42,19] 118668643380060071742592975
[42,20] 102940065105653924395155380
[42,21] 80932575463689424177758187
[42,22] 57606272043125173015418812
[42,23] 37060271884602077285329578
[42,24] 21501911694088043005344127
[42,25] 11218664995024498099087074
[42,26] 5245208374005048391166971
[42,27] 2188037671461246031838890
[42,28] 810068474614822235458877
[42,29] 264471699260662273138441
[42,30] 75551986620466753319881
[42,31] 18706614946742382981519
[42,32] 3967786033023812627694
[42,33] 710521550103832229408
[42,34] 105455291417396993080
[42,35] 12666401732758651076
[42,36] 1192732676282140777
[42,37] 84282858526022437
[42,38] 4196029128686622
[42,39] 133622430871523
[42,40] 2319167965476
[42,41] 16309420335
[42,42] 23433108
[41,0] 36177208732489008008
[41,1] 1061315224119413242824
[41,2] 14248032680685402396428
[41,3] 118518793217357003054446
[41,4] 689606198804682752153764
[41,5] 2976284709348995735919066
[41,6] 9743386474426907680588919
[41,7] 23763584303456759916887706
[41,8] 38158597271852037593979290
[41,9] 9954571108781242496327459
[41,10] -185471837812409245988494293
[41,11] -799278265834102413939994945
[41,12] -2203594859882489115820205825
[41,13] -4778322901190783681360494198
[41,14] -8682582185011719595591630968
[41,15] -13604277305475211296001919179
[41,16] -18663741980095694901485841648
[41,17] -22615966543801415487164565073
[41,18] -24324904365020397776687553074
[41,19] -23276204282324746925357292067
[41,20] -19822713129665345477765327069
[41,21] -15006286955605585917145807909
[41,22] -10071170005635105686050943632
[41,23] -5967494219069468046091451222
[41,24] -3104130968103243090827975839
[41,25] -1406936662492332581249599382
[41,26] -550328968762093672580363773
[41,27] -183551923441672958716179095
[41,28] -51468962357137865344948712
[41,29] -11975493983058654626763570
[41,30] -2316120136738979483845180
[41,31] -395486999495914630151268
[41,32] -70685204176276800545604
[41,33] -14694470188979817980484
[41,34] -2894559818791070413536
[41,35] -397712220165556671050
[41,36] -21385610071391209020
[41,37] 3431471726752804444
[41,38] 805203079227848271
[41,39] 65884277597570182
[41,40] 1794776562703932
[41,41] -33134980919531
[40,0] -20570474434278784994976
[40,1] -628885803750043833697760
[40,2] -7512655276124736089261952
[40,3] -51784726218694725949151980
[40,4] -236020818318944000949224730
[40,5] -738698493023239141334363588
[40,6] -1466776556859848630019482214
[40,7] -718109870051127878348373130
[40,8] 7737330641922973560949295703
[40,9] 38771879088625326568149749386
[40,10] 119113112389034747210034495320
[40,11] 286283150569877600978110498284
[40,12] 580009057198633649170510030150
[40,13] 1024413431604421608462031720350
[40,14] 1603177849138871279632334652979
[40,15] 2237956470866226295365343250379
[40,16] 2789346646361776960613837120805
[40,17] 3096923444804060313729254527298
[40,18] 3050347586313133566006844216089
[40,19] 2651401111143084646530494338090
[40,20] 2020801563091926025903815874242
[40,21] 1339545337055517670258627834708
[40,22] 763766517514171339724391937546
[40,23] 368494579626602273950747169344
[40,24] 146498726844135783426210040576
[40,25] 45658169741904599548515378296
[40,26] 9867351638136566799558311592
[40,27] 777796704461475855484444127
[40,28] -395024228372821702088130025
[40,29] -195144264187002253096590875
[40,30] -44898235470013810371096770
[40,31] -6041221393633671015260433
[40,32] -605460458764421906763196
[40,33] -79470976054986019653484
[40,34] 12850821590671170851222
[40,35] 14609404196792412540186
[40,36] 3713072594491955452456
[40,37] 289793177370249864865
[40,38] -25381844888509184673
[40,39] -3109713894422120445
[40,40] 266311593483750590
[39,0] 16052996833526042461790208
[39,1] 183476609931134783225804224
[39,2] 532955571551262226337876160
[39,3] -3615064675360914430987364608
[39,4] -45206878462803564654022639520
[39,5] -253359263199780167462966398224
[39,6] -972254028294343739464444585424
[39,7] -2869144945040093138749587074316
[39,8] -6930143702323021773164963602422
[39,9] -14387467487161235311789442325918
[39,10] -26869847210737565528514814078562
[39,11] -46881468176857301852207417991822
[39,12] -77771105762668378359471239539680
[39,13] -121692325024814613598466688582026
[39,14] -175500817189682583845167075786704
[39,15] -227763126476829303945955050931662
[39,16] -261300189199188178195429983423888
[39,17] -261830036102202581421854372608034
[39,18] -227055715664848887718398930456419
[39,19] -168790936310038085060166791266710
[39,20] -106157012351206142916959938954328
[39,21] -55262449216502016140550914122207
[39,22] -22822198338065345190354367591679
[39,23] -6721530017748091005539838989109
[39,24] -832756783460962442918429169424
[39,25] 454137894555910461486028779206
[39,26] 377503334191200432115959836406
[39,27] 163462035590383356576967222902
[39,28] 53359566668292565461003123416
[39,29] 14710974135602240113396214204
[39,30] 3319469339096863896693834627
[39,31] 421780802726509403872710782
[39,32] -61185971731907845207337620
[39,33] -42232080903874033144913531
[39,34] -7315196684700325425611867
[39,35] 98150593982943275207069
[39,36] 186103345515116811236994
[39,37] 12966272700946424464386
[39,38] -1544542001616991389762
[39,39] -141162508056422260908
[38,0] 15854252288015205009540600704
[38,1] 206181093160186809294410676288
[38,2] 1440888483285106234418889046144
[38,3] 6881523286766303590606386583536
[38,4] 24504058854643121389941120068648
[38,5] 68016424209531187184311575220264
[38,6] 152334054642148885224880398965822
[38,7] 288679682874150746853651529541736
[38,8] 505030406029992093951743226965686
[38,9] 918469200263084100798293255413015
[38,10] 1820990191912817772418650101431350
[38,11] 3639854736303390356310352114252077
[38,12] 6648495187101817240004104179274297
[38,13] 10539260264512774859837140738454232
[38,14] 14244676899137264493653229192720748
[38,15] 16337208627551945095087287823828871
[38,16] 15857357772739512580289202753182500
[38,17] 12953751206339020465473722277579117
[38,18] 8799054574761161184547143319001771
[38,19] 4851009986491700856500028324034031
[38,20] 2060809369871239703188804016230412
[38,21] 582585943045912692841833817434744
[38,22] 31648738637043530740656234111793
[38,23] -75564630705314262002671558536821
[38,24] -53648963979006506651673013268486
[38,25] -25075703922336791550907302182794
[38,26] -10475149094055612853308134143636
[38,27] -4120626033225525684919411615265
[38,28] -1304864831877394875572924813055
[38,29] -235966552353369818448000556118
[38,30] 15863440534549689182948610909
[38,31] 21660176165885774450596342372
[38,32] 4794419599454601149205464778
[38,33] 44969873853621472095382655
[38,34] -154433580621037411991726224
[38,35] -19573782857614498057892727
[38,36] 1243543778285838984224501
[38,37] 357237029024124253937872
[38,38] 8003479552174012441784
[37,0] -117529715210050150472587649024
[37,1] -231746047027834996701668640256
[37,2] 11282651700164195607918652779328
[37,3] 117157962517512131072398891821312
[37,4] 620587852912526524742536660181216
[37,5] 2078450710509137596811851498816336
[37,6] 4380231714262448025888533542290032
[37,7] 3762203862288043489250805682973684
[37,8] -11531608466008386296187728394599628
[37,9] -62149395378658252333147660746066370
[37,10] -168424258088300085740442622165265426
[37,11] -331009211382065470986084812635222528
[37,12] -514610790818541846452741858072484568
[37,13] -654064161428850774023285631226384288
[37,14] -687944274023116673451986058124125113
[37,15] -598670711343179011145761032272918306
[37,16] -426183114431112455587164265009264406
[37,17] -241787393870770934227750935137431759
[37,18] -103567491469974743049186225982152468
[37,19] -29315238916074804290568953793585079
[37,20] -2805520680051876567287485752032977
[37,21] 1658279933079129973983595164855295
[37,22] 947801037561830780720995601723930
[37,23] 552470320253310637878180640842420
[37,24] 529734377340550833913722027840152
[37,25] 372713452589291928016860565993582
[37,26] 146459527520098847474634889967732
[37,27] 16614613878929403908349032452494
[37,28] -13369976467196603118017713408196
[37,29] -7645989213394578351777081627604
[37,30] -1607801263085884505656912849537
[37,31] 11754846663071089597031722162
[37,32] 78442005303919388092986721042
[37,33] 14169672029431847109864739077
[37,34] -75305589203882368059540585
[37,35] -326209232723224726096321785
[37,36] -34805840152024871770796744
[37,37] 892400653893752974879442
[36,0] -56961008381831248138271819363328
[36,1] -978559089680436232892949472587008
[36,2] -6659784395665930303786529962649280
[36,3] -25652228288240875164692896337857088
[36,4] -58148195206929700577749675607780848
[36,5] -43724705473186436138423260131813968
[36,6] 234283199482152027099827159001230584
[36,7] 1213439928260153346529265612487533640
[36,8] 3429516273399710332640336300863030873
[36,9] 7110456021507731389538929123023534620
[36,10] 11673967279378293647398101324419227170
[36,11] 15614255707066222849518361326546289718
[36,12] 17160934615550279756490386122045642682
[36,13] 15443045384862960499578364274287870606
[36,14] 11227650962124623554940695151415777765
[36,15] 6464423287328738720667617972122504286
[36,16] 2935518559535482729096803857627501701
[36,17] 1201698082537873478790484570923880165
[36,18] 687381068273872336024015487567010207
[36,19] 553305083632526246581095392740339145
[36,20] 376075884311636287955058200815040959
[36,21] 163812093654391750410226302521160018
[36,22] 29287369740261921195339085409242895
[36,23] -9258188292733769502162583991346059
[36,24] -3854325886088769060653561945796023
[36,25] 3580928612472519186805971987963234
[36,26] 3835474179996059472457578526843103
[36,27] 1651568998844004660127707235794432
[36,28] 340267155599688309596992734532063
[36,29] -3741220171318373418777202361284
[36,30] -20916416454429056284879983336333
[36,31] -4855429682476148862115510608646
[36,32] -187915538270323482425993275932
[36,33] 123439404099160284623926728764
[36,34] 24300437644379373491342898740
[36,35] 479255276730915876977801472
[36,36] -369536949483504818041809676
[35,0] 1354386845810433586428142876093440
[35,1] 8334539886934746882079229052810752
[35,2] -19368076886884358852609681968480000
[35,3] -464900879629820820870610709050598912
[35,4] -2891974254364456361075669616542843584
[35,5] -11205099941452889282172498260066880128
[35,6] -31644888258418655314133932889816364528
[35,7] -69392784759774688661883625011420764064
[35,8] -121758650450116226687605406248104562156
[35,9] -173214012541776996761657893773408871186
[35,10] -200374130281788231933476574882887284020
[35,11] -188155719737522354189916437641494070220
[35,12] -144467683173400805458511285108841598122
[35,13] -96513893021124262881618576418528625858
[35,14] -68441348504748985304605131636432024923
[35,15] -62037799695916096522775041998632690228
[35,16] -60581966189941644646167731286075322042
[35,17] -49513601285624816513846117537400228259
[35,18] -29647493688534773856053860965236140181
[35,19] -11378723623490852023007217214957986031
[35,20] -1694768685189356006063818529734625388
[35,21] 519806663753967998976622463731782386
[35,22] -99763318974118604483419579626973187
[35,23] -572663823517849383730051728994113702
[35,24] -440618094647600905304776197095917940
[35,25] -170550116073579045485391427337492821
[35,26] -27894775294584971902001612491516738
[35,27] 5805631568198060906099931927641483
[35,28] 4486579801917667158253346680445108
[35,29] 1052028762545295778052153491043889
[35,30] 44647916782504693782598752938388
[35,31] -38595336070134551040591154564289
[35,32] -10106682913345565976913195982217
[35,33] -588698888129394372504707787239
[35,34] 179173837403980239538226162445
[35,35] 34075760326079033278209605588
[34,0] 85055080715507916027372866823499776
[34,1] 1127845079013801544634013387624380416
[34,2] 7675607529269610431282784646233812480
[34,3] 34731227412046651258986815747223839488
[34,4] 115258082498054100711354880164982009728
[34,5] 294192114497161055008296306876536609408
[34,6] 593169016707597240631720221237612612928
[34,7] 962542229176198848988841917226697189152
[34,8] 1283328362309849690603589000068809776104
[34,9] 1461896569618022666771420787890634681340
[34,10] 1540862630631155837499142865871297320292
[34,11] 1667525363064139511052454911746050151876
[34,12] 1895139558167901431107817514069053694562
[34,13] 2042662301473184893916408058126192226794
[34,14] 1840286307506465619613072596200444389054
[34,15] 1239524101257556466219674924092513685240
[34,16] 513132683418640900097035159621675729594
[34,17] 9223929863486918596844736195863995000
[34,18] -147753053645174432598941309616137749874
[34,19] -87842017598646657581309055622923435104
[34,20] 1152823380039096586027186990069225391
[34,21] 33462959867857638747781452031786223375
[34,22] 23167920147556296559208850221485813900
[34,23] 6732492162686603148394020809717070678
[34,24] -712550063270228690326750214352234904
[34,25] -1526801201236116020388114532942937547
[34,26] -677747102034403142172902972561134370
[34,27] -146274328928891215286077966267528467
[34,28] -2713439876770865942730190759312026
[34,29] 8206052109585636584823043979925085
[34,30] 2359071484607954591769281017954171
[34,31] 184061344301845125858612428257693
[34,32] -49983306942109740410121504438843
[34,33] -13547291834782773418707451155738
[34,34] -632979698717816475888099822690
[33,0] -1140214974209271133040793607172653056
[33,1] -12727826018951743580389563579400476672
[33,2] -70124949545841741779778894295473587712
[33,3] -250227159261234576316031510218745274880
[33,4] -643483111655191739453660213823499051136
[33,5] -1277614532469230966929397962260225021056
[33,6] -2105306889029501198281446305906495930368
[33,7] -3181114986110046611798273859048190170336
[33,8] -4817107045989476292841900817497894539832
[33,9] -7158583587289298451736983193144339047664
[33,10] -9210336766312255518973774288381709355988
[33,11] -8677004546871384152911790512951974728410
[33,12] -3868222045480880212387512257380055216228
[33,13] 3758885538069330047473572308597840103398
[33,14] 9809836709383834976225421525488410934951
[33,15] 10661814138733106232031046281781064401270
[33,16] 6781357904937353527788212813170932723104
[33,17] 1848461955855419648706909464129949077809
[33,18] -981155716908299257359227537221631991305
[33,19] -1305791754817800660093264816109490207691
[33,20] -538019721013064620380135448976903023896
[33,21] 72672923281692334223707026099647162364
[33,22] 223183130694698856670251880506853578698
[33,23] 141848104361316450439155233965045774174
[33,24] 49239248119513571720637598547341414092
[33,25] 7405608317314411148692803208685009274
[33,26] -1844366557068402525159625082570457089
[33,27] -1404505417360695192944852038611657830
[33,28] -359183968648706640400900988396717662
[33,29] -23336133309052756939177548793060275
[33,30] 12002550698594869279039734380271645
[33,31] 3619092339095404943512225071943019
[33,32] 277837514571381166991965371040315
[33,33] -54601234970203759106413527671578
[32,0] -388158544522274543370841718856044544
[32,1] 8300585875860150176130809801888018432
[32,2] 83147773410362864551707862846044803072
[32,3] 448594565105042179306225075150343315968
[32,4] 1854707335438280118600887293371717931520
[32,5] 6254249889986667523862384263355723554048
[32,6] 16981491738249364264887130877788818152768
[32,7] 36242196562920968367597527712569651240768
[32,8] 59749172913337845602922321344959195948128
[32,9] 74749944036508532925790356421347910439368
[32,10] 69255933778352940282638851537528093174120
[32,11] 47268126539688998944794876807212775873988
[32,12] 30037072829508200710237901285789811442503
[32,13] 34673070739498911019418098817863340476260
[32,14] 53190015148098696603375220840708105863422
[32,15] 60516675719624122139137761770642297087334
[32,16] 43172435032359033744447510752767552219423
[32,17] 12559355246500025234446919997135505817474
[32,18] -10571264099658487611966915618863497980201
[32,19] -16984153158175665841250414516754204661108
[32,20] -12060337215202829258652319732478069029314
[32,21] -5113703025613601345677528238823485479512
[32,22] -966248100908156497555538121168103418589
[32,23] 346300268718247549186108520445190120548
[32,24] 363861765351960806366510853435339687867
[32,25] 149342552777545748600793441697083860239
[32,26] 31339151729474279366656877081207245128
[32,27] -1369267874732981086752001948778457
[32,28] -2095965079270455385932326090992517923
[32,29] -597718621876334101089436725132981404
[32,30] -50226522570526217193276713200404361
[32,31] 12494417629826699444482768517544116
[32,32] 3927669536877721358028866927005306
[31,0] 39917267498213838794758994498746515456
[31,1] 258175878652694012022235082800007774208
[31,2] 410415432516230918195838789417748770816
[31,3] -1358724013595734888836135735276942995456
[31,4] -7285715998832208770611063991205279705088
[31,5] -7494064105000329093297431120724582653952
[31,6] 44496361215753475907510956091211278520320
[31,7] 238740693449114329415853069993292013661184
[31,8] 653111340860574760428402776395536791768512
[31,9] 1246443443093090883026473071879391739360704
[31,10] 1814926015946242200845832796141037423559712
[31,11] 2114023625086787577903755511970928327152576
[31,12] 2056477572498996344380309640239982830845080
[31,13] 1763904016423629521517828387136097294869588
[31,14] 1412509471226454703936713421353864005808888
[31,15] 1075892725318797205957779542824347642977408
[31,16] 740731174584168166231800115370495970706462
[31,17] 414000384617190385208875511919095315552436
[31,18] 152268523264803283382337916312689553125022
[31,19] 1516363253305356828836594359361716032280
[31,20] -47297815153265139388742346256411010842590
[31,21] -40117499424981974640639115084914316153608
[31,22] -19564683858092171474240236903338530588509
[31,23] -5632023312806542872063366855425116618788
[31,24] -337370891387138087383995257336227380185
[31,25] 524687069461035755817342908737940666605
[31,26] 269583167927058073771239923922751263980
[31,27] 62469863479177174403438833411885461274
[31,28] 3197711365276928498996787377015817452
[31,29] -2492311730679182906209041328417827066
[31,30] -766780323126891474497587882065779063
[31,31] -66980986271338912040409750985507326
[30,0] -33188130064257216957173053202437341184
[30,1] -2049930804999996710357276938847170641920
[30,2] -12159139409499494961463312119913709932544
[30,3] -22952969650451460375993136633569983225856
[30,4] 76657527880433800141545019762947788355584
[30,5] 713631057209882382237312151458043224140800
[30,6] 2865766865108428891184803460231010313644032
[30,7] 7955989555513469496851668097491191134334720
[30,8] 16966449677946622617554602836062020767113664
[30,9] 28959900183955857207170595982784020069908288
[30,10] 40341759056787430260771113310558993936843776
[30,11] 46331854882325379677008650542244295530859824
[30,12] 44157091197725978892585542511362392840693992
[30,13] 35175561302507571802474395863783106396387888
[30,14] 23746172661960459275211208611483607627352830
[30,15] 13996018154819572377962858768920128347123344
[30,16] 7595587024138129480976690738738330905688550
[30,17] 4012802510895967140577036093557481997165915
[30,18] 2048977807020946834529184932710284101913254
[30,19] 900406304881796098920248282026626004893003
[30,20] 255948409327510325644432526073201495465976
[30,21] -19362082381901656044130038657078098062942
[30,22] -72524059656018817810162424518528910993626
[30,23] -44962092094619862143001490808286049887912
[30,24] -15527704060916445763399050901052634531048
[30,25] -2557368643184584909111439128150759726891
[30,26] 366125501079070245852773548446272260666
[30,27] 343700145161872705734593082270059599132
[30,28] 89367432380453800361028457145983349134
[30,29] 6281827592021752745666129681211661043
[30,30] -2597394215293951180182362911384980164
[29,0] -1920657457310023511845841414173600677888
[29,1] -7441752152686637948538888015925312159744
[29,2] 77330536609106437704618300467312192323584
[29,3] 863802832913964482912956391027484748939264
[29,4] 4617639826997916546017861041576387711565824
[29,5] 17209534851944808253943424672142960940527616
[29,6] 49717121812679832883522170075649096528055296
[29,7] 116445471023015587867442610185288662678534144
[29,8] 225668050538647226225543783887684194018381568
[29,9] 365085766580159926671535815026922200792468992
[29,10] 494298635017701103870763102312546100156497472
[29,11] 559013080756180211885982702324626404865603520
[29,12] 524801288577618844957976034440882579129662368
[29,13] 404088684624307450750380252286774281405616320
[29,14] 249672378267458037954717981610104475305472352
[29,15] 118786183402553232747322660241965331486315340
[29,16] 39888160505773321699362160568706326198056964
[29,17] 7499137882873633722548674609347885307392854
[29,18] 338093534119745653288259029804743233246430
[29,19] 674472711741411983387813470010389534756196
[29,20] 1008075237722945646160862763894203080379588
[29,21] 531072335202770417464181301299898427998492
[29,22] 61227193937747578913588839978829473728511
[29,23] -94830012531778331363846359564087058239768
[29,24] -73859273120791048605556666730444128522754
[29,25] -28133497422751593491304716340018204261847
[29,26] -5468012314102848866914870744943185704135
[29,27] 151860692484049087413916716972625517851
[29,28] 405359001862146898430759351564642788534
[29,29] 103279889538953065904078381257000150600
[28,0] -1594993326449518181526798063666826969088
[28,1] 189907261315128943286555030392436480278528
[28,2] 2042085885259932015506669319990925580206080
[28,3] 11766716877501292331561660888454738654511104
[28,4] 48866134562421874742008861350865859843981312
[28,5] 161018382955402338184899306675873565696135168
[28,6] 437874798550895810629748525730019523427206144
[28,7] 998088239341006561711460470392293783273604096
[28,8] 1917781246782347279624239168921861614884168448
[28,9] 3111104868326186999826152838900354515375082752
[28,10] 4256641384117716536304339746253454858606714752
[28,11] 4894012901646490497619009907497531812294886912
[28,12] 4693344020190487356328774411587480047848219536
[28,13] 3702571321951005849281237703203657599323758944
[28,14] 2339662872103740700466389211181300667710417800
[28,15] 1116736067823907743930734130074142271939494392
[28,16] 336394461705066256198441167177885643436887258
[28,17] -845871573527652058379671561176602550849716
[28,18] -69549756178554082033058517842749684519343334
[28,19] -43940466728645987038636168771506095006113978
[28,20] -14534599260816733924383347320974140317288902
[28,21] -1827407816001322421451168847623934429623202
[28,22] 631691439069311295865491477372645489986094
[28,23] 280008930569672737206469571966707257271364
[28,24] -55869302952104232703618980373661438410345
[28,25] -86064801167496432884778251102662410242970
[28,26] -35176916501204120634316119232152600015327
[28,27] -6566041593183943140973007176938315544987
[28,28] 174597733683086300473278717876126538466
[27,0] 157559935277584273828863968284677653921792
[27,1] 2376447395138518765617004599684677017141248
[27,2] 16347076193484439618971543842042275632218112
[27,3] 79524282351426371636483942519784079630532608
[27,4] 309364793808453964545849747225823836472131584
[27,5] 1002557140718694435721967794706070731181072384
[27,6] 2741028006142025353711916529808256180335407104
[27,7] 6342021241534200894569096907834616150438952960
[27,8] 12432147610790275537384339766332034277771828736
[27,9] 20658326091588485609397676632672530039879638528
[27,10] 29090262515362100109356481212670672033963262208
[27,11] 34658062348419511793507151584775168974978876672
[27,12] 34808325128076464192869177607617643948475691776
[27,13] 29274615946033410961213315399241972663339797536
[27,14] 20382625331103162906117516720275776399648539280
[27,15] 11515487046643093061697184725176615827416660800
[27,16] 5078010762180230122661937003139565008732828596
[27,17] 1590423035010652097081408667973500168724078998
[27,18] 235281019298477729491216540399578102513013424
[27,19] -77314315850721271075845557183564067811181694
[27,20] -65697588497365527018415115330373266298087336
[27,21] -20546164446911468359570769156399118582700280
[27,22] -1212307427422948539733327253174174571921462
[27,23] 1725160010802957431477944456605305731037898
[27,24] 694190897694445255944648924808486447241730
[27,25] 20188266504605296889354309980266078174462
[27,26] -81493047934420189883252439368185090472467
[27,27] -35722172857437182924873943518525225469836
[26,0] 1206185837030521396784660565560629713174528
[26,1] 11005280036629496872671093714670377704620032
[26,2] 62639986921648221442467112764969600442957824
[26,3] 298051616022987945799692361660804733409525760
[26,4] 1214444591053198967306002239976173064021704704
[26,5] 4191739470303631169060985549918311616256147456
[26,6] 12178175071651320128596599294149352771993341952
[26,7] 29783170203899668799832050275771108684716789760
[26,8] 61451973145855336354942320104118695309294737408
[26,9] 107219621228545107454335281042839657898514080256
[26,10] 158503819239282571153149900878880801523983839744
[26,11] 198815392803168326615275113648364177567492597504
[26,12] 211751574502769847811338073339531080136374026688
[26,13] 191514791783874021019471333115058108208530652480
[26,14] 147021474191043308850274812318679232779847660416
[26,15] 95724877756762146666508344383914779783011757440
[26,16] 52801504915830170385133008855088297274101170448
[26,17] 24611052306450256816345495077539586377934410028
[26,18] 9617827874329803762636194979507347379612062812
[26,19] 3082472914842588308701704386463685326583284788
[26,20] 767812303003334215134389635792879403786488332
[26,21] 131764698881624997984371672575477131252030170
[26,22] 12242397677315456131962505972645560639094460
[26,23] 1930487505574968460771333234487001694744334
[26,24] 1842887157311576923851317263858935710624526
[26,25] 746922590714107854024005456893303731774487
[26,26] 40875545250088056078576070982648524436356
[25,0] 1956824790376244535873330258018759216201728
[25,1] 2562695681980358856263104937839128282660864
[25,2] -5867467449582703360327748201758431880151040
[25,3] 93427045989662191912876417764253343060459520
[25,4] 1213262291144226495860118713039280051643613184
[25,5] 7166086937464148625700613470544833989005377536
[25,6] 28739365448264193896188389681662655968499900416
[25,7] 87287704897366777796421671951595748248382283776
[25,8] 210215072287261512267674447954482554945055275008
[25,9] 411601111723493828400124840088708248465396187136
[25,10] 665927833368848419706037685348760875891713763328
[25,11] 900558249830199861837557783661579335545518138368
[25,12] 1026855987864055014231205578981682637400012369024
[25,13] 994200784299553362050093662328272022291587943680
[25,14] 822352038497311442180562204092077023579580772672
[25,15] 584311411716222366654128522138410584149701392928
[25,16] 358170346317411480084360736425824778874290164512
[25,17] 189586400241669596944785421375545222959928793192
[25,18] 86118559446245092455815746642897994329268644784
[25,19] 32951744915001505198954061942583335247248035856
[25,20] 10224999609443316220726685542912504407768440760
[25,21] 2390511651151422306823975766919596343347825836
[25,22] 351739940981778388514824913916961420940578104
[25,23] 9798980112852538691769685307916968417138786
[25,24] -5696289820878450643036548006980329182930078
[25,25] 721496330591637761861245420257780188792928
[24,0] -22125261689787413894280030788538844781215744
[24,1] -278764724085324649910780690486775347146653696
[24,2] -1756940099111310760067693826054156294108479488
[24,3] -7648489557645891072932683524672803402454401024
[24,4] -24313089652303609494475256133783285852607348736
[24,5] -55296302923092210014480860613191962015218696192
[24,6] -78512182143771770252414507319878440776530886656
[24,7] -11834245380456171956795885377677265041793851392
[24,8] 291131736642838142984986065126242953559305490432
[24,9] 962602296986768444044742250468477846606535651328
[24,10] 1977324308367106826686959632155868175050019978240
[24,11] 3069932058947677294413016761574665400807113426944
[24,12] 3836649591579187722932217875221465731278507103744
[24,13] 3978727065095149971966580645558504167916417393536
[24,14] 3486735694316942529828635879240906194390434614144
[24,15] 2613700382120559826948930831489798050651036235072
[24,16] 1688431891083114031928667097269624085036746469632
[24,17] 941567874617688062008110566346205620175407247976
[24,18] 450541927784169782846794428855581833100518149640
[24,19] 182050078802577139952658572233269521262485504432
[24,20] 60361522138172149376407772070466788128762647199
[24,21] 15629078338222371183970682942083532661859652552
[24,22] 2851712344067651894929390672816016467406091372
[24,23] 259175310607801029385195573135659274068728444
[24,24] -21146917168501384804387100966185841200407252
[23,0] -187292469978764569057530652787721421602160640
[23,1] -2132410094300950984071578725446055324396027904
[23,2] -14358066112334367835635814275314868376733483008
[23,3] -68743937732580651088014457089165353832643821568
[23,4] -244183173383868981614450399254002402378196189184
[23,5] -656521924272867602413506381340199424647077560320
[23,6] -1341561246398195620448177742471325509824978812928
[23,7] -2035111120286685784691479825395004146062042136576
[23,8] -2059586597034836649602021478360398214512273424384
[23,9] -615825668720958991983952935602905646304148783104
[23,10] 2545544118735940223262648265568154637728571944960
[23,11] 6633342659807186486734907305742828035325776494592
[23,12] 10104033729950926709990378090611224846916779820032
[23,13] 11616086402086350939933276354310711077099564626944
[23,14] 10841699304253456488125735876988029792305761453056
[23,15] 8486837380098030326985303915128581133903214282752
[23,16] 5663870341018396503149701072165549926432710273984
[23,17] 3242514776777740823845747362028314433696648112832
[23,18] 1588862120083796646775046705036520189331440802944
[23,19] 660234951469169077367075655531481941216769481120
[23,20] 229234047037888406755612893216997444939163339368
[23,21] 65146950686029228593768915279564536893898438316
[23,22] 14674458808520860616177744595360679836919558592
[23,23] 2456642944735892492002349021046467163630023736
[22,0] -798089996260096342756128439594931373337477120
[22,1] -10492413473210544357124118518388867121719279616
[22,2] -79454125910679018462197176046485732251444183040
[22,3] -405576126294796036664516515969840452466334760960
[22,4] -1497728663841546015582881671725992038549032009728
[22,5] -4181101881604018294855149553545888869876803305472
[22,6] -9060920324735221855072700325024965282313001566208
[22,7] -15426535221302061228934050232399512347671822991360
[22,8] -20531180800875178148570126235309596344983969005568
[22,9] -20596642832912205919407816610015230215483514175488
[22,10] -13518301327891125662917941464009351164157180329984
[22,11] -1058835059483837931347538393070832380529557626880
[22,12] 11823542470067509145765832465869287728677117309952
[22,13] 20186492366141326360845138768841510395061988195328
[22,14] 22026730713937120341629644343777668911442648382976
[22,15] 18671145873380002074615295162582768232401844039424
[22,16] 13038767758004921855688989473521150737987256852224
[22,17] 7679090926434219709575309199320180046004895122752
[22,18] 3852131323094321663723119288851370814215499289280
[22,19] 1657001978147274979706371006695016335972748247104
[22,20] 617760209592943586451262546286365055733783412592
[22,21] 202708486088163965682029983563988350861171055544
[22,22] 58890233374892219496358209344785343513790627768
[21,0] -2421978821089784505814591196691206838281043968
[21,1] -42540071018946562332313297034849253919889031168
[21,2] -360518967592767763945639191021455382841395249152
[21,3] -1912404182696559103010855595568097231547429552128
[21,4] -7157800813591267674534360438266267884232322842624
[21,5] -20164438303896446059730327288167430556079210627072
[21,6] -44418268293512084364233765556990781326731024531456
[21,7] -78278826356731577834094505316044007200928860078080
[21,8] -111757506526482454210469498922364233953343395135488
[21,9] -129719594115131153061186199987536476345486588444672
[21,10] -121466785591504469969290913706877528914430420631552
[21,11] -89032514699119477936530642919483127104159182176256
[21,12] -46231639210203599911406398693957977621697688547328
[21,13] -9274189751583008709146748539522184439918123790336
[21,14] 12527415549594091657279318482695883134528921182208
[21,15] 19226061524812784267439176788903802298722868465664
[21,16] 16549413106478541172540438760939395594625606725760
[21,17] 10795536392029020693193762203406773930098162745216
[21,18] 5826070996233749775392365844871521774381499404480
[21,19] 2770017050016180155130005611991393968847336542752
[21,20] 1231725972721523972656184331032269108063153420720
[21,21] 523601106334070405234369959837713444234479397216
[20,0] -6999799235438585592635380380180794708879998976
[20,1] -161653980990078972007281913596756810508133203968
[20,2] -1443962733752600873185785283657726566953056731136
[20,3] -7704176222613777426312207220022961721171674923008
[20,4] -28673162916013338658496708521512184914224472915968
[20,5] -80304437698218751258980467605232352676051169574912
[20,6] -176749275281320566707810785035620118481191489765376
[20,7] -314122577450933717584215950455184205288423013744640
[20,8] -458874769881232637857737160108544772136654706966528
[20,9] -557577896633817853239615825954864016868340611678208
[20,10] -567827586965704794069297367320461868277694755258368
[20,11] -486330379155352463391392324387593074861400428396544
[20,12] -349703060713398410985601189406934993640493065371648
[20,13] -209057182094091053523092012985451626127688077242368
[20,14] -101472223962612477602096884114834921135352356521984
[20,15] -37943411363238826292434685338224469141934474814464
[20,16] -9340085122328483511500383059885002935229894956800
[20,17] 35654052169623561132075021337629141959439328256
[20,18] 2098223145993474236962846823967551011055852738816
[20,19] 2253017826693407256417788155160218921740836169216
[20,20] 1871587086307068051228308129119213307280305325888
[19,0] -25996955443010612086775087171900121558160506880
[19,1] -601520355472817636078848220279179957931012521984
[19,2] -5231481339779573403076500184297608963471030878208
[19,3] -27215372296653856690217950302239403461727177670656
[19,4] -99140179805124875526452178976528568640916810629120
[19,5] -272976494540708511375025651697340594331522437218304
[19,6] -593523957362450224615129448498348397466200928944128
[19,7] -1047671323740490870676832217294907834589741461798912
[19,8] -1529681268354413773119441269954151089364460115066880
[19,9] -1871800565502338848169646005424974074124324511547392
[19,10] -1937368233092510354904313946527412433642026422829056
[19,11] -1706472586002382304259514059565097164999317959999488
[19,12] -1283540956452878495517447773780368728610914530648064
[19,13] -826389820537206287288117405892824876823216368918528
[19,14] -458481319497866981120878372305780121655338559156224
[19,15] -224105453481713813147460799746348391035955585568768
[19,16] -101070986193706410139439480911957483085119877279744
[19,17] -43511406849959105520997874278336811032053090660864
[19,18] -16233692317490585292345597422121598832049905561088
[19,19] -2921018770928364649930470453070702925895965713920
[18,0] -109914228796713921340078755217548321409506213888
[18,1] -2105827033578258781378877488799363959525547704320
[18,2] -17013649278638022828909933160839381797058232975360
[18,3] -84648649123047814380087825617098364565058863759360
[18,4] -298559246804200320277990909646978844724807285604352
[18,5] -801260323827481317281212185566168851790184031715328
[18,6] -1705058846162576393951993404127010528075184695410688
[18,7] -2953276240721610080330264996261224469299658338336768
[18,8] -4236595243827519031596335530591486179140012931022848
[18,9] -5092390667318421011517469122234339474808867525230592
[18,10] -5166083100194072539930826153297081751604655150661632
[18,11] -4438956307136517066570513200854041078388910412201984
[18,12] -3234067247342977446330509766811825716692200372895744
[18,13] -2003293123781524226103761748110399515136321875779584
[18,14] -1072068407551232425110594629130040898597513695608832
[18,15] -521790537133724774922044924221741298437627017375744
[18,16] -252740078670493952524650668438740997895356840229888
[18,17] -126172734775188569067153863697289288429444419194880
[18,18] -56737762619020396499737849582649402634514804411392
[17,0] -411243853106456093967150903142574393673566388224
[17,1] -6549930779349205004519434701098826877150250926080
[17,2] -48746800382412972717177993075413372103967557812224
[17,3] -230413944926877966493684956959525668870968475385856
[17,4] -782251997505918818123370978959039222107735031021568
[17,5] -2033006977781383729968497192503094014478911855919104
[17,6] -4199159173808704962089709731991328871129505425522688
[17,7] -7056675974888208639305184388660533992121191318421504
[17,8] -9790387375783931392714866221674774438196255962169344
[17,9] -11305684302634186356300449730330212725666789984829440
[17,10] -10892334752580554683804949225650292512772607841271808
[17,11] -8725688883588067161112874364966195088314859522228224
[17,12] -5763844651171723031189993745206435280169756490399744
[17,13] -3118534559816350229698874646751868229124221201514496
[17,14] -1417232127334064812045277468780744527247292201615360
[17,15] -625446511289828444409943990455088966122301974208512
[17,16] -346907171584218637616533109235712845947489343670272
[17,17] -227500310027908516692312273188738322766761531297792
[16,0] -1255246957832011794986537407089152230805620129792
[16,1] -17510778349482820153341182629332642164775671824384
[16,2] -121170474210269929177694159762527955810334992760832
[16,3] -544465499408108789214627669777057229429609750069248
[16,4] -1774306261543111125973345707890578766420001110884352
[16,5] -4441765017390703164334153140336900917436866162065408
[16,6] -8832302946767396110154665842713441321020866728820736
[16,7] -14227727415963058355949651111654363855205680837296128
[16,8] -18753726207132576406431787388420191611725739134550016
[16,9] -20252043094918361547467835013218521397502724991877120
[16,10] -17748775523414968746811218724586713084641509109661696
[16,11] -12293314526644458845777539931206606122203529673834496
[16,12] -6324999222159693913117971262515248843057985403092992
[16,13] -2042097625739507253834839168666380793773090342633472
[16,14] -149667189651087898961070165813542756829040079323136
[16,15] 79835204150500886209240862906053837398739449593856
[16,16] -210960113233107606969792287543214037920119819042816
[15,0] -3122709876417626096408910982748390286542394884096
[15,1] -39786374835433540645594766961621758691421183803392
[15,2] -259080775758022175928449791157721530258317943767040
[15,3] -1109663658387199869823641509721423942141602147860480
[15,4] -3464350555076416992778588028725013170475071919095808
[15,5] -8307655219033164532571515017891228305765744360030208
[15,6] -15752005412854706559280844840892128366557744817242112
[15,7] -23952313591687501314297527220375775058228274977046528
[15,8] -29246978900451062087229179060107877749108041920282624
[15,9] -28232262388668912518409698426731615045089803664097280
[15,10] -20483164179089048805458953912696805115796180910997504
[15,11] -9398152342710672808568897230184431172278073843253248
[15,12] -19694000574828518792336921585656983736459531649024
[15,13] 4422322816283399559075572194469215935929137199185920
[15,14] 4222574749227331646271967061286357985391526881132544
[15,15] 1974418019663986191314242980427319139010094909227008
[14,0] -6425064139297465153385442963997632195812787224576
[14,1] -76771890146326186286434888342698047327694850359296
[14,2] -474809845480153267980131856046580375397489860149248
[14,3] -1942043593535890038050469477831370474357815529963520
[14,4] -5791898173811686953439434436303608799122030482948096
[14,5] -13208547636566317853432626391424110405047188084228096
[14,6] -23568580668427863161375932846890987871213686666297344
[14,7] -33044801366974974146078937458766749527294456599937024
[14,8] -35700576087947287627232012143568294584118848302088192
[14,9] -27584390439439392279730031921110937695280631080026112
[14,10] -10767444702147183108149335478322214300774122361192448
[14,11] 6971388111038884705196231945704441879330392526290944
[14,12] 17440224067290866957930827688993783217684114449104896
[14,13] 17769461306271258770256647742073615515040464446685184
[14,14] 11422297718821791246818653871471261000611082966401024
[13,0] -11085771640571179014569361492022813284366672723968
[13,1] -126155614815125704762503698268967132521028344872960
[13,2] -745089039455683685895706517481066261549882955268096
[13,3] -2909658372632713631136359708710892779650698480451584
[13,4] -8248814657169687819952283781034806463151469569769472
[13,5] -17699081774770724581757535618570482616155773863985152
[13,6] -29113418064251569524831763062707011419190428010807296
[13,7] -36049239657825888416463278792575647168085944185126912
[13,8] -30740553750590914232624279897420058344447105132658688
[13,9] -10699638888966184203774029927570942617302564010459136
[13,10] 16844375705729584096421897702579811136992803016409088
[13,11] 38425527223304586192720994581746816218551263934021632
[13,12] 44017674622948055069618578949223196471441089703182336
[13,13] 34120293528179794359185557465904528943195657509797888
[12,0] -16204422248753386119521412344813851170276068294656
[12,1] -177102088442769917417334905320759122212213510635520
[12,2] -1001033045466508908133367300580971740500194632925184
[12,3] -3722732654557610553233468318487906457631462489325568
[12,4] -9953389096835684135498079341913302155590789633146880
[12,5] -19763793722663587149309637805928628372650900368392192
[12,6] -28904661743699704266074224911771425473368448959512576
[12,7] -28586827950352205345385660878207862054428475467497472
[12,8] -11001472348953607794306331972742942777899665974099968
[12,9] 22135404503773878533011128895206159918270606064222208
[12,10] 56753885137121613641135592114943773781165437062479872
[12,11] 74892502065170712605184784613086407293474528699613184
[12,12] 68267929636095600645974660411906820482758168014749696
[11,0] -20204115551727287452155254950692772174810593624064
[11,1] -212930984053819617508896981784795862845703103447040
[11,2] -1151497005213010275394475885965414613995801033048064
[11,3] -4058662535679668953547328419872317205451903342739456
[11,4] -10116864024211108893857338402541544038487593609854976
[11,5] -18110264938808253213531090290013006775224805007294464
[11,6] -21889926892873003845488513777368281461214760491024384
[11,7] -11829854003407164087523213839496548734596052202553344
[11,8] 17402844503418049634213020137026413613792127581421568
[11,9] 58205855937834090571789212954998146194934188820398080
[11,10] 90938125188247872494903925992940835212184855483777024
[11,11] 97302836269351261426214763326480727089812476312682496
[10,0] -21574796188942900359430768763199188548866363359232
[10,1] -219619445698077091813101628892143315003587596124160
[10,2] -1134413233694573532420938124781887778133844185579520
[10,3] -3766177852355430295464236379176861119086784703102976
[10,4] -8619997601456443056159389314229543069697352939864064
[10,5] -13338268533503975365398850831328998581216610462203904
[10,6] -11038885661163137352934536231273286480881483157340160
[10,7] 6561150694860760293341906571286680597666732900876288
[10,8] 40616785552473117100153171991147689787309767549517824
[10,9] 78692984267951786329499820021025723924351326470799360
[10,10] 99986447441869467860162206834895784193914397744168960
[9,0] -19768496275497307351334009277218892204605079289856
[9,1] -194537973589594507516008890026452211329209471074304
[9,2] -958399593890797655931683327065026217046537815457792
[9,3] -2980253269764534718066187923947759487578279832977408
[9,4] -6160146329045897711573439861865971985958910644191232
[9,5] -7712083241763969569730941578335324862474757961940992
[9,6] -1605894557499035171473475474694663108754970970685440
[9,7] 17492486822102051686130431680515870877304924596600832
[9,8] 46899790526393650255543437357832081907502111491358720
[9,9] 72906457571000076665746451146611352143488635103084544
[8,0] -15545094941883180849446443503351189885851499757568
[8,1] -148160525024445943935296393571595997547026389663744
[8,2] -697017931269124369099470303135413996176700222734336
[8,3] -2029217587673638144006455248692772074083107559440384
[8,4] -3756887886263403992237135140689181383836059687714816
[8,5] -3510552923229761486098650994140285292747604585611264
[8,6] 2796092204530394028260531501332738543743646411259904
[8,7] 17391122339666771003507458396503824776381373567991808
[8,8] 35812233215191269885413858865188585787674093502332928
[7,0] -10476333948491190991623430392408183373704093237248
[7,1] -97167637085126881151311792304212882941523928285184
[7,2] -439721865761055135958361900723293741731089569808384
[7,3] -1213658097547588947095719919571197102885633716649984
[7,4] -2064179315600075541903113389112503925305413082284032
[7,5] -1509038807487855558346387057718248883635590881345536
[7,6] 2498633247892839977958129267294624983297764836245504
[7,7] 10137934653375276640285871119045598396636692532428800
[6,0] -6030513043419017374327071751101413288688557752320
[6,1] -54944889770570626943453709972906713283760817700864
[6,2] -243191382549657334916725708104671172746000629497856
[6,3] -657916697014590588792406316014363912896839793246208
[6,4] -1120342397666249492724884264374115114554046619320320
[6,5] -982248435180245515999245635487268040069485573439488
[6,6] 412604878381186391688126700754370374458587486355456
[5,0] -2943999904911162904551204994913644167114824613888
[5,1] -26737240561271026213769023769893734535639488004096
[5,2] -118766866744019763505261775145065390817277273702400
[5,3] -330964116154561443318727112277777000238148527063040
[5,4] -629832246685967387664688652279530209686626766946304
[5,5] -859856198476448250592293934610949828567640611749888
[4,0] -1201176762210468927478064023835017361798973095936
[4,1] -11071214408565601053893732755787763026907266809856
[4,2] -50776109559521571514978018971901820765202217435136
[4,3] -152122468145016894082578440571930983429988933435392
[4,4] -338633603902998666459285429939729130803086902689792
[3,0] -397922879266969648297451314061740845738991026176
[3,1] -3786645824404652762892154497691849430767102853120
[3,2] -18308912988266757327589032881965944018793089990656
[3,3] -59888944055148673609762005645314998259662773551104
[2,0] -101257065421864597796408660381059135638186491904
[2,1] -1006984637374446482390959811179943089853568122880
[2,2] -5172714507023381491152645165789775675532349800448
[1,0] -17714094798458576968183046937483676139936284672
[1,1] -185111474554870744854974110537324233273318047744
[0,0] -1612394315542715134436572833420612239743778816
