[1,1] -1797010299914431210413179829509605039731475627537851106401
[2,1] -16372760510331484361542305113309734806442333495344865636098
[2,2] 1117162530102606006614108998519783429011925311700009875843061575354
[3,1] -70039031071973571991042082984713865560892204396753036332197
[3,2] -1640992306923559354773140558849616692812061432786914055786074769989014
[3,3] -104442072008329571939314586574370968912109091953428343806539326290696678864
[4,1] -186890531952407487700750848124674997580258991027795713644056
[4,2] 213444949068320452172644393353872333386335594121029615692183725340069202
[4,3] -118183817317754815032357153971821552763283913156824523447058809661107856182650
[4,4] 353116649119375592692625974650808541572312101743287774001449412835636618748720014
[5,1] -348545235608191667340714699728108785255633182300382742958084
[5,2] -7129288591388080936147767136235331416971766411759224492235143566352877472
[5,3] -14671720664648875201229126003445228555573090317714753899738396782630376528064667
[5,4] -43354214239778453205484255520394264755947651626758113341023521526835531622076169102
[5,5] -1953470259125146807383345989701668284220313761935710186881574778117741215253949151962
[6,1] -482370858389556240996606633265656268617528812742425992004712
[6,2] 91993783804175818296874338868768078146543381246058319355747408614991260196
[6,3] -378807065300115301605731945744957146517995985043370217478765578466524078951347416
[6,4] 368377701950192456015557474607145546488711439005974198916839958249606499910632238989
[6,5] 23258553508872152555513519499253092954859188141389597075972842794395702271879123425934
[6,6] 1370985258971912969617100487019022997470028989603046467386889595199231844899277236036218
[7,1] -513296608330512771662281931153407038182244960029919872577192
[7,2] -565881182291405417530462506613141593082722754065380916457957288448510073912
[7,3] -2826576424742644524461777693679092202846741353615237367605869840304809058500485066
[7,4] 528813686429392650198735586879574120715003752717877028600653210790271472862734726228
[7,5] -66878759791022257274514515173444405309833591711140735040388780347441735078375111056139
[7,6] 7514918549250143672641394487444327928047593907078995508891933271972025583023481196746570
[7,7] 62391140872391486935455257328059827234417913310550443340836129607921834171687265515574928
[8,1] -429281687625881409640174871476989808466816916818274471971904
[8,2] 1884024636998148099402312397546080283623247560296901834447834487751053566957
[8,3] -7373141914839203191539436327323710502913709861743128533768147875956817332174576948
[8,4] 3006188255203170982173160835147634636842026807277242208701533797030416427615307241452
[8,5] -1174444415389164991925944183941910597533094477714538570566656161269287316621379039244228
[8,6] 15342069909894647215027927633706788610407164502004556703807969926040832663082819286852050
[8,7] 254600878183227887033196208338842214577301560760070687452359271520831399625816882217961054
[8,8] 1078279825554746108995552401608109192850665814803283678546764583877237565035434124058049902
[9,1] -285899161329220563712194660657562746201361273907881793694162
[9,2] -3697868225321962293955511885447374670011887227171506751286550042594726428408
[9,3] -7227899326332003123235185210365161455760717133747689533160251100666313830221161262
[9,4] 16789529862018588538355438316720480967514432919670857420111860001706014207933481552476
[9,5] -2487630353512868260923368985779451062531477109534304126265900331769419865417684669013622
[9,6] -13034404657534036499850098008582506923495103424783539304221136575475261979819425781767512
[9,7] 562790698633973264950401190218237469903573901097916464088898120641003341714520931391842013
[9,8] 3611399653308194328368353480875890801509217196574102158472736852707618461688155859823934930
[9,9] 9100214769134627086917809232622811517333768941268648068815350799731653700761301160191948027
[10,1] -152629914568302119028870880496314553548983887293706398245132
[10,2] 4555237441753551362817993848291923655862636650509210136966722178204460862242
[10,3] -2058592057296853789865003159943901234115521037865042006483861632969043124125362268
[10,4] 48418847449090837683203817753162729298802233854312280784395931552734378685049104143605
[10,5] -1409243748507034190430266003427207489180865630528743316883697540782187591175871221257216
[10,6] -54753809182736607690189471386087491250844287102814428376765370939255384359250410284275788
[10,7] 277183763382541570330024290552355370723589153998499893545372616132706861849301895190717336
[10,8] 7827662355673549169226000941481426413770448420424947931196819246415440893198359996596900392
[10,9] 25984562526041930521217433532107788408532209569114425475566810939372845721490790019227123604
[10,10] 38436116479615586813569095588426533436500436322152760450391432541929513540509417619878747740
[11,1] -65368918692783610160645800126017057003082520014479490112106
[11,2] -3699493022343394147991942092389826445024799476676706856092580064784598977056
[11,3] 435712942729902986781106007422061024770700136329274594111874115508511503740914476
[11,4] 80366469852479497720350641899589765770748641608929918430991782844376275031956156691616
[11,5] 1477472825954621943508066752064721566803248729584708840996930735165937298338487045400014
[11,6] -31125581683167626309160917231156913603117836208244210690314774061634679720441324485056152
[11,7] -315203295654863135303467200540259404482198123187565003781699179082611998080404963987920681
[11,8] 6207366848725026087966491154049871655986322371360878880038514072059607587235213193917727306
[11,9] 53440440213898800876211233252118993085396460305973925499723306417576861694848233758659282187
[11,10] 96040941858837811699135959445875495417987188493490814022579748699573792769104602420018935952
[11,11] 66508828924569124939382676278390658645427844725102395188807835117798487049904933641093963094
[12,1] -22339531145752518867606831296464738793301000790694468001024
[12,2] 2063370806778003185411466623822730049601924261932949549709969448866280089939
[12,3] 129304860789886878486629022032390709295051154355206757164988215986387278859233108
[12,4] 80476270051434125418285602664245483185719713589140697787698493595189126892765371661990
[12,5] 3160829468201357769012498881604331064946056948255159006285647425663046643179104502107948
[12,6] 26022456813686235755428519551358275094553341529745519051012094682654884384740195776673720
[12,7] -102709559483832602511559285844198794291507980714159803968544569582801219601254203120129198
[12,8] 977125529117547599701472952027800656957311559542224514204769896292913316676183242769765890
[12,9] 45426782449220239221888525396638314178460282586648108800462758368948744139956442198868085650
[12,10] 183516497639885577763304291022602758700060345325240263714055321587537227539234534316570654296
[12,11] 153477129387700182062887155975581655470056908862940355129331972403263029773723813586616607724
[12,12] -26443990532889117391578025024702334128926289026617763874554252301007299794539008345668271032
[13,1] -6009783406197971463567714751714152017431251335416570251906
[13,2] -818463663043509440346480675719301076946134700367948242867518489816349564244
[13,3] -34786847538439217251745711812554184184253099212746951238609098564675445986986930
[13,4] 49013311949082015410089478603396529778693959453998258436788720717984039615890850293968
[13,5] 2721642819650817225592011128848206048040927085876345484118793549330119392586499850635460
[13,6] 45736686555118966900410894601790904893422267358631662706609407045063419296296219889923220
[13,7] 406120042575173548800747504664887088133139113469743085010824838715645585212702536112566843
[13,8] 1036080983839549224557353702500563541298290968574013587764484936545483950368059499255633810
[13,9] 15508776558908584503127674517498662503510285171805111045352379158229873776602127405872167772
[13,10] 151237108250020044103566291734416548645580700537053417095631261464445056006485856777947564838
[13,11] 279225068905098207691308342672952253454421389054314682338899395641822595124017219360764214123
[13,12] 19859322758590699905221798226850426878315437026529348504813455758262568423307896860271443272
[13,13] -165723949794916476382188979460545990535163776820369795606421588171446011927214398887824273354
[14,1] -1238493082885741520744487452918152494558687808839382143852
[14,2] 237970740095975383570653152311683223932319308504655499400875068901376088476
[14,3] 1758622529933499830435329135019441318187991707309655629592737975377980004557140
[14,4] 17548984500217701488744831914726872667886377407345406988847016311746406367640450151297
[14,5] 1458545711296006421713541212747821105666738591803216661629980312077205619599678354068780
[14,6] 33534404156295971594287687893982485086155075025285118032605049597930109244033805945772828
[14,7] 435912472918899806402213323428582986170846988165008102243944777762309323885281362850946160
[14,8] 3031571806111389770276385959196500709203313793814184693230242164404265494532776240591245908
[14,9] 5612066994826670257960013467160142059173364049489595434222431113699067784080720191982058414
[14,10] 56197089834134781831991225844032387563159831169242228687595043029341264222500113666393541190
[14,11] 213503009773783037765585091650185254542944099657127106081252717277768859472849702753136181022
[14,12] 86424956812675514176758237001153406517205700670719612870803089309216195499024360699409788131
[14,13] -126140180520672961129969718010101912961246502142262748793293933670200718413783974982646249976
[14,14] 39182975369793776424675630091101521763240415315173549531943042590286650889200919143973321656
[15,1] -184651120191462912123257045099280168084249600153643875438
[15,2] -52045121905286016353947730189678783143071516059767957254744499805728427940
[15,3] 690715719735186676264885458923086140695665920538316111904367345772420522404638
[15,4] 3270426091086979455830439045418956043529577747327861538464600676457329571232979749552
[15,5] 562092749683794004633111364968443180572005570617071903455750778794941789568235908647366
[15,6] 16411989420614939282361629295977658720529568807811966266755883160021387687002177571942060
[15,7] 225101852859984407783511999657209010437180176719145740735929579075985440680429837434125661
[15,8] 2348100956800258637375035907761677417471627869916273456245904160600236872339775880919407626
[15,9] 6865083145572129248978341208869069909299862056697641376083760353326620938696804948533297544
[15,10] 10890891124110053612262368775797478832602811608398685733596406962516859474424939724512933382
[15,11] 83326180316815837806803952203742635222270818958479110323760595984318146153807173285744849859
[15,12] 56264176427430071721250552799497482951296445596163428395214917343282572498215475833931532580
[15,13] -182932392911634438197464473143006624929467526111455876805240605640608809731101486424774782570
[15,14] -14766519027368293315683255835690948741409750941682280878763976572493259103815669163014255616
[15,15] 190029968683892662879331085894053793615197378823564325239018078770949175293855107090595812832
[16,1] -17062573064689144374259563582770637891814073960012812344
[16,2] 8750130913947558664609031972133914717548600127981786632416639590896860483
[16,3] -369502307932226370513648477458617386579629083071793847533886849824780119327456
[16,4] 174797441770991400096259704888233051238875494170008207696532597187183685459825901288
[16,5] 182059932115624346252084339558678657836676054099805730784298870936492758754450915052272
[16,6] 5298957691660913335432332168364468111871078444312728716616676358378033299735327794313952
[16,7] 66002003919089070191058066044095088222215537437090993305144364332922131283956786971213830
[16,8] 773623451862530453528415115836602844789019171537476108262154068980291364853411205108644838
[16,9] 3952833998645383064841104241786985334154056726071641804662605564502530316216162185148709738
[16,10] 3531851803968907398740663159663646470500722247312460512263716897688391854731239083045263799
[16,11] 27677232498686326524558858658275885442772840720832927319997042734350465452105675731362988620
[16,12] 52748350787049272835619931647034223267913362563872145868272475188812942868393960404192903200
[16,13] -88087218137890952769311346264154588531083549014181636212157062182893635782452750974127009036
[16,14] -120376820163085975096805623204726623970862013218065826386280345105433524503293492624653581980
[16,15] 41600275732367899628120401051337782558226198063920264940943001866994391184095425315913382912
[16,16] 45804846467878566637092801974223468800845209730243266667668655410362154255356660148066795840
[17,1] -306836982224450314756360522650132379022734204374583569
[17,2] -1151346731976475168556517686441421689139710812861486168711580364269453574
[17,3] 94602608574374613364378821547530933550423590134559356288192298369083558962701
[17,4] -29399017245159634535625471271409154700764600619840996366287511596145063934365664400
[17,5] 47469887847916618508673841769133860392127538819326348693874460196087970493836876004458
[17,6] 1138115960435144953212875103937029598276492591969455129073190695818672437579935288425516
[17,7] 3234352043550766311017740931978935497430669159187790499428476866859631106662238300233231
[17,8] 104456186544128590496624283904196342420858451436677680346934694365592896391583259136301114
[17,9] -10652454942264234208049404619637143873927374318015716794246791964097796803834607628235297
[17,10] 584631946071330573945394890727926359146785869651879337036160073154317781234749110885805016
[17,11] 3644938641968495651987382303599811555704639612127632241414117355430197860290192646848231202
[17,12] 13654313102983426823618223513563754468301438465359848766733788406401576434339381567693784684
[17,13] 726838861791941415690241668976378101541089499560433936827642882100783062795976785810919446
[17,14] -26789515551519721756804310842757481386045350904269814800081980307925269007292463745959655904
[17,15] -9033265089057931472558479842450697917562069030935615531565450630165561585141699115046430896
[17,16] -832636293446747366774656609419467778283181950002275920152773024364346758943450799409612288
[17,17] -8222988589792244847402431221261341076228358469535313311194051945881228109893013350956941438
[18,1] 154376298069118345056778112041391159609480318408788062
[18,2] 120286632975042553764383463316875660536244230231380767106795196539546944
[18,3] -7634095187590778252649347591656095949980223986837521709847697555253589803534
[18,4] -3050964667878475133845326965661291539479074574425793077004606165131453118581155745
[18,5] 6130644006963147085755381824940811725055303845421131092835757635726006206850918320172
[18,6] 286525808725322536085443034211992993915311243597251143346902017391233162239890519141592
[18,7] -2266304644441099858337950506707096847637135752330628737961177115524707262898489859172140
[18,8] -4121468050348870922661225843839794093025105474309615698535594493405993499868936082520542
[18,9] -588111180282947815376740259306606536081079673699246795465305310670696437573752595449076852
[18,10] 1715191379635512136966069621883762992823848480685884009373984474955486905480376677653166862
[18,11] 1712781679210709479956539656717526673973188842660661931285482504431039076300407898418441620
[18,12] -1917722168448620069663728629242916812175686552229655041327326309305428834357030992945487615
[18,13] -4579959879906571234248781576516364283464453501630022648458038154273819469435552575764816824
[18,14] 4600511794757441526005915991588142022141821513624740865248177348644178617900212084349824404
[18,15] 9815061219930908780789882199329764143441611407205408372028286748725433559760373166617258544
[18,16] 2720057923807088025457942208481740698047606210848419441365480728860203980247617282181460512
[18,17] -2562450483201601640697838634391810703094376711090555635642801738961115362321358664124912108
[18,18] -1237056827224852650851498936988086769897443872393798166863855993593907432163261610047854212
[19,1] 19721283055505626006991607331685826167230788051227091
[19,2] -10091524477067863693100326505773846662842509240465171486772006443433226
[19,3] -1495705380541258685750476511659884847346814652092691471185537782795127682728
[19,4] 132197036699026120754171471886145026783141765156602619194423775629822823792241506
[19,5] -240996160180937161303640626242163414750818340963164628822274184736722890779543116897
[19,6] 146276857552419981682674441566375941888293178857639790381248234292293145219049827944204
[19,7] -984421442374239759648153385044876202656475849564890831484657168504013222105974469568759
[19,8] -38516611338447269613993148341269753508188622003082953804149279651997762271612041792814878
[19,9] -173163042860337700155980129398150763779321107030176835833674966910405504132206799138180277
[19,10] 705854906516182304228955502412662443505008913835354499053559073019604703565356614763082892
[19,11] -189980938289729155906618817677715200287290673808247694386113501028904336632882992331032959
[19,12] -637218089321288916050704529170973411875427013707869376300185776543136502093936915440679070
[19,13] -1495201581628787279324179573752536122606087855302428021639918286825244728483315226110499443
[19,14] -1416765817555985976927176258849032793699291986630854670452228704586488582363405887654492272
[19,15] 136951077060464740432716773481715722873954494645491545897939255742776659799626195843353872
[19,16] 241473252794298135775223970694238240816416369587927383183535234456538997994094223357579424
[19,17] 210424569230321071251586052650632255720933891159215056852246135126176126544518421324085130
[19,18] 250721189085372575790359604777208803513071047040728342539820241467621521288461154788969724
[19,19] 83833474933389614137541616686432656154933679382956496016249884932649289721751185841901760
[20,1] 434062528236953000464898507148990395679923525711376
[20,2] 685694786934640627127624059642603919480496292227052953127024191561813
[20,3] 398468528239366280224225367878728270857966726055659046436655480245824035358
[20,4] 14658000139731181621806237323122327086858239582423647107766419701584736262308220
[20,5] -99650816648630856581224134000171978280711264255695361410597031172248348545203444934
[20,6] 53923605777704033531646167314113152716140718724629129294098326611676349115790389768929
[20,7] -1074037436376187197530440763058998752365646625711917400416517927066624403532021945776678
[20,8] -10349161492366835338001545354854206984232071725116999560761744959429453494365354886062038
[20,9] 77517220547240247637386671629061154701724008086689721572752498743168917350254597925310666
[20,10] 183240684335518898156345811615855261693879563275383643224869182070785929825697854017166489
[20,11] 63528303823104377259425487003408069362687734166005568317534090332701222950896650552755482
[20,12] 590160525215488785798264300920162305464495906560909560320355176923796344907297055240152096
[20,13] 1304758218067782350625100894146317284395392515872753865894715548230853399090132154980867458
[20,14] 1117450613402901768186385897160053177748001216188167090746930874631683945183482866336934477
[20,15] 156700205207007942560240878399578359782520650165492889438382913011184782260066410412926176
[20,16] -329041208127083312575459175476445880708803672335587349959597724082322969828034778380660116
[20,17] -34315795368458922940538695715142028099637348190208892391111209865528226558352878385823552
[20,18] 95758962277096765309161977686046610875132245369983457943761956648209965992531763789233336
[20,19] 8822201358280054086886560345792812374021172184634540182253307853542775693200677241776548
[20,20] -8206122457414364604380338944968160682442340692046654047496096393405176395039459144402980
[21,1] -107716673796926116948586942522443682147675712408942
[21,2] -37963988384435714008185341237832715777749346210826887410948213543780
[21,3] -32920580000503032291115369879847736333335848814498744736306468328225343247
[21,4] -662413062600616453102157139405489719728077786250933959166206048237151814129202
[21,5] -2793592377075206051982419263532866020162350835643123630559796279568619546948381613
[21,6] 5125917875639908012798315469479568945561565925244779276215604188939503207285439139008
[21,7] -337599821341376530508262803063019170046010997951288842125345943416409890130154117707491
[21,8] 2635369633978571865949840425246655517603142265656740437499292340691986513404018913374642
[21,9] 16625217535577527184545708776927982836358811959352309920719186256278319476272471804604516
[21,10] -74982382091297438778084154459668384833614760091142668127470174373412649446545407091567098
[21,11] -158013231652870824148876594100184095526176638037363543481013563821589579976047216705142530
[21,12] -192914181750065482349746693924886649636010785432617378137097513580678191150785580285578506
[21,13] -328758159522675577619350266840020835716205327812506609679329363369977249284787689271899937
[21,14] -276222416495507408434894144802141779947341221853873421799214086714735431066089511226826520
[21,15] -15619266047116703697580229554544031590465700014030404278431917117354302480808309766364420
[21,16] 87880819994889980425641014816887411826227766419223954425182052885091414276225372237667576
[21,17] 1689807000117035846297319189180919804289182671337925029896148478148786060917129517679404
[21,18] -30278500011594506417276539759683168390344367132996984344643246348872358106397822257293408
[21,19] -4285615690044803817163255089477792688651656343755534801904521322027385880291751970158422
[21,20] 1092842391992760748843880746229158003644290854764101264917532020449033304153415116688244
[21,21] 48961800833495571428373902294728344433931401038739273835051647354708840037537660762964
[22,1] -8131548551232974359846492121777130813988567907628
[22,2] 1719234183506728943167661428180840608727364117190082072530285799464
[22,3] 388426886546320234504233160548002127411304709679101487254473723247710572
[22,4] 1816227656335899755802448571977010262288054916421091570466804486928031599574
[22,5] 7923213258574170367470867262470429506232109127941464807164317138584813449506200
[22,6] 229275629800429984868682073864067240493195268218748961991811666677514079206168388652
[22,7] 1190134387526429397040180584008723603646878958798800450177213113442768174381591032932
[22,8] 581037118550334140577922000046498415767038481870347368910535678069460709449661953978360
[22,9] -4130134668631364019520210807078394509818365020244085948316354888068760293730530094279026
[22,10] -6707855726234798652399867768690257546129982486605171858608731145996345269356733911611218
[22,11] 29704701146926135410909548326133730945783275849606972344063809072662975605462004082475926
[22,12] 75094872162128996654087005950213150873007480088215834656465657109371610536542597536925694
[22,13] 90823379715799521970795340035664507624117035084860613849927337162234942751714186971913432
[22,14] 66347349303684819876493978358943569109973306382753175413791204491488358193325368736724924
[22,15] -1376442350175439013773326303077109097242775227110333308225869674663396645173939811363592
[22,16] -32700623967208273749823783665249347270354215335113172288276585181352243144168990069017932
[22,17] -9834723085503767999200670897479654226287694119028470157626192382300091167231936047212408
[22,18] 3063688587085024851715490727210740080926669411444246278255856372538152033312042333935868
[22,19] 238635817847226042540078071936666926060995799697348729892745743835082343587084348108136
[22,20] -33185677347274953310673982160811181221029510030354616701348821797760139376075675581440
[22,21] -40475644147880027734958546156635481616455216843114861663612297053667900153830189506972
[22,22] -11256683755026563243320080857295144969056708768239580312065975848292423038462906919620
[23,1] 209106933739299956784128668788866073084983914434
[23,2] -63791581007632269903306293063857720582309501008179923128128180460
[23,3] 113238971767507799915108479207013791857660993483272824355542501827846054
[23,4] -1259474078300033651596437190319255507335160098727849332620251863174771497456
[23,5] 17911019457899630999403561857081537374856440256511810733869629367944029655217168
[23,6] 14180086730910867361390307499368402814067675290934484014180808136717696116576164392
[23,7] 1703302164993144424509090457687647835020143556218776568670323475609049448172067184619
[23,8] -68886577576938406258734758380195101374507817021237240757184246650523641823628780814326
[23,9] -50566074186849464182016218424230772782420271495530863136261227229816268490295754502456
[23,10] 2976233475726726284157757642868423157396575030059417963508037901147940060746698375012534
[23,11] 3829915479381868007450968271145835089608395581075758409386499541472374294679030155904775
[23,12] -7935041551884252786742077602294429361374328288446217792197235592600075889378020783212924
[23,13] -19423807152699285958560724283195304457202003917612324729942288685469229635953340646005114
[23,14] -16933124178902167626238645120406919258646799602905054330345586643050606307058042634954488
[23,15] -4787260269823869456722806895343620222308117742858120512793802321537292266994810225618890
[23,16] 3366084770858751782687519404006226806166311108518497720594372297969207573046587171021892
[23,17] 2125899091002403110587567372003203012147233281073575669859745302452986300044140289173130
[23,18] 12233626421057265025677108854632645503929956279204743045475825894782486438662914311768
[23,19] 46920630820147068715759310130136592961419359589585249931879615766332152944939566304104
[23,20] -8838363623971334908891780442098775039296140729531434440472064586484531243966086966968
[23,21] -5878759519951719913804190794894091479631901706111844721405379042561571852252060315718
[23,22] -448214263998376979468910244667622434284467417803919127280054252580540349194770982156
[23,23] 157747473253643610744262517732791892524162944490463656391301922382069297855737863360
[24,1] 38084115760927563404618943217572037322608509168
[24,2] 1938737827850037187214547054656422034623273340502383945677813389
[24,3] -7597096116657377487789357400596572169355918465014245183093924025802584
[24,4] 150693056308883294173884993760427604871857629261563726541954346864680510580
[24,5] 1079851803956550079946559657390455875247035343390483984611093486407935895422400
[24,6] 2232698794767445246766585331446727394096587077206399401510880309761221837570256336
[24,7] 81033684859883159997846367237434226699010237716158819652957853057284582071664211886
[24,8] 2186467747690878251487211237696499077979804958206205219477067526156685262997947083366
[24,9] 72023130451516689280762072415474467378680183378673827020460659088370762607169982001130
[24,10] -140009379058679947805965826455908126866469995411630027568100297598727340145720123948211
[24,11] -1239560253010467089415354071876649482200573438696736357389504762541131893672214176466476
[24,12] -1011812829704219630708180177064769718186667866423726289173259438873181278692251913240736
[24,13] 1483650048441616729181465332684060130783367456774995460309894576291055780438912542835428
[24,14] 2573659514488875275067341886240838847606291035500011518185666718744670899485363798663930
[24,15] 1345362793498076184862396068030588016800901394127136469484630965534573358887893111281900
[24,16] 115534917355745745124801450978820750953640355305128437831518653945060568701340831774556
[24,17] -105597798456075976142295659574125145597782386755893273494741954476009916522943054698788
[24,18] -2790972421066905000429062900634923284221732172545846651307272499133124727764498034284
[24,19] -453097274853972778728781809430838722367776158489064557239845403510462460691219048584
[24,20] 4202590654437619824026736251317887628157296860691695854946305037775242844049440787292
[24,21] 1538307169211731261356324735034454523718151050805110214126060374377501300939786732576
[24,22] 180187381622977461861546206796326611750189099768334505511923161081305292577222615096
[24,23] -17473190751419085494829648333298752547010796504620759096133262377937324514575302132
[24,24] -3193059898349497594205707940728160017105971574966955779315677838592339994086532708
[25,1] -12377787931987358813509143001856580840661299
[25,2] -48148213123660058245283894902185992590874483302191537763704282
[25,3] 150996077793161859192813592026750604308612522080678611851891773489403
[25,4] -8633260837990018395648993193836037563741564232977456458574291394663766136
[25,5] -28774850122912726776108021870950551561464003808459474742892553961568096499920
[25,6] 39067590974534369949411320006165516631823945606183368211817111778759029949159840
[25,7] 9729346112522078538028444701122602273516613538509852166881570965263297920986369929
[25,8] -151780411211765555470579362687797108063228465147412793231868882664533161725138023886
[25,9] -7763428421096026514749250596610367411342014890073444657889944372845927922236852717839
[25,10] -25494495310662082248441741569992688095830896243147245019903350028353690231741589453940
[25,11] 73367630751079861794075162570031054221620542733383575550658882447852076850515932204796
[25,12] 240270954073010648538669582484898234773793823606618651874346159612809801279460196612756
[25,13] 96741388853513197748265468548318863475190610336098464889657578990033258811140783777088
[25,14] -155354566728659100196223998926551083259855682086260830303846467828683324382931384589332
[25,15] -146108026858611466350206082945395638079142241008600396561881055107432495637786791860032
[25,16] -39355998749852709015118992531559227230378345925129292290056787222221566828213557135156
[25,17] 218756959728975914187078796816455105877648570489894398533235873702437286426832327740
[25,18] 3911029572447258375640579984226857244362310620588639759064516832444811723071964988844
[25,19] 2916185310017013869118748109743762705277411908194205308449582033543191083736817954970
[25,20] 499655697073808260895222826676810152227185597674565368979636863399892860195698625576
[25,21] 3179669991809129981121741057202812361652907230224850980440252969094943861909656044
[25,22] 2391526780991675738126861907679938834340298406715500517991454670765391855864204736
[25,23] 543142593654413231747240019230454937867093268676389123168563589124415478564218170
[25,24] 244967873787158355163032503424713535755201469088534336333614311413525924543425636
[25,25] -29115186365592585208766542518572257700395409478862442176944330846370844771662398
[26,1] -99557304077851212560988706777821907281855078
[26,2] 972757250133052514931264674511251787429003458201633975448072
[26,3] 2550159571406280754199232678979044450269988805046839085101193578998
[26,4] 364657199762533148098103265296090850336579105235448789080788805777021851
[26,5] -1087702217806411225750217348426894499854951492399818584947023627821169000800
[26,6] -1731209409556002310117571334969810575776368243960637330822576960335462076198380
[26,7] -260697779419713137835823611449746965139674674162147828974434097757441143469845200
[26,8] 23155523113584609246665563976887288626763959089284970720983750350577453465942616400
[26,9] 416183631098645322481192969258860377431507268938544127511396989476059294887834930552
[26,10] 3381823277252248049318160844267241734478219362128276176013028137364498437761755792050
[26,11] 3253307209163466527755499645821643010575208082485628098174592838810849479722102676368
[26,12] -13420013657296801829400177737537336163722587616416588614368560085239926453226948430127
[26,13] -20395451329759132655236721596253239713289745652685451634969446007828737087438921018796
[26,14] -2165538922961257447376165744253799572614130440113482581975916901675519657355293434564
[26,15] 7958330356028669861729880510132909922200547749193851198485259552900685419622076956164
[26,16] 4660489128016916244416964123612816757683085914604798947708733255829954223349999097796
[26,17] 1457629583327878111671073797465156564088086886115899714446547674897095067711613227228
[26,18] 158484111599102531035392936870810357961097881076993741881369895672236719754925695164
[26,19] -171014823495338707650638591881635259166098212087511950444260138087141572577685676524
[26,20] -61531993141681341390340195177356183038858905005660406871650070621860645197056663052
[26,21] -6124565445639168225540873239814531645248503347274043550855967836790036640158401768
[26,22] -849312871852483033171379780785021622098060157927236909660701306074503896018867444
[26,23] -23084617517986322222969010647301202876640222909299727513563887299316751187344608
[26,24] 9630925850384899869051958402352609135455298898676166330925972004871372397483552
[26,25] 109189646461934494852066238826995290768082402762996215422284641498466983309824
[26,26] 222471196315642629897306809197946789748422695676590903121437027316073336548160
[27,1] -323970903046239147995240989906475784410727
[27,2] -15879536427236805999577837284488959954094228842624806913350
[27,3] -153177177790210429512768533501622567653362065102257538313371224100
[27,4] -9142165279432552405671459189721374795155013558390741075317952849151650
[27,5] 1052234413294957367246822429093053337066636533894272398715919309964326983
[27,6] 36153501146939953947598366297798195035286133116919944404921036817644582005568
[27,7] -13519185361372940327711717975949207127661425669031902479396803848777623557947653
[27,8] -1052731525327843123585173008040721018607009049557196840006403410126834410916175710
[27,9] -12580146149707330897590991833363204832259665788694933321492170470637399626593512495
[27,10] -155888097606546232812820054744210391419020701347443872137319136289828118999768700768
[27,11] -529262148359606151549279101451842615154348745592676654421543513138186795223347457223
[27,12] -88752619130123694481651899120751807691344021823791178922715434341264052589118028858
[27,13] 1010265097480438375149502882921573123113171754649223068660051355595507773442399349901
[27,14] 763047546554457623068504553789510667942062757929505519610169264732292157714179407100
[27,15] -53358066956965069247485454009240244385462921233626230731332671359416468890327725332
[27,16] -294752976149209994878884463338255923044464731451624118462417020477803163689706553932
[27,17] -200422533413733150000282692654863701068782223605761860853060432246135110614247999808
[27,18] -68351511126254950203850839202895291205654696648231289411402274324776373463795819300
[27,19] -9008074781252988491145408230346586398693585445718566149005820630205972567029661290
[27,20] 95926634006021435205714714234130104630462461503885509065315544568195796737266456
[27,21] -40316055785879470348766788001612458835303622813894089835893829346114687498647780
[27,22] -14980393316170888246080277065724466032881877455805914571887034301626036810610592
[27,23] 484903522368234695444869777970861233401489004957949350287377940013143209828112
[27,24] -1287120286542063837311881015080199790618459847082192058559770053937840461620112
[27,25] -43873988146829472813084621197599960768734956220142694928138841346076762502704
[27,26] -7483328385131096374104016013036976375805842917794804192410534506418600121344
[27,27] 1266067693278121971842839364151448533240500258882647382770206036579838029792
[28,1] 160213358377916104434871434215032962262872
[28,2] 207499897555853676797084244530470900996159691156084560335
[28,3] 1798033596581014693912619465194434311932617198154474159206056706
[28,4] 87824234794648745696605222543082225583356041063038047336162841046908
[28,5] -684967328183058937178925829048123723087402855496001936383954207565979626
[28,6] 1101395158541571647582882455506431235299945518103163264716776066207171552029
[28,7] 150080065980371554060002560181591903271319568304507371637821069582413243596602
[28,8] 19724498439705178973474462393666742845499804124977451737495829237020564875204106
[28,9] 171989915938830742727223453744306927584055079094123259450900424409315455766915922
[28,10] 2437440035017290075967671872252079524597449873956756583498142057631242207801846715
[28,11] 20624233180280450476528544369978661061578317278964254578371347699511673931106977566
[28,12] 33072065995735102580510634942148821733556585152044771672449441226611808279184802712
[28,13] -9580530397437213069142247823618986584266638683529875545648999201199590965463762474
[28,14] -41420843976902063358402775501982145255742612755201372927544046420504617649773546914
[28,15] -28261020242757689743277946436648543257113435478870574800376639434529339174599237300
[28,16] -2970560936846718034809555204737722321830082908248947300378486833574101038896150116
[28,17] 7892829686971452532450541021518624359084269780331292501338539238362207203319178204
[28,18] 4842794429652351390027005605967245371746423470338215377032759457295675153940632730
[28,19] 1180098538439350650627162411771636631183601622263288369653910687625935989902090984
[28,20] 171254105519661403030478283142489062084616042035797377287888365892513129818813916
[28,21] 26406605124603975424183785546513900057198787674041165146994328190921167603912840
[28,22] 3956564272016487515478747244816405296191508343943360007892994275340783404270317
[28,23] 185790794799392857969550744783723259080659486054541369983015533162024455359056
[28,24] 22344390202500646495689927536158216230371604861720313610647453168162715346996
[28,25] 4819072436931354739160237791874953392473904046833968997320802593433486399648
[28,26] -802006147154366006189110410603818532551672015503481191725793921433902396380
[28,27] 3643755228443438396700252670016435141598690087968587192428132556575464448
[28,28] 358100323177900666675366276732553032325531742066598974400585462071540984
[29,1] -372348844814268858804249463171562777274
[29,2] -2143202856666404818606312564151220371528753066183306436
[29,3] 8789066869146248498323329626702744617874997615186447239820495
[29,4] -2068575819276617949472759741284697506334171048871632349470570994622
[29,5] 13680299434507267168835345719648442565182277273125232744641008976367621
[29,6] -13740975147496755479287762907357907843713762723948638472687509516216089504
[29,7] -3091809501309466893672431894262010694502545438944712661143642106263191430511
[29,8] -39898783760399048214453245394473416011564061462637035373334736482515890222302
[29,9] 4275038546297922853647708420897970120185394407031385312160964287666382589040354
[29,10] 32736170778350211344893059922008326266776284919358555173364253294390383600893354
[29,11] -236047467224348998067069257279784555788924593041837120418558556280059466051249826
[29,12] -1210198378961136340074331523132719416382251233379734635170537501626977394924283894
[29,13] -1011380563723094590869474643633892945999276385752597180751354662906480605853399070
[29,14] 354834459164341224783046215689592095713579210501106501690703674118503369091250462
[29,15] 1385823178985512174416327685763474791650441364402226431632443560487664984145952469
[29,16] 1036196277486111500037429334768746619584908075633056527712718894875208915685562212
[29,17] 182035990549304998576070473577158825674328119840393317206722061320133860223695168
[29,18] -103398122828562254196885193602834008944609332040063780489335848109619483939711404
[29,19] -50136241381645889044760160537599508468954526350856794076118903162783498618611626
[29,20] -8682630304467312925666162138642318617710736500917426416076950242368880242457544
[29,21] -1164036041056181326132005715473491011129431418459187276363546776634265510118977
[29,22] -171102424516445176904562866714971463204982834849224754582985371150944273701734
[29,23] -7262098014699520736672061405477445151154218478874711305355811713564343828107
[29,24] 823872995279197473721551095315435902077836185784063439366153845974632179688
[29,25] 4842537245609825496656575283360306672605269945233112316943842688808886326
[29,26] 21736216982085938933127543611746094135995812021870303062189624312958636708
[29,27] -1671852339010052385378625828604443470842475881407435329480763947713840730
[29,28] 42696963067238026847798225521720340858238534907154998937487655716353832
[29,29] -2077614889198519298648055969290579999954187407554165166811815389898314
[30,1] -141911480870978947335428294901648144996
[30,2] 17224375480028453323619692585993135637885320556610924
[30,3] -266179496862391815416779870392919909498622650889329068906300
[30,4] 74089272309358179947270955840516872702379421111980541050801069471
[30,5] 137985749891873864697714346009596559246051746978676632102291437009508
[30,6] 4814416055290622424922089455556784694479527763386444394275164642802150
[30,7] 1069294305085105967110778525942084780101461334648940564324955686834034144
[30,8] 3171075887410320214359986357279839668747892800132857658310134097871775255135
[30,9] -33588692317500932680744448565276448169334223969551018076784412325055837619366
[30,10] -477286644034188755766431511990766791508264283691866392490835614629624108014570
[30,11] -1223001461062969285752688875187555436984440783409580547716325105879687791651702
[30,12] 19409393768520178245687149838648421067049557468115496189528644470694161968462244
[30,13] 44822162183745790373123389745656274680824119754804986487797685245443607219417922
[30,14] 45366345673162006283279334625718548331353340400610112033538328157217844004368728
[30,15] 4509100194590443249588573851585216059103999482995030174400011905769651607433726
[30,16] -25252123297406112493014610723556022519381432024282260146222365390024342219036447
[30,17] -16744895905521629524720564603624389981327067184045352853311137887562432544824508
[30,18] -2611665769964529755957693236675383263446007024227689437388685550064393415941024
[30,19] 758582563885940782103252044680926570178485806570160591947005557781649210089108
[30,20] 265888876559413555914382430438844759607306619365409964564412498818428107338174
[30,21] 25298238220659814887490782831218900850864492114440343625688399162575539527038
[30,22] 2866371752932950826434396592413572734104661005266790707784630098700360201504
[30,23] 114626937715866399813923754099847496827329481685640051838523890265822334090
[30,24] -12776753577194384649413956349812760537036704597377953123836940119456324815
[30,25] -3369309629953231115094107098611279766553641149494808418331916532152736452
[30,26] 482076751080657690788870279947842183335365596958940205229529336034304800
[30,27] -19044759988565535464674260014333490341899523657490303311405672998298060
[30,28] 1083475124111853176300759958306790485457987714865600097304252121969571
[30,29] -9221051411701420949526559330308444497343072664386604308135337599576
[30,30] -454756838049097787996799926675512193425744733233954547134463812728
[31,1] 1441340572714568803853745698753222202
[31,2] -105335708089468952099521876585618452557335015320660
[31,3] 845059848558949552699143872126987873428289702066479817481
[31,4] 573226772325618716573972508199611702552697107736938031662680466
[31,5] -3788420932457301570547024189803683351883983322403884761697988712313
[31,6] -1156457065799531391744580114568026011884215285153048167068969634604332
[31,7] 401654725718717747255607095415565912355701269198764302923033490444579956
[31,8] -5196057188238359408235822994420919873229107475807667273061727304500094140
[31,9] -541234802014652343670752913711483235345982783803484406730213329591731399381
[31,10] -1218555285311807995458507527916640067541051456388134348427528830221499222894
[31,11] 83082708822009070071807920915156357509811102997338333446727855428366078201686
[31,12] 45296350409739603176025513895835386554979288274428909174678707625173621913026
[31,13] -323796251336555552904073055253476756912105065901011139120107758957557566599794
[31,14] -1047819599668772569045803199206353760177732930903025686042338449398550725555402
[31,15] -995900106238709756208646117728670944007610902419415616073173716627408866126903
[31,16] -226728573065771945400126967567748749822910419761284124161832872623040171611824
[31,17] 189374679022409322791586179041839612725336637354209667394898369579653483041564
[31,18] 118500802884453718136591498408187114272203743166160500956222325233957197350692
[31,19] 13560605335764942236593948358659435424959261844591046816499411813416558572775
[31,20] -3895393273170748209700550179624362653875166158748195388669604767726037465698
[31,21] -767460113727634912632709587775790002226933650141796784276957785566790717970
[31,22] -11427884813003119276403932450629523793520163856343540749897013722281539934
[31,23] -1265741030076159501373016315434133015378560565097718011751905539013574479
[31,24] -422642410661521058570107259557875702622715247565905412486486345723756860
[31,25] 33311755764692617128628837543995857199727472339094670690564391613188178
[31,26] -9368416700546081902464731777137484666834474784499265860649550263150340
[31,27] 1044627002316158666718055998865961872344936202007533957116705824486019
[31,28] -99133402161230248724756979282818583168844583091031296315020626832826
[31,29] 4801828577324440215322396716400447612141941453084198219583629231267
[31,30] -97753462327322318809849449507204354132764892135358652115716934948
[31,31] 1568931627033489365252083405613052225789944788211556726224202294
[32,1] 50376725689970395313120852643722112
[32,2] 479117718916488758515415153993353722203793044568
[32,3] 4529175385146616511073227527197373992135832044971313186
[32,4] 4632432549102112212736429388180405679146026290068073437394942
[32,5] 14412692988557213525023249963993183750010988145959899349544655634
[32,6] 20160265122569755400465240083452255536012390695985393499398706756915
[32,7] -1597792534941458698975284042758138178152210862232808552623426369216872
[32,8] 1569545312474455582920026791678697028366188332903121437345741966861110
[32,9] -3310149235548275138606728030483974670986805265277181525776175519726014564
[32,10] 73760222885715234172738756333754529303312393123113174958120377609278375941
[32,11] 45131677233770666498463241774690372871890794681042012904723290008203674922
[32,12] -654714189347309678691949947861134144730129332910653487641749814306754606330
[32,13] -1663169779929391421271811203678724090167976676287077944081910953329796453838
[32,14] 4586473446755688921192892291434194058413727721340198786879713943092915691115
[32,15] 10864109552493875165043585183471493084387591427517362272772353761149063061024
[32,16] 8729076993272413244303557843754726494287759164250799797046944869672337948450
[32,17] 2437249949012269719669210826550776088151456298692942426057326893147519105980
[32,18] -495732071096957867778846940619846319573048888544693541464808780318763533331
[32,19] -390295118721677468752619251311322945819454333335438419071158015704767442882
[32,20] -32579624280035381970306515681222813148736898706693074730964800930742650082
[32,21] 13488318969289022018420622669094572564261451483622215641630034054485494526
[32,22] 1220834335437320418846699594712586817731260219747442296905628758093806409
[32,23] -174175274577164306815735252850649391654461335311512753399290079652419876
[32,24] 15675445306609416241656363058237109329976097404704243576062902092557918
[32,25] -197891017012173231033842588402731899387585127173973327804826771399112
[32,26] 44277413756122878301706284864799863752673428482047562755741476445559
[32,27] -5056842481258313249863158541614039756696578437136367974658440318706
[32,28] 966420361130727147538868355613178035295594383580882866359776595510
[32,29] -96326736255703666825491895626228690390434960433777479232563307426
[32,30] 4329122041168138059426361584813687184704371828240880605360667096
[32,31] -83910703680331436769995208186557014037430812113766537481222576
[32,32] 1243760297208250495749960519692140262575709009226075162984060
[33,1] -853276433269473326759159587627638
[33,2] -1547126809950338492982782913802582575486363756
[33,3] -16384831826305933257832016965612125495323492085902673
[33,4] 8993611659342610804359403998619704520922389022004016484658
[33,5] 74173956630143301520481469409736060238094670963866315745831694
[33,6] -69106867906560341446126573653116938005778511618123802081457124358
[33,7] 4756950456128282184621701853193697175123349860504504206065854713541
[33,8] -375986223661945287728067723724737761999495602783322137165594888129440
[33,9] 8549837214328339983463757181034172807122173639971404188298211986684978
[33,10] 122598119835121301429878815943850913740252046862117834288006500730593132
[33,11] -742434570664818029726684380948536673999976383818222780151184265557930589
[33,12] 1706482361301678234046865242355151560703867498326018293795885399840260002
[33,13] 8044239240664387681130564673967514964380607456013716126834332103970868994
[33,14] -11986272957154906832082990972365137468941368084281489834096800851055446646
[33,15] -32471556117692399323751284185083987213334155356700645023170600743930710455
[33,16] -39786766567240293834387168471108496797047137810547612682882844857228220584
[33,17] -27488018844722704393203513188788716373965371363270238960265683518872948719
[33,18] -9444916361414724369425652137247183963639853299993730932332389898034472990
[33,19] -245596173435988646477854757842354753809402710954178958747767451020177144
[33,20] 742955508252441505547232374692619842798812342947400317840895101573684262
[33,21] 110764901774673350048896709401241111145629992971013914102205420527880996
[33,22] -19127986571507437756278534205481825384616092380802169162048596333309598
[33,23] -1582568475863091609130418664286116921379773659889206528559764363975853
[33,24] 199068696749291937974790008644593227000167274508725537758958997595964
[33,25] -133545567927583924236512125581226719095598231318467948630215316577
[33,26] -1835374044045043507292562426585717032083754345020194120723899740254
[33,27] 118058713579619865051592931561906045501844106116689779156643826376
[33,28] -3574467295197946194216559195278472154370112271644959749604787578
[33,29] 365849323064515547110959114745539992040753555355965617458617372
[33,30] -39689253431625255330051271107410794495878005938384537582240950
[33,31] 1729287552727368444372560177822833472981487720997121169740403
[33,32] -31142167325451984952223282816806769240740602262211562248988
[33,33] 403944130650813048080125617583368719566586235129432977947
[34,1] -2510553565669877936211882656052
[34,2] 3490246649254387531085601687076694033718000
[34,3] -7668366027792740108379433661422642719705772892712
[34,4] 13866396555358038598603897058760618257563222103905487910
[34,5] -66076873297110125133398823526496530193408302427754833850798
[34,6] 158322900393992250812914522688521127069679419813542949910690210
[34,7] -11756423445521394932597163243755541412565181515269618255514926062
[34,8] 442870178639404312813753324470864384034568866737549453576808612611
[34,9] 13925415691183158804743249026842139333314651954937856932059069930720
[34,10] 2153011402571269661069995599010558337950875628124995112957122039590
[34,11] 263987054221325987310665193030580697720322485180494196670310791266580
[34,12] 5966938733387751818847221718459508522578974524232901974650307556006735
[34,13] 2780614841283663502345735838588501271320809415144793632946031114600986
[34,14] 50912378151753298141840047064900439082094607869274182185795107075559354
[34,15] 100640150948815253268764122442292737426890216027937392393460598724950570
[34,16] 81986903360379803655956430910867075030838474342328220807344583614104400
[34,17] 19904068043269439411689832380413018335988636880665442769736951755792778
[34,18] 10619533369148458699186125074474948856980520772705528224796306356739734
[34,19] 12391765974160191448698702007636959488942418256621218064277383828705362
[34,20] 3871138481402812394540363630852663177357598675569406325520281420439160
[34,21] -650298277129019897687596048423186755923743240610615239201414531095126
[34,22] -94582865136215246909210640655686100331967625929269543824725946654182
[34,23] 13037418568806649583891561804169395061377151340363466430613424191146
[34,24] -51669196862356393116686835095415617245906150585403654058649910622
[34,25] -48500942257813241423687547864113672351665182407162721587665088462
[34,26] 13303988835273417201334883871519526498019309866830418121412620502
[34,27] -1495564839771617135293106236417770963616216884107700027283739502
[34,28] 71514248004961552056944582584649526627995753578374433481820308
[34,29] -905221072816733373108824764598585450061731620281458251983030
[34,30] 31618957631933078443515218500896928313483173090953363511410
[34,31] -7439450129657588745717425624928728004434062704786665152782
[34,32] 347457543091736012561256843115693725963644429427547580712
[34,33] -5937196845621704457756363220219041062677152918482763990
[34,34] 65655877720189973941678413050325208834858233302612318
[35,1] 103513780706302132603282202778
[35,2] -4786702831213312821083413285047060741588
[35,3] 24965487942954210801118520766417111156361027161
[35,4] 5054810560966367760345790751556142172576628215462562
[35,5] -50833502452048078053642295968178306082407962223199009814
[35,6] -55690502298219114545683451161333448163699944542853737508694
[35,7] 9760117347303385377663456252811403265033776213954473290964014
[35,8] 435423090574866478985080120139094126391303019084059935389441706
[35,9] 6525309267665682009083267288331546193584842058305218389665095629
[35,10] 81176270636664060304591985101769962818280285639018876828909534584
[35,11] 755784227635274183315941177695296208526819099766040450253242580916
[35,12] -74520958640620220558316987206209140536032558762067421882722892192
[35,13] -7980500745559347259180275037704602903700700865474135161559930058999
[35,14] -14347514186932905047527825832784348598569933805753095432815957235934
[35,15] -47867462907097261489669179640681531695373422004833398497924590901413
[35,16] 34187193847166137350329443888199305855470453688425825018796364319600
[35,17] 47254808954323774009415101058871600032756512636054091938217558672721
[35,18] -14576866700715376821398146098104710662753519374887486395711672833082
[35,19] 11348188172233754473722986650802696593632468765324217939629057810939
[35,20] -293675062420762208105213795718133068568566920857921761757117613996
[35,21] -3085386037844035769704330781190259586726413626521159365363747456299
[35,22] 363549002106188063106924672049281414584130736817872110848264623746
[35,23] -12341297974456918047355287257978837472258906942024024543338740919
[35,24] 1052287225249370950704928054990313442129771266252770755336247620
[35,25] 55621094956657755172730046334591086742818073868491181762938599
[35,26] -42038344275609818953244010447368800988965465125488590399961410
[35,27] 5310113288213433291220884597178918511208042470038026556420461
[35,28] -380855514718094931146224758901479911204556278949355261216080
[35,29] 13141701897053285274688812405924317908383971192717073797667
[35,30] 123096099238281139089610046831146961048694354679783252506
[35,31] -13991375420437757907430641916830906951227034436903746441
[35,32] -455694390983521616345180670595207156522905195000747848
[35,33] 34268022470477348642058363701566905929168131349878917
[35,34] -574167048955550007371846181397867953910999511110218
[35,35] 5211197473632294520564785220514035463025068275088
[36,1] -373703390525377067981696208
[36,2] 4370748281476874486166292987139815194
[36,3] 593135137803997840598331500816684860590918
[36,4] 1488733785771394511435205752201799171372328746246
[36,5] 4810560647939182350228616576957857279680082086327298
[36,6] 13829755475337255783253862592226544593785642927431927068
[36,7] 2062611196230337575766053746716053635692590538624212500322
[36,8] 217178189840867285065726368571359570740300987398549999877490
[36,9] 3510992628489576865626508847894982370867170229036417318572226
[36,10] 37935095565772598276130821828673842507470049725153673689833315
[36,11] 80595481300389736426933432251531493784454473441987474521158276
[36,12] 12426849358735444745469023078840790721524095137328796243079350
[36,13] 1313624394973190990756238511629721289795893206986639691260863968
[36,14] 3899716624063737977490514619311960712957770872698227549929227709
[36,15] -4741071269250397350877040353430036382241689169080117839988387264
[36,16] -8408372871349108062688438693631605958933823199114325617723084620
[36,17] -7027732565026042364527524356836822547139142544526288639837466080
[36,18] 14875273792094580901443666223343498551738230525530588840386782416
[36,19] -3499048426360668578470487163811546131973670057995465956880064376
[36,20] 2095391591717778466909206433742669327621876321065571694591921228
[36,21] -1735062731942289182567295995585694175348320423051046562011605056
[36,22] 676018682765342572351522049967411661547199584714120645549081889
[36,23] -67919054452625667520755385467112830470824462792803331577224932
[36,24] 4927379271041982683159585188088439983939683456415986640482968
[36,25] -724894817269349286959538109118317740722559671151456325826532
[36,26] 125001483971220589992377013314424853332015044462816738787552
[36,27] -14339109492513043702914075516493762086026941350944087627780
[36,28] 1085145022449297468568353151135673522549972676513701283132
[36,29] -54814836470068750770607490951179005334375017497573069340
[36,30] 1155095672099440081599674402739218791495170158724084920
[36,31] 51170937345070664973154983612960074571976904103051336
[36,32] -3333929945843960292316842732675074682037137629822892
[36,33] 29394736226019058562106913414017293234178183772104
[36,34] 1281440839786145121895106292708232576878172528050
[36,35] -23247439021358067828382117702548076917110302110
[36,36] 157079626682297711270955326573580423468632682
[37,1] -1138732092772940465703720
[37,2] -1575669809164538416556681424713016
[37,3] -1894331589305013430284734263770690513879
[37,4] 51660213273252629384780308281847019690022882
[37,5] 391242936458009074794157126249556826087164029218
[37,6] -178168912886636383341800613961402121469632669863974
[37,7] -69730456038474729840387237267734301896307218413167366
[37,8] 3357052954179247326799716685794672061850749500978246906
[37,9] 139571385403352962079481013715042799178261878484848394734
[37,10] -1004445355214666421980660266596834431361983748724547406262
[37,11] -9778576611257391631001281890911255733518996519577168676017
[37,12] -13191308860612846047672253348632606325391950245284335271436
[37,13] 48437920498543847089122276750051479914648570729441237419941
[37,14] 89824742196476773364268390452798625806734308325676002080798
[37,15] 5110634938911506304767838514060344228664200131725122189567
[37,16] 195662955059395543553924423619094590428105295847468600269600
[37,17] -191711383061590539336208404958516550681325463712636103917520
[37,18] -266461963670527157555652749439071913184742143479395478907200
[37,19] 163692057476167160865812717761147361624150029119844732388752
[37,20] -2681914220185763110657889266003554692362292746935098843400
[37,21] -35022150534943189575958466649530874951149709410727607658733
[37,22] 46269720005309231527896186819676546567493305077721746505522
[37,23] -4144406709325923821908881877450219555258522355455031426313
[37,24] -3904762099524414281340946010583565861350964144898249423844
[37,25] 1119806341212187895622547142135827799105956723024414718858
[37,26] -159065256130759431852029816355281342529412679713970966736
[37,27] 18188847090628611127989264604741846435259013544771519254
[37,28] -1748048463293467368330863095729359188589398135895354660
[37,29] 120809417207899822403870216688274670296026612994197060
[37,30] -5196452497569012131180866424568776719869674778944964
[37,31] 89962524473527844705020789754155948263772062862526
[37,32] 3178077507482235297339954818124430661594351311872
[37,33] -207778425467031717159377551198584652673638269462
[37,34] 3633149814173099490436884286206711340953149644
[37,35] -7662584664715244992069164929896132655609811
[37,36] -98697468317313747960955454470565781041658
[37,37] -307019776036011303883441013850218024922
[38,1] 5274857062517708505960
[38,2] 402456835788851981837725111980
[38,3] -6917543572550816117726801209050336
[38,4] 1861029729337894927191436742202874074324
[38,5] -1913341232342689977214085491920259988519366
[38,6] 2042158828218648163834301443349518753597158774
[38,7] -256810982114838579502402619090389786748799889014
[38,8] 26092071472389293634860496383908313919255800933510
[38,9] -626780259941932218555699329476433607167597435958294
[38,10] 11957118120054079568147025358228809832373182230091278
[38,11] -54799944246741007161569791612285360279788738576970022
[38,12] 262328342964732438540828296734440911920463384106673791
[38,13] 271267375880926716047249088258598499115709990737878106
[38,14] 426556665657050172752613166176677012091515134054380892
[38,15] 1644552199059269223006601215207749306662106807545418550
[38,16] 2429515212458921436743394259063594463841064448267497131
[38,17] 2130325316253528795256572981111766377321651567257468008
[38,18] 1377211190717207242278842738864605547191395085209889620
[38,19] 426317117855297142256335044100917307768311544316506192
[38,20] 22769319857794899923669514079936642469481349484117334
[38,21] 307570654864382466320666706996563023497267748676051766
[38,22] 252073369462786453054492612023737283558827587054876380
[38,23] -84199633510851526825738292853388634031291386198622262
[38,24] -71971722217890131348905596306064613627594238291221745
[38,25] 25685839568060601122645041368439926288081828444577200
[38,26] 5656297723096724237628834876388250912663799716456872
[38,27] -3919564027760004604212578362678709958709819235673744
[38,28] 778971647107525715597388031804156235725627351560417
[38,29] -80578642364046452020565416770801202080901950611824
[38,30] 4900156731723699423699470178559076812336342541910
[38,31] -181239668768798071432806541866998216299751976672
[38,32] 4044166719421908681984754237135678941268359205
[38,33] -51938496619300535444210946528734155047737748
[38,34] 344431806085302398332291430244835541243148
[38,35] -2244016251578913264976912865992566268636
[38,36] 57896576116833033756543010109371460109
[38,37] 252363825520760354063459619776775306
[38,38] 76129015444365666240005797712446
[39,1] -2502203399456150124
[39,2] -9952738483126441046214528
[39,3] 1446372317763191224877451888632
[39,4] 256205317501882078434325970705568
[39,5] -2598534416056259849498949607367202351
[39,6] -30134386922928305674863156064455868546
[39,7] 46976970054915241392964639097128582770921
[39,8] 534421613283349045915443849585382546538616
[39,9] -42292114876520981464746478510619311864333257
[39,10] -432984938199568796250065546395429300891058262
[39,11] 2992108612605394465669302852730152137009801001
[39,12] 34906051281415831782975137745039080867419814900
[39,13] 42687933082547131364518051171735145895071565255
[39,14] -323441987194448428116010184707554773939716462422
[39,15] -1020537326248281563623767640627914539907622672100
[39,16] -629272021012847525905803082329368735954692069794
[39,17] 1379980559057051424672421408873060551026264033667
[39,18] 2571527414755969820737539301289938572220935254088
[39,19] 1419631707262879297453476452916685942994901919014
[39,20] -180353798267434296727648278589370549135034985476
[39,21] -566134632711785940061507515881756548705006655463
[39,22] -253794675592831940973467044411496564052407483466
[39,23] -35283427992948142312161121137141346512424633128
[39,24] 6669887724496808598779661103595712793716556842
[39,25] 3061260588580585568553895696708313065243024869
[39,26] 442843811175715200551154920674013317222844832
[39,27] 30659777600151381515737625213587962758913118
[39,28] -2891202619404301213730821708478530060633020
[39,29] -2118152407311914637615265690817096910770370
[39,30] -291603826605451081578293372183972165457436
[39,31] 36392765938148010791294986939248896921196
[39,32] 6368265072764620452423896227919792796564
[39,33] -828131243897438519060106177918441923838
[39,34] 31287863205306795278329956906937713276
[39,35] -444242678801674415035772669420678346
[39,36] 2205026704087212364612594296586248
[39,37] -3163101065497696353368470098963
[39,38] 943683296460906833496143550
[39,39] -30887301643636469449424
[40,1] -669534640270776
[40,2] 366462398816001820473
[40,3] 368619943819497816526464
[40,4] 552066990108164584139540620
[40,5] 80052319725882152952125256552
[40,6] 8224333992817404916380732738234
[40,7] 333593550450449837125811275036284
[40,8] 9008936667916878116081263030662000
[40,9] 147903878571387709668218448378772452
[40,10] 1696415059438093312328680350072375128
[40,11] 13813436690941277341299914309738229180
[40,12] 83657685033808727093961144355050742476
[40,13] 385533280489938129238345964223903133932
[40,14] 1382460453335085143711515327566452799135
[40,15] 3918401064920053260717912805703734300050
[40,16] 8890205053565982724305998368246967761608
[40,17] 16297602151897183010301907317853417582974
[40,18] 24305180888931413546914630365801707596749
[40,19] 29619612675393972922866959589420900418180
[40,20] 29565639882719463256379200205312799550056
[40,21] 24180223614673959481450060962683991690060
[40,22] 16175419942123377719641908701467049290213
[40,23] 8816936857227735945740609058280012747038
[40,24] 3892373946222231634735178282871693923136
[40,25] 1379874398150406259712853382021970260578
[40,26] 388404462398360024934399901226912120163
[40,27] 85562984789845186038114887526835797420
[40,28] 14489910172145016067283406160690517884
[40,29] 1845770797965766586711616444373329948
[40,30] 172342300286518308817386777732122019
[40,31] 11444400612359181407527091760917088
[40,32] 521912976173386922365488378651858
[40,33] 15691871460153139436273720416296
[40,34] 296105261595611677793172049517
[40,35] 3293980584296701844256029736
[40,36] 19833095396320861228994244
[40,37] 56926495623792309697504
[40,38] 63123398448644775282
[40,39] 17974104866685762
[40,40] 453203570666
[41,1] 33570641166
[41,2] 24797579269288
[41,3] -3432377777031756
[41,4] -267990502591968120
[41,5] -2142725331265258920
[41,6] 26044031822450104944
[41,7] 267187161354034976202
[41,8] 240006576924176729084
[41,9] -3021201124716203852598
[41,10] -6606266038713722741376
[41,11] 7000498554993512863498
[41,12] 25527960915689289128652
[41,13] -2480760515374084931994
[41,14] -39533911897180267287816
[41,15] -2960828880047992005903
[41,16] 33698972981802110772546
[41,17] -155175377696842243059
[41,18] -17683160381125822612944
[41,19] 3596008245546628647186
[41,20] 5179188769929182806756
[41,21] -2541017471086704814542
[41,22] -379239223196714365488
[41,23] 638164079023236182779
[41,24] -185018027559021132714
[41,25] -13620008008663837809
[41,26] 28051133827036740392
[41,27] -11243307238869659742
[41,28] 2793006542737102884
[41,29] -501964985181328226
[41,30] 69107454016042752
[41,31] -7489595732479194
[41,32] 647683707055684
[41,33] -44933725543122
[41,34] 2498838251712
[41,35] -110662483688
[41,36] 3851672184
[41,37] -103077444
[41,38] 2047048
[41,39] -28413
[41,40] 246
[41,41] -1
[42,0] 1
