[1,1] -30903154382632612361920641803529
[2,1] -157949455733455574294261058106926
[2,2] 19712059900646124782825312702269565241
[3,1] -359773760281759919225816854576887
[3,2] -1697780181892723061027876026335033136902
[3,3] -1186353790059087648012128813455037304745431
[4,1] -480853898616070971033923239540884
[4,2] 20974232976092861844081210412885775811738
[4,3] -30326787116963887105717910131823283429799632
[4,4] 266065441506922989904839401602753366362590229
[5,1] -417559363631686942062425800338609
[5,2] -77001708481668923196742348965109886217618
[5,3] -99500980416812632401490390109860050975270981
[5,4] 612825279529024943168014956013680908281921056
[5,5] -2315121076494950778660586540224063920831069985
[6,1] -246079879074557686519663416066162
[6,2] 113065181177639517147579473021285123931717
[6,3] -60942560066019127764568174208571103304666322
[6,4] 2253697196281978683636865977370461028389712518
[6,5] -2379461072973410767945100580510225314038132626
[6,6] -20225945611039514351203621156855053863467228275
[7,1] -99555741019531995424704810120915
[7,2] -78713022092523262001204818896535622291370
[7,3] 1265726936438600956377496509978788403834441
[7,4] 3583389718004634697523328248028271446788731224
[7,5] 8446977709915275934057787044105863271800856269
[7,6] -14545923319801115262018925017913085935479028074
[7,7] -42271082992267743409856858867467914531504770175
[8,1] -27178997408345163335764912110000
[8,2] 29347647602073709455748159668473733184680
[8,3] 1992840947878324183235183620056730323559068
[8,4] 2238868097152940262419624982997376645335439022
[8,5] 12826456655174768329466960727376924613939545572
[8,6] 13344320432776399399298266097672892491921179008
[8,7] -20662697880136919739830757513809585895914407632
[8,8] -36736341014052085062041231072370570250450857774
[9,1] -4704194084713805444207493192291
[9,2] -6453466345432723260594367312214889044538
[9,3] 146514697376215325064876384133810625387793
[9,4] 515257850630006882604224043824738549499122952
[9,5] 5964908201391157452493700646090490897047872895
[9,6] 17387555925159273440661637184543673143066354274
[9,7] 11885915889189511537724185428504361250868755223
[9,8] -11570150211771027199076953063777214933466623112
[9,9] -14531882291304045229066489613765531431046341416
[10,1] -421894689337205760199191817482
[10,2] 900683766776422884189131580788200062882
[10,3] -75092263972701333790351046331597600482334
[10,4] 21671298568433738506418918809263379160197776
[10,5] 909954179953158351382156472404808064530043198
[10,6] 5545936580824318421388352895332888668357701484
[10,7] 11054835321617728626384410775580488027417165258
[10,8] 6115133328936313935247001200837708031728545228
[10,9] -2532061049330671119001095817126842748427497920
[10,10] -2543530666841904328600694065639906782502286460
[11,1] 1358647247437200145353998151
[11,2] -83949644428018932684094219664234457750
[11,3] -8439872044163019596062677984188557136277
[11,4] -4443409617461618533803034843094733544170984
[11,5] 42724495647017291630175405757358850588092301
[11,6] 474822843817714407737372893646806985144110950
[11,7] 2079177688501721754682715641841761451190678705
[11,8] 3371603617887495320528233069672717533483021792
[11,9] 1683675438886998197704337464457073822500151552
[11,10] -136721644031299657056756996834928409634094824
[11,11] -186347380655535388032926270994329430227797632
[12,1] 3750242046737670554169830076
[12,2] 5397600899028997716969213309167213076
[12,3] 3353997418258869615658939685346929050440
[12,4] -27758686046102800440306948285263916015051
[12,5] 5554697131657465503672079286925552512330112
[12,6] 30794287528710948665220042653658882309668436
[12,7] 42265027468290124548905625922858301652570180
[12,8] 252051061880264517362213276267781934559388162
[12,9] 434651410556738192080984465105434945859862304
[12,10] 204481731245495362019026295450415280539310008
[12,11] 3277993900768587579346990044353939984067432
[12,12] -7933773147314486736982950474008283211414034
[13,1] 193019707941692930948606067
[13,2] -243622578810325306073416692881608926
[13,3] -260598679578766003090948773797046510513
[13,4] 2181040757099325196409173296374238504672
[13,5] -483041339305511884085203460842075493066451
[13,6] 902330690797999563003116496308642346379638
[13,7] -5142765739863089219967951834011914653125823
[13,8] -29158278201459038497227053959261358939360016
[13,9] -18633760066705706424643275806864092910417700
[13,10] 11251171198209970958228563344685415187657120
[13,11] 8395330590841796283862729969834334170452132
[13,12] -121407181509947688123962594235331110521016
[13,13] -255620549596070491128842621391398395374208
[14,1] -11389065586169847464020122
[14,2] 7763711614551651455371845247808376
[14,3] 4290082336045784116618395192591486138
[14,4] 805591737014962380895368836935559796816
[14,5] -30049336205630977017239076960127465392546
[14,6] 551737015430563602388432996058941119394686
[14,7] 503625190831596460794567445381622102524002
[14,8] 11947722620413516021594851646413799401444
[14,9] -2258752928852365221327124657276132162122168
[14,10] -2624451419990641417208962843518555384891048
[14,11] -416710044378147072526983827580941303246560
[14,12] 280496201982846861480145809945699973304952
[14,13] 6946179140949024897462632567948402663928
[14,14] -4786101687378099033760462714844934400060
[15,1] -783069727189732141338963
[15,2] -173386676835954495466447851742482
[15,3] 232535592905957396220025257551134029
[15,4] -48417029885134472488821124187867443944
[15,5] 443266000960413820837455158000722229151
[15,6] 9113071546004169594507368756496444937602
[15,7] -64252213167991982158078471634264158624533
[15,8] -142699571746985888063637169180397118786504
[15,9] 38758974318962773455138665895318977912324
[15,10] 83657515883420934123226839158375265263784
[15,11] -25560713397401517729277470242611924431300
[15,12] -22082579411509332524563555611717469179488
[15,13] 3168132377605412826079164882756644335872
[15,14] 176463688093502252053142153414670730560
[15,15] -37509328246457417560759130665816519144
[16,1] 22987722468608760372408
[16,2] 2677067677244131483419902277900
[16,3] -8162647653882776550879499256324196
[16,4] 641629451907311363206272080077514976
[16,5] 34430053288679424229981565521933876980
[16,6] -276211605604715315266626181965657302244
[16,7] -889975013099112565511883174150303830760
[16,8] 6896374414046430685940657536321266022797
[16,9] 5285169323962440298653228488162856251352
[16,10] 16389194266685207162681552327042248836
[16,11] 1481394005053042650877765277613237765552
[16,12] 474278540572263934025062568126625410082
[16,13] -234972853185785880452652809699910769056
[16,14] 15784227996615620231812265357080038252
[16,15] 1106095557887351310987749355424630104
[16,16] -130072588978396260097359753356463854
[17,1] 964837809022240831860
[17,2] -27251299816435876413220755984
[17,3] 43435357404652785634842570693606
[17,4] 6727588309846371226056178199901156
[17,5] -259437638109810981586119993959987358
[17,6] 960238543113935481823832756650397400
[17,7] 48966324862126016798659036370796486444
[17,8] 32962037522189354278217895338900141880
[17,9] -88137466622759920655800372612159339677
[17,10] -25586810487811637494008405496195808694
[17,11] -9677021042529818399348096654213571503
[17,12] -2945522433749840635869033503587297740
[17,13] 5366721037053158421579287309819490345
[17,14] -1056831935507419846957189861878556686
[17,15] 42084535623593029245977794479643383
[17,16] 2709649692475493306978940146196336
[17,17] -205307934160251024068016973603575
[18,1] -26648821623200488704
[18,2] 181498235628229053153757587
[18,3] 437191326371762524723381088004
[18,4] 270086377743497905083892152216126
[18,5] 4993338768365333646273361314613284
[18,6] 86528175369003553896453163879874017
[18,7] -35564390485701314141623435431496200
[18,8] -378891091364492887882889138498844036
[18,9] -462992000508264471600232116877327894
[18,10] 1038190533719761182122630726757892446
[18,11] -62884977287677699981128632049022434
[18,12] 79485438697876788507228492640870324
[18,13] -45392620555253960838684778935643650
[18,14] 19636531822858451371719981105430764
[18,15] -2280156533227889811127842365008902
[18,16] 64812506964321126893567401233792
[18,17] 2616615369746544553472529183438
[18,18] -134754620450074784663974070275
[19,1] -165735992015276004
[19,2] -638005564566884529731484
[19,3] -1867360438716403948498471752
[19,4] 465410928748055289043230827136
[19,5] 27148777360455143858964905666796
[19,6] -184938472902419764676791159800492
[19,7] -355881533758314103684663914897102
[19,8] -1749227927078160048264063685512060
[19,9] 834083183195150206396298287111311
[19,10] 2094189906285613044759372749445478
[19,11] -1246814128370768444529022988358459
[19,12] -531023859697624160968026089599104
[19,13] 151274884983184166521676478130221
[19,14] -119328902652499448981424826049754
[19,15] 28971175886531454040523634852855
[19,16] -2307306513683521989003986962764
[19,17] 56277679033636710127231094589
[19,18] 587150817972413375629631478
[19,19] -21158311686761895523044665
[20,1] 6178749839602920
[20,2] 1459272487515331203378
[20,3] -934337658279687383324664
[20,4] 723450626074756251695680746
[20,5] -17237441805483529223823363968
[20,6] 370488858358707688729618864494
[20,7] -341796896298652198651434141132
[20,8] 1207339012058368404406645479136
[20,9] 3374266059786607613306095313592
[20,10] 2079373083995468244053991777744
[20,11] -208505460071253503772263902624
[20,12] -98285350717807172777572732971
[20,13] 582696585573739287055418642232
[20,14] 105256104757689871981510743824
[20,15] -92687936110987246666389364824
[20,16] 14916376542857708009922319182
[20,17] -884229722409864342251320072
[20,18] 20596947697745822705434902
[20,19] -207434127799050678871392
[20,20] 3335556046425568015189
[21,1] -19064529998766
[21,2] -708832327847636376
[21,3] 1017835187273776530242
[21,4] 34605098454803236419432
[21,5] -2561536952971747528804488
[21,6] -22211620503569706077497388
[21,7] 81731287959816396617578566
[21,8] 568868949661655521976656428
[21,9] 600215010584939394416037861
[21,10] -410127865932423822822839646
[21,11] -922703350456043278425355473
[21,12] -439834049051513431448396120
[21,13] -40991916253504185476938173
[21,14] 13508085237364057485794058
[21,15] 976148794967255098720833
[21,16] -491749247729236917362004
[21,17] 11567708187445456674849
[21,18] 20628337660697297977254
[21,19] -1247404003221273836421
[21,20] 14081289002480217456
[21,21] -20401705170172399
[22,1] -42117062076
[22,2] 351825108602325
[22,3] 26253049179542088
[22,4] 2001745524712388482
[22,5] 32414040774621984948
[22,6] 341520950826581037507
[22,7] 1899189939445274571312
[22,8] 6909979604212753661100
[22,9] 16575604424736602793894
[22,10] 27489021549535924210296
[22,11] 31947998735831600224698
[22,12] 26215800768668843833524
[22,13] 15101408488527295699250
[22,14] 6000772545895452643842
[22,15] 1592443804404530610414
[22,16] 268213477706326844520
[22,17] 26643429423698644590
[22,18] 1417452964132753797
[22,19] 35753319553214294
[22,20] 360693513970602
[22,21] 1081359103554
[22,22] 465004041
[23,1] 34446318
[23,2] 1559891188
[23,3] -26151618654
[23,4] -313913013240
[23,5] -311861508644
[23,6] 1857202198272
[23,7] 2490415030740
[23,8] -2197604805736
[23,9] -2772619807923
[23,10] 1493530914606
[23,11] 937484319883
[23,12] -674617950612
[23,13] 9051937431
[23,14] 104105847646
[23,15] -42992483499
[23,16] 9199770000
[23,17] -1248090515
[23,18] 114259446
[23,19] -7180761
[23,20] 306268
[23,21] -8487
[23,22] 138
[23,23] -1
[24,0] 1
