[30,0] 1
[29,0] 2243241284162395606095026291117291034301152
[29,1] -940353842438969538592573071977427673355298
[29,2] -443435175315326784033525456897808932559072
[29,3] -13125901470936436054545423060813160821183
[29,4] 7902162051023225907728005773106144260864
[29,5] 653210584292056772951109484940680472085
[29,6] -31377782605394450757864014856364502592
[29,7] -4995991984468788772893453942665873568
[29,8] -32888943324895631296116892460401792
[29,9] 15410050208969629331231181123690510
[29,10] 451092871668473578898337288578112
[29,11] -22748126262001793895146877114884
[29,12] -1162087561848023418550800628512
[29,13] 14124601322927854472981678238
[29,14] 1538705988188957863649632576
[29,15] 3837464334015246696383073
[29,16] -1228824102769402859763264
[29,17] -13311895056757331781870
[29,18] 625411840144935268800
[29,19] 10712911416344369586
[29,20] -204905106297664480
[29,21] -4793852450616606
[29,22] 41983009207488
[29,23] 1330397929807
[29,24] -4912103520
[29,25] -229238910
[29,26] 251488
[29,27] 22707
[29,29] -1
[28,0] 3499447991794244067317859725041250156764667075973048652864668775439241067492701465216
[28,1] 1300978412552407719627047653370031105145993087290087091984072576999535397862288946496
[28,2] 228545341004920768392000324326428048682273951423800877068493551340150794929938003391
[28,3] 25222574634971490848876364009069076244378642799805582261878096280503320002682096640
[28,4] 1961067692531318677218783996214425578520129656417670425813081638089734034817836873
[28,5] 114178731728646750180075759452568795845842790406190492704533257123111029263208192
[28,6] 5165399055192609118100346167183059872619806539312315800121715887448456562354299
[28,7] 185950222951262623898972241240223761770976217854694792331129244677959056512064
[28,8] 5411338400162955681621666867561678298258373746128925070328194603452464496686
[28,9] 128612987405362846944680119376614603723421322736946900847909154981644271104
[28,10] 2512059719612269558919413455046773712380505638039410156203322979992104651
[28,11] 40440709641641064457123819090143945742855848148797723384295272754056192
[28,12] 536665460035799154495254863331752288807861462730330868954372869857110
[28,13] 5855832766238031534286856559733454780819752599543521428652904302272
[28,14] 52266232942572740160578553935789442603212433992720491958084425350
[28,15] 378532860153728339995811009315485012760102539015347459208550016
[28,16] 2199469989613435812975085387445480378001031252040794419794070
[28,17] 10098211278001193207166540379828900355347327391194708015872
[28,18] 35903197702879634336580608278056165589188718631709124308
[28,19] 96264875746026607739759442134011977312022761884292096
[28,20] 187936075043866700213195982369937211458975945906911
[28,21] 254880244666144523548737312709011698649187909440
[28,22] 225177242402989632069875775503848651117439138
[28,23] 118394370078874204506017626315372414349952
[28,24] 32466248546649609543005651360039048070
[28,25] 3787106699214869388789304039677760
[28,26] 133384297219630347725890942320
[28,27] 730360588852855739283264
[28,28] 114724217454929128
[27,0] 35026150517048539265445561175684939235391244324098544374044873302665680839536429580853218264731858816
[27,1] 6406507980456069313487727764714889862169295269043183625843874655814959002182704216079940176589862000
[27,2] 164408482512200620024972232600336789169013441867598859604744997290608557500724292428740044138199968
[27,3] -46742378185625935605028133672509828611424664751691023314361052047352936128404203071946610631038060
[27,4] -5083598194357899710458680958259957104094569921415046720116133085112771774370393850130131475438208
[27,5] -212841434966824098600592431069605698597315156710976341389230230069840779683279623242549317211187
[27,6] -2378377968782006187971047051341394399821696744835578694755592010864516382887373664727127923040
[27,7] 130505774835078759327417439605431881532860082602860225041856040825711878897682956409745753064
[27,8] 5279012952655968362548665086841251938585207408241016562647657631577892761019797612540072928
[27,9] 41878665868489239756503305185873720731646525340002481466006590029851589182556622454127597
[27,10] -1498689387331066241384873723476860938800904855121573666694173116147017945859125449624288
[27,11] -34004971354113003302444164277014394918499127608912749829314496567001781192026572101601
[27,12] 9742086357115668505998553663497914975200951361244982956965323292747271585551990112
[27,13] 6617042460381569100527122191493385550389130304803197493278150287271975433810887301
[27,14] 38946002689819665348423360894572490053279188516220908737425320632159429219516384
[27,15] -558182078848517134708233040931804116605332609243356254643724766817781213269911
[27,16] -4365534148027032783387897504765434621399422070656368171384368320123836885216
[27,17] 28644809048222422545402540902161311829591262673032369335045131256663781745
[27,18] 136907121205673695442575960875501013735102653533147880476391575118375296
[27,19] -1069794967327319643700445146427131476074412383606278578893012303185065
[27,20] 2157317328810146571288919065737647903623382210095806628580381845792
[27,21] -1724276699995106290114686598497463741586183220376671882730814470
[27,22] 560615352037419160097606250704805846233046310178695086338304
[27,23] -68454812443929530278953348030245600120774606936112398841
[27,24] 2664389493081962184194600642334902183997273726855456
[27,25] -24995834881365474696889959179117393174925980970
[27,26] 34678485909313478343548331906413962587168
[27,27] -2793700895526997343812899241257045
[26,0] 105446442499497507118726003606728961877610794300097638966376117935729865064392549972627726198554394582372456630515520
[26,1] 11318468752962132744890103983547799940190732971432867991227366503986241612012060768794740657854434247170308490634368
[26,2] 365052466457254332197633816255559916919550954662391815303739550277142233009670382251275722961631472840444836276672
[26,3] -1480323083205231652581196968090002232551062438544885780536096579427724907153942878601305790977192384364600871136
[26,4] -290244284798247227518990588919681887662264857293513728166079438508330250031391918611680075148207043841693234215
[26,5] -2946563653207237992074420902095017576571409124341134087301928598462750626138023949488795115749959930708585888
[26,6] 85805856341693915609780202814397937131166389050478429553605728509510760794961133830921691400811032161403804
[26,7] 1352782142700234663164897856440091276065992192035397011457390591181015199142081168984229957730387802647168
[26,8] -14221551685207697373036366123751588880753581302135663341499460379851838658413208173008308050976705537684
[26,9] -253163977153283333793292499212611741501573082261390378808900516766594861058161532246619140412511099456
[26,10] 1764419200278475458615068174614635827500393722336376249031233848750475623331157278288404277921195341
[26,11] 22664302261647476530653873988869166912079868018037573937569191043027169267442945285827077516621184
[26,12] -174565261869637566751517188937060998203584629942733865958455342609178691948843752827687003427539
[26,13] -701790429611896371156832537304945983880832571757884915712626508185832339300590154500144637952
[26,14] 8307181740184863547334910024637818720427958859705657930495499984019037280854722694264698741
[26,15] -17131931257383099829013659749256319411894431544092566530896929064339606282925620877274144
[26,16] 94406165466023657911341628259172985795617876561866996803609577915188729653332896732488
[26,17] 1411493295282942062444948357088897567334320832142808539103061389068458359030372413312
[26,18] 8126711666429435539069920793340112560174653670623455407241103096727822590839106152
[26,19] 32017463512752656002267023328188773017235484166016079397644058900140525682875840
[26,20] 63420944484013575107923240502429344696196180716462720071758793423323477582900
[26,21] 54250675091763056886475176989578710671721100462420576405570093329560538624
[26,22] 15634227081993360320655272128032428424432323524255789675689949901569881
[26,23] 1211389564816135260738482667303817892805872389296274879672392010784
[26,24] 19592062668082436716791593708995993329053935408362359563996356
[26,25] 46022018331126360523300365325879558181988219731511383424
[26,26] 8496026786105485500668571704295382363795962846155
[25,0] 657872450373639974416124345839281726335795495307586672759744733542973197870885818970401418092679459597011472589939503177122816
[25,1] 17862966236978820501234569819202104033834920907192588503120326707986286076222471369702454133631532731942005950865439776668032
[25,2] -1260259909212588728681038284633990412947514629603757424388955923764366512073192530002436530911509933593992970695325460288896
[25,3] -10993098534944742525493431501998148191124398460948200048241538604693610311189023147418556287388561930243255213842923080144
[25,4] 913718915603230603464714386194767794667635988974992614567820541162175928264688410838281072170063203331988163580085347456
[25,5] -17488551103492374379272717652578661268445089583354730700698144648865888378537813610945285550962943285713665090116431798
[25,6] -570757687802319437522441708489505457177985373072339351301700522496109972030457205508237844110394684546602080741554304
[25,7] 6602503274686248656348703792998127648998340859694458394580383799969127816088025477145242733859164469961445690877886
[25,8] 53213862145723118926582956132290582337798980901855530575725367371698165928071945506361158348580204638991433310272
[25,9] 54655233944936891461931630415242764777222055154353700466021900947076079784521201801681571264697042495656056280
[25,10] 22745571221950504443109620612160888528072630999976307401861228929357454428201663535278545425874619423147071840
[25,11] -229025612663867717594816801225331049661356353978335581463485523750277052887072070515505269601772481958300674
[25,12] -1053435366948048688895815603977046285236859257182713660692482392745585507310654311783188701924165834104160
[25,13] -9749570261059079248967006033449544665151604975317415667802297459617263595885420780588986869358280116249
[25,14] 28551777170346655307444370476938391823108689358551738427987838280037383615918006269162132760727220800
[25,15] 357341458735949983556188024313815115650072462879034340460833312551788308042714152101778134834436055
[25,16] 1147236245469906789122768329813886707207591530731361281914264726345778118959627593197658622212512
[25,17] 571333437980377855275589981460587933324494088996584774830862122302494914671752221200959280872
[25,18] -2581006072720378627146958981015060668135976930047685549162285377353987032065064449868252800
[25,19] -3330014763533048032338561715943459333252001411516862812507735076679853368940273178087579
[25,20] -932476406667724139701224327869635553166104588789547494737116646609351519377857428032
[25,21] -120301670414451419579454688832518249042685680635988780635472522623692175770980206
[25,22] 230710582208526362501562055095756114289824436116669230273792026348673947724160
[25,23] -35945272092421633337015798173402979570549997981671883789244783544765158248
[25,24] 618087401580004313138754532671147086599936798891288130827309954842624
[25,25] -839052423909755558639984623569231201063048634010397485470175958
[24,0] 2375077955863231337592288136411184156263809333810668529364413191639343727793607591593302373784485000477848763281600354416741537188672256
[24,1] -253130616868446379997507985909607661820917310612575621027492001149360021149790035024774273088515021742744061232069679828165215295437824
[24,2] 12953405517612592100568077452578410410724102390943456122738561766170950725392216338850772747860859656556009866735645071000270500195648
[24,3] -409902517388929550048995003032469796678932371070075571445837301807240837306966917816080828972091909066265057259278676337628620084864
[24,4] 8037477369664412821220494391736640083748479172372382465691725610114716257873536338649890668838355329400587663505184053737723343360
[24,5] -103334935620621299385621920183873703856133732027390112603525322577659540568686990047952179003928738111167158886920751779265394464
[24,6] 1578037973010666522276310168878673799490099501506875171190659082853598870007580375861589830112607358638950148422200363685993575
[24,7] -7939013147796370727574890768343970488664486013308574758854663120617443538268792918713171135410121067762135063417205261402368
[24,8] 71526418349086995262795460217479976450167933150888322336077008510980441499087199344132186452099195323533157216646251743026
[24,9] 868067550020507148937176928232670210069354539418545644239459856051971722214110905999850374660506501439670026500592417440
[24,10] 17138443661583259457579555639507614903439127064816854803212235205863678149041601336039256170908827488973486716783908324
[24,11] 51936186296161008605507044003748521763328217664728462769839462992264560645697911142694465021368768177613800001087776
[24,12] 123133461584585476697654094532130557623323789125784316222629328585563237907213457033973920626188454755542524426633
[24,13] 3449059081489104899686567057492252443445638636014167865718007255249087213160812591416906520852874478847933405152
[24,14] 10810508666980861467607536613746226420689375351530228235145970283609337632126899536827390005485547362368352926
[24,15] 973441514563101536924549258300375446577476512970799289571413701899858271153985509818149731862488480096736
[24,16] 18807776691731608897125733130903626564043722305188315895979807877578298124040674950447845853786816968914
[24,17] 36042888274935049627662294543632452879877054355841296175709009533317297532770877709313691771090671648
[24,18] 12363262831983283566155300173147771982629323881116938327381830874126310008926543684753521239974028
[24,19] 16778344438350780973164895826568497588642332949306186125884537486103960195797443191748274641184
[24,20] -19597189007856062775703414507165563269759906314668588703120209902815325850031703861709798138
[24,21] 4163233007865263422437984486416981466900476362263966638547013591420171293380122411674240
[24,22] -238032859176525031660632482719574037691130037883382821308059799746931412902394395240
[24,23] 12026786777638022720179572521544185683500726854935911449090643416669261691425184
[24,24] 371806678751647449920445773839392817682743012255760217205929617035638862424
[23,0] 244495082623600991174174778124497529806288981067393351413075756318861624314340511368951449408148072197979722745239790824119872973851922384158720
[23,1] -15918049016179712373418065470179660954472664336116082671524997900459302251731188971081997843623275385427074972815498705542128671678955386013696
[23,2] 113741447480654413093285773800063818952506281923399197471306913715524635560430150894211339012131016234862390453924795933042669914848053792768
[23,3] 19739566836762414181417623182710589186847627735848818361601137083498564112790675287021017377304462018463661512035368094494356249396037407232
[23,4] -142358873585376950149794226718827279066796872191278034459389556707551750780892922669851951748159587534856413494883365935103422810936831744
[23,5] -1471885073277076770846948103372437744983316101274886413270598651479527874164186507443144004935911601200200984040874996132619565022483296
[23,6] 94248546218332537868969486858549686225713568312431028382921533677664995070999919657427248330589067347489756982231234732629441877816512
[23,7] -881834862548073720269589995615457606540924845405565567207602468086904749310491998229313415742198521933050087590117939381726537423800
[23,8] -10049430170665796854699673880351636988594874251126868015819383541773578416046749868375621454091112245435206427787299372300993547648
[23,9] 52034388442068682574707768610620921435121872477178700394615617900116116220686932256585312262521988235634618798294182553410018366
[23,10] -151541548052560394643401801518710662899462779380154449468485165987902394155815385742554362254657594045169517738561473693289120
[23,11] 1497815930871535069319651740587861457360985256290322704024139694901560132351381126733430404957442610959321670303708438192512
[23,12] 10831792989478404814569119360103398891515250511347618805064841071058216531015285396880384641517223953306200838577872451776
[23,13] -5460639246776035457548536983870563881351385590316915418180059841376188294218771983354920755852088618415582979198800453
[23,14] -15298064145617622336343714576926242865128253065279162483202317949041064283510514433552081408577230851778761847881952
[23,15] -176610494639045707450824958457664371165000010859162938649449885645544703812977806284716727987302890360060032063722
[23,16] 279794688962942693350911657524530076089631955510541166950066470980897266383688746761439010910954634609206816544
[23,17] -472615094062382682792066701088446397494246013011057667015362863721965534705538654183050022504119751462135515
[23,18] 371580408042605887189852425378932675104992136807222302051670744182987828055803982745110122430314802867680
[23,19] -94828454695178312176932660214150783690768737805015640136197318729141322977833640236383458738516688513
[23,20] 13832910871384585433751273440003654361384441559554645796512176598379917788669797959278225291566656
[23,21] -1764887265831307861862004468612045883410115093170947981450955594310681002308042217005050676055
[23,22] 38284369172153216458137887469478590033237260381489791942553230888319658286270856998306752
[23,23] 1959446471354061269863045814002434402245739771625413888514692110949911907293461244106
[22,0] 18703805377507684479458401901505730870454392347984890308603811527650075691329730461508041717511336991854453510866411303626072209493651805713289802493952
[22,1] 1143377165915121588504346430702008753843672846214614898863355469959239451001011721037469387235810595975502152576721118900007314556340969560992684392448
[22,2] 12838140753885956657619742217045330171744355222736713236864653368027976839715705459112284580975491592756000202970341058453699484986713332090085037056
[22,3] -425829183689278038218648284748178108172669512655775042891295292993206317723109563517363758749922863529308160490059730560511710640888272692485672960
[22,4] -8679936640283191173559664987763698457663555962855293493458536509721987230286580982127284661057459051357818753508489087013775812783098660563907456
[22,5] 36704520580433745295468338200019375054187061464288308855388249904345161717875472054780859252270177474850534360734444511120614961400724056403712
[22,6] 1453975081772001754071213034726833247977677788008216644269476042817896261805955706331918426716182927097409132467816316338916107319069240030848
[22,7] 1719935839191197261930005765692574324550170509782823553152641271513925748546956702503310237936321437882866930705454284387911330597947821760
[22,8] -83595899825816645883918728154228653454853499742141737094240938822378959968959700590955696660746219609363837924947677498125731624712989131
[22,9] -247249918632834942947405108488891366446618039157079981174981645234658797530311739459348750080274435975757359592661287088029406140896512
[22,10] 2899594196036243691064103248112583310430033523419499776712199542615420113942966042541744920744401644117835433082525015440059391947308
[22,11] -3549459867024328804873559113360198844785681955750444149527631991913163372397598098146297698047400039063505525434401569563512968512
[22,12] 39173538599232917096907870461972028963105537277398251729371760491091951441586663559746847270607298141935075606402927214577800231
[22,13] -173136776830336489879781680436828125985081242094639975182883705879077389585658120377696938278705611422430287998722023491938720
[22,14] 292948012194848517523575620545379473949765256414128926124265932247508850194949969310936686222424515613621515743887506736402
[22,15] -197710771849478468816294923326580112713355832344054594686749295358347521841770605007521927196010104703227313762373059488
[22,16] 276207342283209257263242017487896519606850857333770419610072839700613543240761869078464055223274587127504972134211754
[22,17] -337858501204580750997392264062418580249287471296165638474571135198413304649494419983239315186502186682463139368512
[22,18] 127145508554685567774465909019378508318520047854722205097807430116889618466644884857792992569026700633624675451
[22,19] -1046423110403578809345541451528235379498307847865495171102310975982122306091114779220406539979410579320480
[22,20] -1346669558350624961433247087954502205174318590585277692871763232104337918406444387722000364602319626586
[22,21] 188152977436799380668510889132283474435278004682253976041830294829564003019173663509914099587387584
[22,22] 9030758576993911699583392946371025525394385568738584542871997691378712257624271409208329221688
[21,0] 32268850148786993700302032061735470421459178552251149949714252968842103894985981437694811623012302252930402395441979653486753463961384533725362128096002048
[21,1] 36861051836515447198800331885235474470822374605898396486529261092401608017498822879360223873488237871194164220834684367027458878105439015863572683693785088
[21,2] 3279555831138568848376688877564032717808093769323674547345018987415743514141241856982606212859777979130312102848893940079054233489743589666619332094148608
[21,3] 94285627229184102307378292159212836975672951529246018702777383159439845911994182532407012923616557888090679213260130523480299569400477371914142908868608
[21,4] 423137648166189229605668083307415550660150286633774063471166140401037904541165795728687804006147504572385071657618209558143235319089959851491159271424
[21,5] -18375982645606021170868896013003651936988299699959606815597955955943898941664834672307539947667085232647820919986378313658283128156886075228361445632
[21,6] -110158605942791252734274260866545698726700539796097622733365138069938981517020278054200468083932064453021301330524666685930470229905136656875227392
[21,7] 1273776106930872322342413880482632746025837049435491366518593470114143575129738215882767685284238388175490546188404485496882547459003791029292960
[21,8] -24808774376108546799500312268433056499947033699224488698227237019021664706575805915164872657806357819559815164610942900688696868962134033548512
[21,9] -235821958356750540385823649816534777383148824821024288229509943568600084531616985703923910920217095497815538551867337847160198486080536189842
[21,10] 2504083918372812460274135400916934659486398294092717796265811622555230312164015026542953250904923286128187148971591280939572056517881074848
[21,11] 1103154734355044585996463737937954912102401034193376840539946364265841965060676035186624273854198261633768926989832577142804582430740059
[21,12] -42054141643312987471251756002409230376456718971217996480058668800203420632792559466208774384487476697483571930593054767611566045509344
[21,13] 110529758257268602824140948857715005193717182387840166112243878205390347831394409933642163760443035609876833075395400017496523863987
[21,14] -57750478660559493901135781905924891725559985829133368542690143703041095579851595844558307320838837438492895341744792744241607200
[21,15] -100072143266185994090267314580993421350376520024577248482089444741861736139878160038131507634228442305518984511045201547053831
[21,16] 109903364556016874621034447137316455398780865146214553935481704240880580027752857667087250860737294489177739667901104800288
[21,17] -29599414407089071336131997475652630749841944649002467973480749604274782374328797599110312622871345234409006446514770629
[21,18] -3556162689866620591531234287410390643223822227920488759697626245588143922246455696824906876384908011602461259117120
[21,19] 2598113119744397346654626829640628826692911380736677700517370252017281510165213790157640392155877667617305473155
[21,20] 296127897664485070253883678348500470890971543858541581071475329994515409959235303780076984713935173517823904
[21,21] 3489544420419693068260934980151759763369627321863861922565380301080757808815412659773924316616898107172
[20,0] 2995971299430529964208648687643397138582725019915702044935081031600517375722235800663090768105672065772402546336125071822662230131104421176165875540459245174784
[20,1] 812961798536486031218025792541004731708418020845926008970797430115251243692951966823640915743514334979771886495369806344998075371717688488018558334948710350848
[20,2] 101136112389682702364852109291886458298079275720782647517182602057601739944028489412070982035072837846389766745270563750004929714277029847027370039481039622144
[20,3] 6096481974607168933212783307971507947458352595490953322953679187134102888118831436635381568390941397874037636382127829534516631582036250167048253188536107008
[20,4] 194360280613444650873677066619465333787941799238123024362710687500179430583911186226130488130988926022728077542771009972552292937933639270679679134242248192
[20,5] 3402176322189714709630475604859222979860763700528173565827158377570201684403600198476945719603264365954421871397193756990507497766087392400133746011318272
[20,6] 32383355308618670060781547281874397855917299605701089440146468845316605016725598791309567684427874041329065634813664324941249541523603058794395927137408
[20,7] 174146737171871622699406917344321693213798817085176894971851232281379660135455641304186041505117410312088401415312581469245961478896941744009593121024
[20,8] 1322424426197894033614425870719679393774873733840312327901697429647707548111361845959783547924606362573315935365814321768231896047519935070767130112
[20,9] 23238670581690350085276460897874687139760501821623716601276463218554937021942841742354487788336511703005717977287392774259825315633905328023700480
[20,10] 167088359815014284830442366629655222737327069629162211516745394450567749012280327849374843684557912033736620979656629307549316888179707363632523
[20,11] -628769871581723368385537435358527036306468101183133675751636748095954160407477373621837888759076511193117982114223403234693811681284541884416
[20,12] -151496957756139871937781819725214894885706102575847240046319090706575807172471615176243055907704418246065218347021367654385882812038600025
[20,13] -3468348540726193924705187051235156777238729689225065295601324639085156396641384737395544256223129053076630188658296674132864171247130016
[20,14] 9739147452036303269947062087184083106724816019659807395150732249740563786263146919265412514078264010025750105674036795780310165855942
[20,15] -7103022015207598536447040248800101967527773077860164262857456113772504054094230688831979116598229885408248084541408004359326884992
[20,16] 2818135754830259343761118345443433656953872526895338576019032375352339690114657070605846577363671226233192583804675998483585433
[20,17] 3167724402077795504473964618292492131690709601558552365985856338854435092664605044447626642697250646303318563100855676672480
[20,18] 252473342725227155632516474106288558078706037296357819872087115206082156552383702476602811867234556821273840240926852288
[20,19] 47078996932811821434215563264053993622150181638925899220449982653153219775894386466956682971649684494880823349327776
[20,20] 8936548868678234035426153847812543821442669414435018887818481670968202223392103637066930635373696885325194666960
[19,0] -199153945644443637923177046183871937494579250973181962892140258221436052327764631234975524187394143887065341155653365254580735417078569139543443297651159934933401600
[19,1] -31996063411650923249069826513564735778109271238765689099271524445510424918092578313182129097461771073745401495766059595061411876771193949620739540975153833670934528
[19,2] -1876510682793421818608279858678113892033380877701377690622195957416566282365270171162015514624780552177668086742920982349374150888116367331655339953706260122828800
[19,3] -39135604034452067385778511236687852115375096629933375382283249659276175539904649778047022085526593230932280614941684094860081769692908116640110311525684867465216
[19,4] 656302412523938996654456833829812577805045960767124496464487545633306812839166662360953535724848744253890528648772686405306824400556898104443482481661610983424
[19,5] 53159536777691688542970356679781656643522223384232891236749875634465163295948530076085451487000756744011001101961446593529365910388769064198691657524421519360
[19,6] 1207504919189489876965664008076144407583439366753528030030412352986629926114877789233914177899537420571290646721351673647152355606735739170424335264386068480
[19,7] 12913051200661999833267496090847979808516014176303970112208184606983756621908721333780352282400682164958981579009647087747114571293357192261094458372766208
[19,8] 36590290256050073956308445286765241884237192915920112055901220576715526936749586031245405695839668738159509070391032054689564803190546674055489107401344
[19,9] -755452402550381089949872986340894328111253951748749529798373001346830901498712667344609969176164638726565698927335500782807692082332685308868248215216
[19,10] -10112670727079665836804212650426082849751009945935752206630619116392702253705213236563425912588839169413440420503315202865531976645464377694361419808
[19,11] -44458333868446884108586757815828917108069169461248152469587243362936021760774451458326124677220147708184368272279305525150080556375257775833912404
[19,12] -12741195114895566492644770191536517536033543791567708361960240761295527612695285720168055825156697033679653312550129843493873621527224760353664
[19,13] 81104339187644779186487176592653399663221562765680633593295070309932854451048776555716577776287406564873562798337614143146410808078356984247
[19,14] 363851769531186940660130264770327560429675905081765628942749772889321714673373123558910213944907724689467276470684740473692821062250191648
[19,15] 298881790312143008603912440065892342414214528234122775601454799119672999649095223308669695875409525291426817405698508306863277634814360
[19,16] -174384376173133432784590845588317072582406261410856850382265285095595945523624750589000361347206592021536362118542739198694131956096
[19,17] -83741222088526772625601955464677692972996485806838731218932776821061778569606878964404768949800506198821666813009439554817007103
[19,18] -22953805298220829309385890330656199203017610908755184927071010494187042306179886231770145981611532164923671832836335175398944
[19,19] -1582756781964259303092522087706407889122973709984942536287344321630761534585028562022886811360201801250376935305602470090
[18,0] 1498861783854622953034246100357912788168252687436070211985144123162456148295556191318945953032330729796040419228849245939403497066621106102064268002448625400851378143232
[18,1] 205244163965914540913212271125614080495294964512773734607648659934043640601614611071745285795696315479152258625553479459277444330219113969112890621923229841241085575168
[18,2] 11947979936976934414894981283303565717687178700135233082529637252521468911620737146214182731411191162988639627688604096955309765292380253153278813047086312324902944768
[18,3] 398142499357753172312842578047515168288491758929289988246961411549907506206778265184558779425963374943684657864987052530287634085907322787227880981830791181282050048
[18,4] 8784214156922104703076118370853759553313623868077288150511440749194516172266226873204216017090419559330329952821535634604891690829523904792793544436487886534168576
[18,5] 132785679758801268651564552313183738177233339787942188162879922586321770212206614405541902847110406286468464199766023982651977896860998429885288232716780127862784
[18,6] 993419022947576086582404124409978312872910893926732257892394993871545377381904973498310426338839056298411159034160151939560942637461336444094093471170622620672
[18,7] -4818010508803067666403563675297112515042304358390795752131667537071609531897208711692836348435099322331456591557895148944660878821550567786457653419117473792
[18,8] 13872064184974594564708096416435150829556971690747424426896444001150179533283912824785475428210238300843070544940545019361194938690489350723436406400301760
[18,9] 6714782761025956217488404724429744836152529874619263789722358796729808043048276200201718286301835251890825403340569789352794894170764458295811081129779584
[18,10] 131948925400758002199954801025889524278777768270050775216908413739562426851593376146760269389919961543044692712745677553264045520608046198586484591486016
[18,11] 1077630434922998784325006714949049258641612672899765250886678809209160661970836545134084389839738931399747147803756662980315183772338041812441555245408
[18,12] 4123754659935860866860180263292203504381765009406003318071162291598120210711862852102888702788842370544365599814640443215963683922032046526281290653
[18,13] 7847136052551928538807130165100780193704609137613628797414186937995978753973338326061740797401598849582898682928848296940680057307688371263755232
[18,14] 12342815006506856758111399409782550337935239183064696426614257967537061748491191402338685558707953796447367777322554555299463819337559656742456
[18,15] 12922241810347854374200358074342037987001410352615219664545048995667481710499751096504094035547176020694754992569308720662758121564738982816
[18,16] 7172955438099611311011454639170114208266962610907637777835777337198052847031140449404121903098974002833715388414824844340425231902963016
[18,17] 420556678459461562900475755714502841747333555760408924422348560278281045376569598314599214416963185146172450054708893214800127696608
[18,18] -596611256425772210482653653094599426333947399842957195635461470907771130339645139760337929903852561829591341783522193954853726
[17,0] 614993942419121415881869569746837034715262285861497607449133395157472548053521221925903964032370469080626589840447471054049882117354815773828284285458423089890950631129088
[17,1] 171357818951417940441474817879298661233455619374930407909733937512128344005413946169357895936610884519022660502338659256076040529302950970079600720976500135178519423877120
[17,2] 14829925038231157496698744787105199402271079328834035586207548976660537018254019633355468779589135572081031730438629437973191973589407272900793754543589137279324349530112
[17,3] 572952277818456933615061705441038128178426425228256467149485650794177631535086678250709481003238348902132821795877162813177608315434747783606676882210440170405023186944
[17,4] 9619698735035414947087482181237291279640796478442018948265186323142563208315920679510525229761354387110889722597509249627298925578433413990978033034103943465099132928
[17,5] 33501780842533338286610393547872859878806727511231537384800947654235112183132729313572540752317268050616574993621029401608727647867136825569603588253056107231084544
[17,6] 983258775256737213218711481755692365861968855016593990789137922903194009565552760664638185840419066608747370351059439458802658979361760998067290586472751648161792
[17,7] 109044505070369979050847920178422001506936921992799626239673891452068153114193039236606936208419262127334868024910974372458051796220940055404687716085978927757312
[17,8] 2908079028808839030815841820701693071956501551931440374514770809712166874894067348540269413042846053632420548330008774144452311046794956484080876033768304049152
[17,9] 32998471441858799251740127320384412513779995583101292067528424730305334013312995889484943590220347662164990173246864567416654147110262223654207294352893877888
[17,10] 100168681885585746943209288921587710228041989459331954940739645901324361504000590703367062142188527061566921008078808882853603754003555532184493740941787008
[17,11] -1359042230033036976504751821579107028307771531168425654045424945358409766446192148253407639307644000657175435055647305426851867584701290010994431782042096
[17,12] -13880922215646286221212622470194423132585593469162845500427840970737654164613593477024825368441766184906492193494069801502239221653065992418742142941632
[17,13] -42284821158880068046024788081823355486363366826426476026510634813027899240551934037633519422190283237074462891265363947658654113232245309195681568918
[17,14] -34533088901167897634175772886776079364672645358559109787415647716340868250659289099236475606050498635589572461112451529653011791274709477348783232
[17,15] 5993320387142966692920421769979460310516437532784081154117743531188279850322881945244624155818605024253169887998030171940061270512913403363812
[17,16] 18350576549674673788409024201950332725389698294239352022370612894689953260424425689200514296770976041044292857402751510787789357460543426464
[17,17] 11845489505588362352767685509376440565277318814699250915979014820875217747781101086171689486358537875529563986309000171253390489224989376
[16,0] 1805910125873772702886993286263582456166854098435080114258405777779568580861483040037803012437435109019528472298037421419407749391032675019749894113511118500178651762689835008
[16,1] 151837639666617088719178906143570556452521051847102854129913832046501327704479444910944035556754762387691679817045756015562852921575768470471882100032793376557139423637012480
[16,2] 3256993620784143943994399114054118468213960493431621917268761059359100483916914850621515649879210525931880561770796870263252527481022319499552820221184504463257187905634304
[16,3] 21352191529326962339690841236426767952748561258078558908102050608432397867401557470076135831419960964077933154577697820097621528574619840887420335860137565228030814584832
[16,4] 7244854112124901336563996382534128543980180277787605784422811925900676891379832434693211832722246689709732693747218084270706556122300794169110557803819569102832254943232
[16,5] 541298485737501696911689064915273005175786936079909602350321907966692736834090169951291749936541395753941841908248922915326536432641982253906681117976329456934664994816
[16,6] 16951076915890153844748387350245675628412523779276837943648532483399375974237187358590543435267369758831647697555073124642012377396688237308477936010523869959226617856
[16,7] 270179319814464803555512766806794485620790520962718598668520698346171861445841600299604773956210292456823389839890938855878152841828772257836160050401762988237717504
[16,8] 1831499613081177188287680473978849644693929394116704956334939196238608995444971345324938106736358675655409838075652120782206451165936433319865200937752282408754432
[16,9] -7299441222327356509967015243246895655893267759518164488863336000638013580457389179747147657937572356831288110116977957858412525172754522608215876250174014211072
[16,10] -218636754897848317248604743370941042386097426444959698676851473668424663377081556888179457807019725693307205092397111051416435510811654393484086590712993949504
[16,11] -1201625566717523111439848251193038545251610248299772630167035729855035091299158008355737187614155871508845308369284821162336411947802194291881739948892842880
[16,12] 2282062391152712230938006021495586333649491610540738396871256833173794392854764194728292131718851890325944178671790630555842824748740797857295110559960448
[16,13] 43981410390537156271772405168040865188896290639619399438112886432134244531724411080598688970113100373298860576116658832704895991150282048160387139585312
[16,14] 114103214326067718065929165256030587379750810315111487159445929042334340637076148064224419295243668167176641254408646548973786738665432582636170318499
[16,15] 18279986379211031260053217093559644638168638137163994919459208622163112085088415611024939886627095812113160851981414108236878553145789237140056192
[16,16] -30420482249309493700914498436105773619091969382860766662156631288830482798648369617459353930644004907436294504508336841710460242202329798187588
[15,0] -833952319704994190998497662059551697424781612318779552826461942336964103502117629585188949964624049217109246136620481266823454993437323145197319807059102266190441600472601067520
[15,1] -75898979930374608038295514425636359395741903765819395451753595644947998057081328620857774365955927317095393581363634840354668799868509572114362798168945982117827830253414776832
[15,2] 972595283665007415698962872081387799472427156879115864518068877875328372669809092695487114022376267545032487678775464127562995387471230406979191583472595626454921226494148608
[15,3] 418394365504385399189013978250402596355465884746253114402424181483046513358951616801875113195069611552423284463575881586530796118088223307399622187592852813952422184016674816
[15,4] 24437452739956498937060262175291047627693337010412606108378029487704363152593497106575237518638019949215446195791377982587444238765062899627357306121222365459391049707290624
[15,5] 707049463453197365726491634939240356127879548488447272179994093065942395819684671506121020382148205090592845593741136016361040211151218404225701025108015023392829505732608
[15,6] 10875447551239619637014224173135688392063836197840022175883704529373584063507354218986277330004517188313028804394732573892013887876196779767210112391373312858639415377920
[15,7] 62442391790257973565965348975453931455133954010079480632651468300334374414649452511707143829461883079770127773553150271278970200276944623671557250915051875468378767360
[15,8] -598518262690399609538287987130856210189047100026107886587387638477332841417147780924701138844520958510282500053056819384913579242393635457269759888816190663322304512
[15,9] -11051724058198644489254365142656362034411861538414869938272106733387259139331854807898892393915299008598840346398133027267128009062891131156942554929659115073892352
[15,10] -24257854395616781573200229236466093987540303156953467013040304958163423651305430845004804923442061550948186319045909128294901176474094150987842399160310188482560
[15,11] 567453905544751466733828300595863906047427092135981897390177463453544409512781061224937531971358499891103059218467043493835867380409873645084230555927608456192
[15,12] 3884277111123814027617050780853218537082205182037265057280442675506460963621891227282116808169625492124290891846003620765610062565688483542868732425368008192
[15,13] 1157231286531170377405916098657222622963050808165473083582083100160348045115285916916113292251017777987076326776474118572415066372267851415854287226450368
[15,14] -38833586941285050679031559040414045953581166105281236501192813771316124922318825510928671459723704900188802350545002213457762453793857380723523029340032
[15,15] -113286251595901639810202481008425524602769747499896811770297629951929923449259288609350903713145139233652964031565292178226051467057529772656602449680
[14,0] 211094217768754039223629758596903679777237503237431024539220530019222032889739043244216187866872815091800446673891054387073292958448552044646241388167079674647071759464983252959232
[14,1] 61674026300689220884188341524460340389129062394927455649255971620828339720187964145625798067736040652357110786298354561889930281521995955723225825762996966076035073562692988960768
[14,2] 6636210649910569209146249170588064469107298238019942585649808027829576158084303598098020206955801250217612340007063840144163861480144245038711036079695568036766167911248745725952
[14,3] 368004787037835629449118810715462408002679946058999479257758198287855876346814246082440360914464240176441396588520583998637362473294043220909636941859406893996939329813321089024
[14,4] 11610510402335941594652403327561260612371975321226725719840488413873849094361864543729975500057508844628451723340443896114266655456740692670715923839230400026544564815907520512
[14,5] 203984339945994452589325299608962096090458143819342849104859717688545096837322791831673525649265628984192719089674937070975925500902105188368265617589745690185946437456494592
[14,6] 1527633723719590031815746807612758705851189292861775062648335116553208470784956341503563109223838396970160661511334952941482180450392376625519071462276985199191004662595584
[14,7] -5733596736844236950686778285375151939449470469949351934056602890268008131107782788593343788620387297125374243638936554908801684437550099250224948581747673451457257406464
[14,8] -96930395143287314062034138092037159168157202107765267746306281865336676130869138247946730283056560511998353629223518783185822945276569194274981724076589697671781523456
[14,9] 2070889530902818803237675775811082982492975062722060274423490121601565680614158268974983615755326311916223006251291949118919772665732198070825506370076945621982740480
[14,10] 40000632395882671745471608902729886947160136425301199266542459631483747228647635093924496479211157186740568743768550697504581094311725611129693977878575277099493376
[14,11] 189873613010772359553610718015689767901892738727283379335439391762647781337325864634726075583173690754153943682201147121098488394446766422252092571630280312791040
[14,12] -296459945762497507942316704077767951332257884921986801349890115757812182898167656366899417303078723627702304257535615940855132120809240850751513382153731526912
[14,13] -2907036662220744913692229642079887323080773023281440761260181350849303717016008211124733539939516410628388158497065404730841368002144834584012115388626490880
[14,14] 1423949060615353750691655837098429247636162540497062324321170024930371487371343222439329768236048761849020221266618341751570346496181133840458025297630976
[13,0] 132082969675392915442425108597141754892604961244391307333004191326193478056481418182584118935097037402896158766010101504173995344248544194937394518729705882151407737756285066568269824
[13,1] 24660396638840775844980471582035278510985888122762181476352417821083358351197172687684516463120911859041119533165640519344696077751869339109058644536071703938546927422801574459604992
[13,2] 1900270525377370062535815875345296962073738580965257731095264816226860876932216882402725007721511963212627394155198038932172698410082397239354061388130321486830054398612298373529600
[13,3] 77076879832540189000618630924075198830829689246733673509648935546001143133809058719780823360478025623454427487922735485506370549896197959328795318958455474412479705560090831486976
[13,4] 1704906540381335285864590103678427821183126196715864403967317740221279649837899547943604395470455280935162230050299466381923138922788166262161033854439189631563723695476013268992
[13,5] 18567571803740864232898646479264251957589788994623037374455355148469550704162088369268483517964606060681684221770097676446715752722453447310719282112878767858842428902779387904
[13,6] 98108946663611522062986730513881499793625686458909201351239352848632066722039701274434305195587648849443247769522473665477263028387950519950375840085387712269523864986320896
[13,7] 2957857141621131811195589534686436447377198237731101253089560367770654698995891223258909142975927103532856409829438807130454765808105624732096946020786994085277360177610752
[13,8] 92526471078728002158283030921062528719713533853530490675947215156691579237821018949674360342568939863107381581690463479084924595899261477978829908055065937297164062294016
[13,9] 1041195068039837766402277503585542806597677486606081298151724407115531524911328267761255947963011288091150504265125332683284696634897439732474778010959146267619168288768
[13,10] 1912266233708572097981027429657591212214235744146383434930564182774863229628487280692860352089124941970027891991209412079864576230921439128148053256561083026513821696
[13,11] -36662358649165540591615333534985680539948962185906704804370667653088406882827808500921894265089102597253301443691872281470749933837770149157733972417281162407563264
[13,12] -151609285230767489019124941335764902164227284381045686054537956504496628242580489417513985504864439285059448439319705773901431740359292801919426391250492951334912
[13,13] -139588203686985668998465771780412799232568710695883097852925469087669817202978601120917947591254251926725407302145975767361506066095544189468720153669455154688
[12,0] 21165852850822057448269364830873904412886029735200201919931643680904305133463305166989728334024753688824782282734398068765995334163869972665056960053999514154940087632411355169150730240
[12,1] 3200173151733408725940329124956806351171364298064964934443283795147079505793481535588978058185523987992444337263774042425867599353310983645733747792693003258004166868504783807345328128
[12,2] 190018727156529516823798565261750262383373871960303855110922607696119665815253673870846413407986587459516896661526683571866570349533950171268040574957242434804721174162356228807720960
[12,3] 5446472539205268350716729692187614837892244129100657529577863882388804417536493263670538012475297510096708089899649153951721386559003911424773801614353166876356365238375814434652160
[12,4] 80521099408091492454568000409866922094356604767812202687427601137357883687693271885073822646890409233557562189741719353393676202048249371048143337728101322351237024230903140843520
[12,5] 1447928991023027718091830907117127450682353057451942729872925697748883688299631459274501514380694807533139779571579395318360008491543862691791464849771749288850118154184869019648
[12,6] 60422816004394031337050868917424046799682970421164632501142326166565012451191655270383161065417050028093988603411896668434062056092337226358859117992996794598464213646459797504
[12,7] 1462143328000212922498955992708404296460982406356359806647667656528010560929544054255586954255538788128497321708185733163082583486705387375316179953871270722879661281485258752
[12,8] 12897457278204881071200919698370698207406184599309681890384106483513909744549203530388740325675283340702971184358951819902977898277616302779998587063241112186271943782825984
[12,9] -56276669384077022948776763283987654794244062877549930057663510596628041922389405471802149915184811399664229135136221753194715441208270207040504450021464793369167515746304
[12,10] -1491798586919695254565513579883973301712271696241684363049176157822065544727007671948592267058612552163867769637096725470836459759421623912893753714720876938042358947840
[12,11] -3805646820525551145947597370471995158932369487709566356259440654941453270276902459483233783840566304497226448706668676741270047256912506237394884318742055415202709504
[12,12] 15753515819964674001449069877015386478119397431599498544641177535395956968064629194767516958086837055911073365632182918554914111240641838445940643467697546937480192
[11,0] 1334467192544626355602122464896621959657025347299878244656848303887676976284845452102431798120073019690551923810110786756987862011753563196860074740200115644579136812438788422852488986624
[11,1] 131736533682949437348888455116150010843187135029843255284975654595044576273696010493775578103556633283862183650922614186759472966510553158961143653511799848625269589345818782492857991168
[11,2] 3150530595760630020048748211633569410337829150734292926545812555368524645171881572779896517498668018781377516984315069838614427975998585389118814485564006751053435471142386933100969984
[11,3] -29491079203049486629266466205290932492280049871767445311843017252102742892671021835508296977873208685965987112892307589522473983759832700641549566180381043297040335101883417039470592
[11,4] 2618604726194865028606722712554498790114439549205191728253523380098414677612980077717705595883001910635740918564713321540131694753948341599531993931006413247100640937450707382960128
[11,5] 347590507684046879609856275841839188227277746676960664772348693302427826078095400046114966335759652924763357223598587417194109977742001192722567268537728846474434744455632826400768
[11,6] 10331113681552061284658345780494444891875115784950402543529894617773348566742762292336356782512431420493732572089231437610161066090972762994991756272910934096794237527933092626432
[11,7] 82135116724378173559004990776157977387533784950464593004982595034934780743701132816273278845018710313902698320117683051157621468320579974356289727756983613800209992575644860416
[11,8] -1370885100347444177952318568952599479131393779410703262455832384228439123992758149167662339300916908754762373124789606503161238795544717049004379625371111523259324222136123392
[11,9] -26830370297979577746949251665596712625261865052645234433947516031772678549066619622572730130465395801480561107443066214252965652759606604521528975065917352088279238573490176
[11,10] -65494089417298885513029848117052354211123399613781694603830773218038948092892622572724240907143676841361914447544262592882850079940477412559095640191911936891782610026496
[11,11] 692597902367338581240859487560050427227758596711570512119657664205588169604427814927133403612776945173650104397320349619754120995885721181793046228337785142735778021376
[10,0] -763853752123449545624332866559793307647487967557339135239102750121486087386398860497775296340139134659769472581758118542752986023846397818739982981255653702830795373857162125045061910528
[10,1] -7285865322512937534025807883663218052627374323179878533386052008565735939846167830371525508977832702579602823205988035167872287623579103493065094224958954368005663572161061961886016208896
[10,2] -761777959790421318181864675660778476996222373314250081749013482355173970447307362881679283718141263880366001252588614670678784501318253982237912712902937797796935009129292175900781051904
[10,3] -21595310133852481352348136582303929218708541110606328999739106411283048391021543448692892767139860484326721266193129945282175443830017098624373932075169439732269456904412432546784083968
[10,4] 325585664722330239226586769588217520089110989906707713623644452186874150505518703171799459753423746626777731095580946299153106530534223227476592493722532608749532736478378945327136768
[10,5] 24441373076637778986760241497550819338681824611592020948782451837630865497954847435243393221149328095385191269689578040601717311734958586616833770962263493266315741206355634053709824
[10,6] 110028688563415244362544775178273838844041833370710625515014138816220205869816627823534115357687567767090777534458812924590241153481668502414986721630250818820078860402150525108224
[10,7] -12121565456483914196242743975677279952267593155543380967675317058470712419377261669753714073536365571321058478391520949882533858482030157278393642408931602544881291750522971226112
[10,8] -220579808180380869434066117828728314247961295606083840193079719750837181971945113367564796631869503398384420763051140570591127613883031278215199270794717910771784596550441369600
[10,9] -313573714877180402491528169809906598401462307380944359191437319705877919345512324211923411632203539564541686968525160986799404185431311483952878169299798080331418487704518656
[10,10] 13336019067754664456182645142073271442266724040159405869100808315457052916366953285293869621213249472819105363478986900990360387770494513223122240412160136162874016935968768
[9,0] -3313843747491007432794438622389479237391172595603432745462027399275387815655358491164362928050091944222565422212785820040701627233418587516596233700793898455061092791070425927075894109667328
[9,1] -827177698998543565339000691807865399851067902351265939483416297027010534096672267411372420366701723626233799777778714995508891667030892323021412710247649798829621162511935128845077549416448
[9,2] -61176712881115769078373738355144579593795027544245282169425568270794682543025128273044653176135865391608476146674997403260735457834297689924148513162197095415317410226497638501445835685888
[9,3] -2089158465707694456679697401835511456593161988412650798811503566275354273209043514341375270637575112291652602640985595271512825208414116364302454207311099486519881213435786371437890109440
[9,4] -59178883169710258661624633663928175281731139592171820245644612601285298030047795908684718794388450775117079918100455447433973234751629828611983081522164744623388397528822685601170980864
[9,5] -2510291517903794150285841267730359074928620086772106451172433647480487912512035732398140068351048315139334910701776926942081736828072411094916483123799733046547730635829866922831249408
[9,6] -77011853290754919969860107961302480721450808775229935641676476902018083091602770809967374195050337766398446173672538630658484831355313033629583145611639695077694305661367771625160704
[9,7] -872138001146454400468523157621302539817769910299416544685150481175005425164665075151815279802710637011230667979509320055860358972922197244686145979427654586860591361641407344279552
[9,8] 7907550370304063386620414260520905061768116152123065826841962504235730770945685051713619985944817368155204511731133402417968795728319238805637800522339616859171801629430286123008
[9,9] 216734344359544756765236667459798469225703870275349647789104559637945015734932505230354818978686960521678572201949461251671922120531382335749381173154622771081812175794215321600
[8,0] 98977883338349837053032573830109993666570928398677481103710748041124883208644218688129056389627629283711964741315446897748715843049219344493180465968372155414568112416333187990702844758982656
[8,1] -6933537725667347435058086045976081138208898347595915530870792401612723469071268335244896495330762849064205267340507804719216958599760462266707230611098581486181161059994744392850186782638080
[8,2] -2658309857261639808878321292992289866081335482039371781270562788859152043163938766048951295280848542501257466321173602458115307598478521507018853925752811737537620160771857339542584082563072
[8,3] -267885079630490546639914878732644857761801580758862065251084691499588327962699981158463390571475030896040272213543075381674370052989648042807660426015848134950234310517754096246728991703040
[8,4] -14234326879458522888512680898109455137142109342785859319708050815793483240383211322590037163293329853981706123746135963569984000384111997096042185231414145084646846845524496545490032132096
[8,5] -396438963373065658977619927607377314382253400090235276504780234763644639652098940530480508757259131707033298179247546834278144391518058737924052660579161968411351876148280080381698375680
[8,6] -3669105505354702865365612394848996365106578879921765455465126683931023503430388950226882622098399259018459917429520539885268768669162588139517437178504555199813923758844402281331294208
[8,7] 81392205389271491119121602800142530427536127135875150953720945724472384409481903065528608388225475198906375680094641847638819380094885914132342912559192681540609447509713901873790976
[8,8] 2227673294002553921578627195478674764651259618824536535325019117651836115150024923700661655960463383187425289830952377574812587566538268638243574913238399511510659546274168207048704
[7,0] 31231850969184464643229853971083569748555883541571162023379049282316758957652505830784998389366914508517829705577907794899139856858343151317872489670805412149516303683927224771586137663037505536
[7,1] 2239832837708813363397359597312281406964930193737623029629539923144337350783235002205743397280189979990951445001833357990390883871435961895549872068195580045257892541974076874450750455108599808
[7,2] -130969050657752385748392710332094850322187850145509424033314270325683746087436932527188393124516712746720180307663602791173257173866337864761625187908951848471357476576086428437290276240752640
[7,3] -21171940341087143084043866305963310448936207468330241403178748741875703343815974920119427257356569369154261243569052783561280992908689030484951700503294185575273183511706112153877461237497856
[7,4] -940783896774053711591721283094047039650200553277206042946727883040587105278017382413019427684964869282228156115892750732562643612480435583035995297659932134827344696689507562044510298963968
[7,5] -14124346734507142693346364593461245116724501093726364129998356358420335684856410543713406010210840502342950221259588463686761729810375362309114994443220651504959611105662441416926280286208
[7,6] 209960595135809407829216389797419851519173040422799303398643365128409027937813951911300112425090630322165333558113333016022491937363977740046315605719815128003006461347031177633728561152
[7,7] 9813461363266031027240925949503811683241845230259027324712954320222380313403560170014617322402949566040529391817134543627711762422023534548186447628320077333342723510671990686897668096
[6,0] 1987714284698638535525639014870262270868096524899174635009207694883551278171863608575530584254926047870986330998963538433991305978105769705834031386491715142634279960867609731572292585041625612288
[6,1] 162397932354730233571136929831005253075990071284518668893262253531628351151066413842798415543331200088748849360884281216303458777343313393011180966859603687571579524137873031343923157769096527872
[6,2] -1470057656911822528215107272038112966414459516050674945563132592984064887986243907603937444495317100083904062089491819705554684630698712445428531125316186473893111749852373099370790395890892800
[6,3] -499651045116093414418239659374417567865578275778638901568863352033965335483707031200759228544188319223555503330023469755704902285694373732344954049883700231490161614718542431091044130911944704
[6,4] -11029369816154852365557089340090801122083180012977345861056325758286963201329360035383454063321381643932907315813842613511550461651320920843107036191603108201493810810561142687168617718480896
[6,5] 416276550593997317329156584333152768102615075767950371927670133126040611135482691876894046070523518100119808165780434348312281952902105318454128391658499016883462264239448448332999119863808
[6,6] 21045815726698056250134527581815776461746445806251802434619185544796732952405066126685037624770536993205072191998681994480024236934498169758053703811042709230359808839352550670642259689472
[5,0] 76940975099910755227638913010037375255899711972002010163395778567581516280838500984117712101773357093518906777408435119532685542300072128983774618427917226153341347429099016332145006243363923427328
[5,1] 10961499462666667735807685761004983621718593789155191996968745588815096711654238381959093493994022390830919554829877630044431711171550641475630825372193820792487654444285924203535635158057091072000
[5,2] 774261172673954618764547856373478849682502337236106794198460875988547355794940553695819907557117934417669078997370537334251818593812256737384997382227704921467532754694192663342273416435337265152
[5,3] 42397598021982056773530816825861602060890079915941184962881852061224124156521813765861610276575097661872268216624352002968839081322172195390678459138594376248141017370406720535783654330397097984
[5,4] 1863242623182556340056945861136283302581331603677385341591658140538105953558730880408883905841051535719776915073207188704026281219544068966069815943789565984525217154701839166255240617087991808
[5,5] 50195089170519874068863611899645050948770870823878920541338899839022525662879957145870404342460155740311386737248529021182163342636835803262959045512364153054828004941163441918518976334266368
[4,0] 3576754769108504521463701199728847678470540045595235137429857990774782705381930960094912910099018226771577425482991218411987128717353036752320609545923182612694404030387948121025243372449386538729472
[4,1] 826044655628200448344809100743372650362399041586629630405652382523816072612500836590038919626317537670043842999517178882515570813835642243514181690087120863532448483098909121613252423274841390448640
[4,2] 78658192091144757983665938126420745404606601503906258895006913863060049437422685560766324483604434845720184934964365328749476147170703205982249709958919030679177804992518257437713951154393688571904
[4,3] 4141636432273852197577397728906804047625738857782588181849170639125889916497107029448375210623401848497361452321547825010528861894958400282200914445394469829346116956169441290952529759841248346112
[4,4] 127138803661353601311330495551512661718003074209813415155020893608997692891327665226239068125691703848025796208483327567708067213745057375167333532320547920952849558072337257280475746761646800896
[3,0] 196289877588915734456376336503037311400617429639174751803776273316357436000198241242829830690521058884391920640057992149015755500533704719270928380398451950635276405558356875549606856141713025984888832
[3,1] 43263275259074346464852133387118721814105616605561454604938398944080787649764201808954518919175958552955830750151430465015794904720909397918306038478562269037723658499215527329738286976323719188709376
[3,2] 3723320452078701883823107026460872050326483957223631968620309264860169603693959104018642878394017908896882592181213137792235055760424409361616866491160488773211394787299009484009970003480450898591744
[3,3] 167710130706454893586111709529230019835371943538283519945672572806459707625254221714907361624120862128050811846872427154817829160334672486170436737002479796271613769294145216733351277046420056571904
[2,0] 7268457972676795480457263393091363383127240120326484606713208446086956325441987701032932144588736398129404121953218478818551321382525919636119335287822014974026844081085642322173781768327827472951279616
[2,1] 1320360307880186948824593077978896686812303888019537660900512221593348842355067661178923996918126486920622081411227984253877385902282371257572176612838445975784134388733377364003071778507725777324212224
[2,2] 96828395648290341967792897841114994366728600562566341067149516337962879000185280636316992716377356509289601871993507733859476349212511297658567503900677672974709626972680142064849512943874068797456384
[1,0] 145749963105062062631764246021298052658694019798390264181626836774958157106086331326023885587053580757070361344551123746268081643424756151112977192243748100760392295713867450756917122915323431048854896640
[1,1] 21462449303008758557351219779450567606846261608530947560232833830480202951583289286232713794713577529714123570840300036968232408031330736848694965739258412157709011291002214720194204797545515051028316160
[0,0] 1238459925820543088608639127053380138682322871408292491580583861169046010261991068569264174985111729112546261574447292881926666619647901000012806226903693201882667808547414122301058208398588779109862604800
