[38,0] 1
[37,0] 266363
[37,1] -5703106
[37,2] 10783206
[37,3] 110719577
[37,4] -400961267
[37,5] -295336923
[37,6] 2923521700
[37,7] -1807649578
[37,8] -9121191789
[37,9] 12136936174
[37,10] 14324885516
[37,11] -31682223951
[37,12] -9759184491
[37,13] 48060254415
[37,14] -3778907643
[37,15] -47351493108
[37,16] 14372706462
[37,17] 31571738769
[37,18] -14686792173
[37,19] -14270676261
[37,20] 8820561387
[37,21] 4180482148
[37,22] -3485947156
[37,23] -664266069
[37,24] 922847451
[37,25] -3098343
[37,26] -157611231
[37,27] 25378670
[37,28] 15175624
[37,29] -5191137
[37,30] -396196
[37,31] 441817
[37,32] -59496
[37,33] -9213
[37,34] 3996
[37,35] -555
[37,36] 37
[37,37] -1
[36,0] 63384354531
[36,1] -647590089302
[36,2] 2678096742369
[36,3] -5030211630345
[36,4] 938906469943
[36,5] 14099306660549
[36,6] -22643760778387
[36,7] -3092008084664
[36,8] 41370566078610
[36,9] -23564150127394
[36,10] -35327112732533
[36,11] 23233218934035
[36,12] 31014067077699
[36,13] 23620827666639
[36,14] -65605299656484
[36,15] -92358261180330
[36,16] 126455536860687
[36,17] 152494603054917
[36,18] -160218480913671
[36,19] -187044432210681
[36,20] 130397828322876
[36,21] 181712403723756
[36,22] -56004106395031
[36,23] -131422793425745
[36,24] -7033482768708
[36,25] 61549184515467
[36,26] 24423818069775
[36,27] -12819883067846
[36,28] -12375044972854
[36,29] -1925632497831
[36,30] 1673259195759
[36,31] 1058550098773
[36,32] 284545515284
[36,33] 41017926459
[36,34] 3041504118
[36,35] 92771025
[36,36] 657860
[35,0] 2567964996579
[35,1] -22629239157174
[35,2] 152636228029287
[35,3] -653972576365135
[35,4] 973878755030361
[35,5] 2366425789888194
[35,6] -10087387311774577
[35,7] 5265750521988801
[35,8] 27567054981801456
[35,9] -41292888596441554
[35,10] -30617390208291462
[35,11] 100917057163041942
[35,12] -1937771212443226
[35,13] -147250910177709138
[35,14] 51169868190029358
[35,15] 153190416500601138
[35,16] -75943579294118766
[35,17] -125640258520897224
[35,18] 61026948981212806
[35,19] 84663634503114000
[35,20] -27379947481289874
[35,21] -44801991417676660
[35,22] 2970626907535068
[35,23] 15989648295178650
[35,24] 3773378847306061
[35,25] -2473535068648938
[35,26] -1940322542590158
[35,27] -454538665693795
[35,28] 240355898480469
[35,29] 211779207743613
[35,30] 36958021685816
[35,31] -13928364782910
[35,32] -6696289632375
[35,33] -1107957364384
[35,34] -118858329582
[35,35] -8194738725
[34,0] 85270210995401
[34,1] -3461159447116442
[34,2] 18217671096592737
[34,3] 8548041443391234
[34,4] -241700071477646677
[34,5] 405975494370302229
[34,6] 662053284496374462
[34,7] -2367720161177631421
[34,8] 259004108501189271
[34,9] 5530527095217802562
[34,10] -4182251126527273413
[34,11] -6544960325340808569
[34,12] 8742340070413938227
[34,13] 3345527245503257229
[34,14] -9184666044962808546
[34,15] 1296679734644658318
[34,16] 5004140075853332589
[34,17] -3671649251639031753
[34,18] -414950579292508587
[34,19] 3384532270179424465
[34,20] -1437146818440572361
[34,21] -2079485844523944120
[34,22] 1103383764420865424
[34,23] 940383778963673037
[34,24] -391844895923094442
[34,25] -298293195209482447
[34,26] 67330878046142535
[34,27] 57821315680820415
[34,28] -3204289013233405
[34,29] -5045117512886988
[34,30] -155225247088062
[34,31] 9348837474293
[34,32] -39068706707700
[34,33] 12105643306155
[34,34] 4155530809574
[33,0] 13409833795638013
[33,1] -46773124671724474
[33,2] -760291393318853049
[33,3] 3627562376164949353
[33,4] -121449170295084398
[33,5] -24098533805783747118
[33,6] 31327679477339318678
[33,7] 55095967323842165624
[33,8] -139008884654911227581
[33,9] -24026148260474583298
[33,10] 286680462139851897459
[33,11] -125933755691774029245
[33,12] -338278179344996633414
[33,13] 303558927090222302558
[33,14] 235803095655950974358
[33,15] -356473532035202533274
[33,16] -84513773442723209882
[33,17] 263738068690357743952
[33,18] -607305033043805168
[33,19] -129885129514958190044
[33,20] 14576273064305785832
[33,21] 41303724921932331300
[33,22] -5980282492248292476
[33,23] -6907282723553584312
[33,24] 796514006851335495
[33,25] -288125299936973894
[33,26] 95767634263422483
[33,27] 430915396098049443
[33,28] -37358323115424741
[33,29] -92393199324683344
[33,30] 3152032582697458
[33,31] 8553363245441647
[33,32] -1593822972165
[33,33] -232272472487757
[32,0] 57626406902246353
[32,1] 5693912807802480186
[32,2] -14111935851901273245
[32,3] -68048355280757157962
[32,4] 249407890870918181703
[32,5] 52274088227106038880
[32,6] -1083720572717503929878
[32,7] 819405698947689390603
[32,8] 2103873449329864134132
[32,9] -3173690038831181297118
[32,10] -1686173282241080386038
[32,11] 5671787958259833142119
[32,12] -774084423273560630660
[32,13] -5945945094126022132950
[32,14] 3306941455878462481803
[32,15] 3806570109124292265458
[32,16] -3834717882504094567062
[32,17] -1344990182680998015342
[32,18] 2612884303218014587710
[32,19] 72065781355082566854
[32,20] -1166253006226181154123
[32,21] 182907564933380011612
[32,22] 346623767584393260024
[32,23] -105042657020655825138
[32,24] -68060954200069980629
[32,25] 31163789147636805648
[32,26] 8790675364231439046
[32,27] -5360743353485457002
[32,28] -693322497159433227
[32,29] 509266337572667979
[32,30] 28051829370657655
[32,31] -20768848266376941
[32,32] -224623425541518
[31,0] -27119451406656896479
[31,1] -30779227561607336050
[31,2] 618125812951222649841
[31,3] -607778829504518599161
[31,4] -3696858694852291660016
[31,5] 7640283836145414026868
[31,6] 5695991482389091114563
[31,7] -27078307474007271980594
[31,8] 7999269746554288438806
[31,9] 46539343855693589323053
[31,10] -41752558389664285418223
[31,11] -41081284802973193853769
[31,12] 70188226138410676205640
[31,13] 10564298124581947585258
[31,14] -67017654596367339079656
[31,15] 16715302054425228678912
[31,16] 39669309594550317632849
[31,17] -22741913191168712298618
[31,18] -14080441101548544887530
[31,19] 14797981506358666445155
[31,20] 2324107796492269859037
[31,21] -6088470345061326047803
[31,22] 216691296833599767224
[31,23] 1622712587459626370064
[31,24] -191396149128837980871
[31,25] -254853064673162278010
[31,26] 44974453494291259926
[31,27] 16698051141277888371
[31,28] -6363507544404530606
[31,29] 850485230388059541
[31,30] 526015774753317760
[31,31] -201695279576095929
[30,0] 833741756974801640546
[30,1] -2166187243038296895726
[30,2] -4963709452381233208861
[30,3] 22395954117642093757350
[30,4] -179250341893094382747
[30,5] -94948074201009513162848
[30,6] 99558323588381491118513
[30,7] 153707107781802958853930
[30,8] -336641864178065913179154
[30,9] -21457808664216489109825
[30,10] 517361589843228994649444
[30,11] -288351410940385218203128
[30,12] -415949161169038505946924
[30,13] 496182411831099479541846
[30,14] 127881255931971896269036
[30,15] -433930963795890416061988
[30,16] 77796289468548819034595
[30,17] 230495914136595632830534
[30,18] -111464055853986890657350
[30,19] -73963062089283706090509
[30,20] 64219927321168164654850
[30,21] 11538398328186716811527
[30,22] -22604265553843406745780
[30,23] 796063421123957200400
[30,24] 5205193588804296841694
[30,25] -777027783740861942458
[30,26] -777749239858875627315
[30,27] 158793777863248314436
[30,28] 70272143565041016817
[30,29] -14432059233361325611
[30,30] -2930824489431277414
[29,0] -11772442307899075031164
[29,1] 47867097309072576061524
[29,2] -18769403153802843441345
[29,3] -215252072628031664898570
[29,4] 367452287360295530892369
[29,5] 259295186306618164545957
[29,6] -1263719260317264362376694
[29,7] 699917306217603401016948
[29,8] 1718230441478881033366848
[29,9] -2605053985416567715929982
[29,10] -426236921368315283265183
[29,11] 3566605382964731880616470
[29,12] -1769694211039208021113682
[29,13] -2490705560620593954218187
[29,14] 2796271960484285014869648
[29,15] 697721677479826840115825
[29,16] -2162687411507187152873349
[29,17] 270295111983346438721277
[29,18] 1009410518165241601820565
[29,19] -359170310383401098074536
[29,20] -284214090863200607740443
[29,21] 177951078546347042578019
[29,22] 41249771223009052901418
[29,23] -53140661286486491118318
[29,24] 36132740654676385559
[29,25] 10058185427809453395438
[29,26] -1017596909549053754562
[29,27] -1072930356664704918055
[29,28] 175243224148361522214
[29,29] 46066815995712941199
[28,0] 84994811792460413911456
[28,1] -443790947832737554114652
[28,2] 598024658738345442903288
[28,3] 830878335528339245997399
[28,4] -3134804009419050036187134
[28,5] 1932723073230023033468847
[28,6] 4133964784097987059140717
[28,7] -8089101933562238743233460
[28,8] 2974859712974902139177367
[28,9] 8934219762129531932458837
[28,10] -14357082368866585168966664
[28,11] 417685945715910480972759
[28,12] 17515501022141923562208145
[28,13] -10845579115223690074020219
[28,14] -10330175088482014096199382
[28,15] 12944915172903932457465121
[28,16] 2173297115735878604251090
[28,17] -8360244053052985086001875
[28,18] 1081537796192364265693697
[28,19] 3356402702892243721097617
[28,20] -1040891148098229965478258
[28,21] -824679105156784305978868
[28,22] 428334972027744724915407
[28,23] 113510776407023686505532
[28,24] -105326211911582503463710
[28,25] -3518817560823660350820
[28,26] 16339669884626993372874
[28,27] -1371393752813553002112
[28,28] -1554463422137248608934
[27,0] -243006741990153569373440
[27,1] 1884491257507252396524240
[27,2] -4627695019565206610899556
[27,3] 2173708504933096453529376
[27,4] 9487714792205661180335835
[27,5] -17616368088059317997679078
[27,6] 6398508930785952659763068
[27,7] 14461407225571451071437101
[27,8] -30003025485978817552635656
[27,9] 31752864915239793792724255
[27,10] 17024174771160736988175951
[27,11] -78619788968816299284536681
[27,12] 28237857900321073366206749
[27,13] 74517049503785623234257658
[27,14] -56679812872397837363689364
[27,15] -35405035706897799107444161
[27,16] 49084638661118356373807614
[27,17] 5591057290884449270641883
[27,18] -26214661494875676810672641
[27,19] 2847008093841234074753885
[27,20] 9080807164237530947681763
[27,21] -2001638224657356778468132
[27,22] -1879296179575832041901403
[27,23] 679093866418275100924863
[27,24] 204881827723102347466483
[27,25] -144389721093037048874284
[27,26] -5141495859961343642254
[27,27] 17916370229578548452553
[26,0] -299788846477208694024512
[26,1] -1646522545245805982962176
[26,2] 13949878783376354173248000
[26,3] -27743608580175303198736108
[26,4] 7670834278958822638500288
[26,5] 47061451025772699646515003
[26,6] -65166643882890479906662413
[26,7] 19694963596789074143476575
[26,8] -5054560489557248648082243
[26,9] -52825640379483061473086405
[26,10] 218879643171988215540192483
[26,11] -62284289711374538271275637
[26,12] -340235013622480721466376780
[26,13] 194641345127925093414627741
[26,14] 252920371405975555968770001
[26,15] -206020850011864382940168814
[26,16] -95819189529894357288939108
[26,17] 132098836857307828481565780
[26,18] 8937308768789857749423637
[26,19] -58268702378235477331898427
[26,20] 7715754088507968986503023
[26,21] 17590660206169053870997397
[26,22] -3708896578619750446049280
[26,23] -3155290438038386185411647
[26,24] 972237712243795219331191
[26,25] 294348152687999510481192
[26,26] -161700488907901286389164
[25,0] 2912450203725867403627584
[25,1] -15101950784124213903536000
[25,2] 17467313375063498273620704
[25,3] 24171441074035333468908432
[25,4] -92948480456668819978275316
[25,5] 122292854506870393320278916
[25,6] 12583089220834495900649510
[25,7] -180649952174634587842638302
[25,8] 175222093279310508228801936
[25,9] -340419150448464833587648884
[25,10] 26925244875676005407256508
[25,11] 1084126335955945822207807158
[25,12] -528003446098043817886622368
[25,13] -1245048210117861789390687870
[25,14] 732443979030946496633149254
[25,15] 787228223580385970527530284
[25,16] -535641999526016833386956325
[25,17] -272543097634409765071446870
[25,18] 263882058876039814191533599
[25,19] 29944924415123302672251003
[25,20] -99848517817610265057681657
[25,21] 11295509843307364180597298
[25,22] 27286249333169807249491830
[25,23] -4571289135559945414011957
[25,24] -4121414176518987091827525
[25,25] 1021332699256394655861703
[24,0] -2204626200695134774657408
[24,1] 46390127046157018873353728
[24,2] -153121895650464985462381440
[24,3] 192971822748670280259067616
[24,4] -139973298758142853851701872
[24,5] -254468170513303291277417156
[24,6] 1026841021069546417697667674
[24,7] -406758657373427918068307859
[24,8] -788586521108637330938811239
[24,9] 252098455268821885994291043
[24,10] -1217396838035322266848636215
[24,11] 1446534217331021098759371367
[24,12] 3053986987169253276667077969
[24,13] -2681507537475630898821426758
[24,14] -3051453887130919955556363530
[24,15] 2266186465571892782288697439
[24,16] 1765673151848240481313326494
[24,17] -1170239070279220443376646035
[24,18] -579297879857877297494985063
[24,19] 424875802569180722680708664
[24,20] 61361059354567204784823857
[24,21] -133359796657239310976533992
[24,22] 17174112685644438461293765
[24,23] 32525146963563375842834974
[24,24] -5777636874858782622544008
[23,0] -15030052551922171308790528
[23,1] 49123274139272641235390208
[23,2] -29742570499221889511644224
[23,3] 159144814788821495714722560
[23,4] 451363981752485252067713376
[23,5] -3158537232411301266661106544
[23,6] 1168432731598249163265380824
[23,7] 7205682023934716485330864416
[23,8] -3481088796009356312898560604
[23,9] -6141408258774719724847293196
[23,10] 545586373200714498754975350
[23,11] 82148368742272079444236848
[23,12] 5614548215763186110841372194
[23,13] 5043962768474796513780335652
[23,14] -7760230298828508578325820419
[23,15] -5762085243862786039833542838
[23,16] 5203929472861447611660510297
[23,17] 3467203543235540837162033307
[23,18] -2083542308277057940231222483
[23,19] -1137127931189285688354389562
[23,20] 566453152748812775037133986
[23,21] 127981669848250093691327491
[23,22] -152501862873236809005044070
[23,23] 14295313949800622585430321
[22,0] 19039837109132456061564928
[22,1] -159366321539055753914329856
[22,2] -87845515726911524041012224
[22,3] -533272344156368593234079936
[22,4] 7100820680429929649713271360
[22,5] -5167024477336915794607368192
[22,6] -22834212267402194324209986768
[22,7] 19607180528144712781969693288
[22,8] 34512619694812079147022959784
[22,9] -22768388390539087880745526132
[22,10] -32174376288775895197506028392
[22,11] 5736338431719693434182082154
[22,12] 18373589130392938374453964542
[22,13] 12166094482664561041605874682
[22,14] -3127170902367052668333323940
[22,15] -15840791874228485288120754452
[22,16] -4724708844766322438260009291
[22,17] 9564516083303480620534129425
[22,18] 4451583265117929481940015470
[22,19] -3216152513505149071299396545
[22,20] -1540024934103873965990249649
[22,21] 674996328868914005625427121
[22,22] 143159356812359543024036972
[21,0] 76460490358944475287351296
[21,1] 83561043899522534762715136
[21,2] 21502524837871314632991488
[21,3] -7620581508989620326157972992
[21,4] 6126253708134303780754265408
[21,5] 46242489785161748987993056192
[21,6] -51247221124287345606208527936
[21,7] -98698251064143006545361670272
[21,8] 114656564741199717723818792152
[21,9] 119964815254482690999316157680
[21,10] -120479066372620429960699739548
[21,11] -101575603022525256700087085524
[21,12] 64105146336210573856155409920
[21,13] 62068659517514776823816110206
[21,14] -6207774638736292037990559238
[21,15] -22133020341918772607891922776
[21,16] -16992363908163593984952566568
[21,17] -1297759464575668805515505998
[21,18] 12816396639630572531725555008
[21,19] 5350256808980480409125258066
[21,20] -3891115631100255113775938175
[21,21] -1779435604456311047996437226
[20,0] 115955917852126684566089728
[20,1] -1111358316363648182241177600
[20,2] 10204655145181809303735309312
[20,3] -10298953898251866490857609984
[20,4] -71670670478050469274240003072
[20,5] 112918983728633469474781725504
[20,6] 164220169281792165750412523520
[20,7] -309306706178126893492587536640
[20,8] -216700505234856811892086761600
[20,9] 421136114094365343900372168232
[20,10] 219465823996705193867048941848
[20,11] -350798857956467135301753359796
[20,12] -187520675455800199666451056986
[20,13] 193629128747136320170134811062
[20,14] 127139304388465392248311808592
[20,15] -56342763150753491870578277530
[20,16] -55560882796896954589860343614
[20,17] -10291087824704936191855857795
[20,18] 6683461695169649100266144564
[20,19] 14476303779534661852396187238
[20,20] 5030460317760903322974411036
[19,0] 627682513461401136798806016
[19,1] -8453129188302745587061489664
[19,2] 20444170303985078855330383872
[19,3] 55188054777540615147499661312
[19,4] -156157783542930354346126366976
[19,5] -173929196558285611630822587648
[19,6] 549618505891040344432674033280
[19,7] 243311988592296375546268961600
[19,8] -982054100334638188442039600064
[19,9] -211207851223507959192794858304
[19,10] 1049708930929399638007925917528
[19,11] 176411457989341071476421545664
[19,12] -782876116383642028800468720254
[19,13] -169009117827186676113877061776
[19,14] 435364516165113745013072659248
[19,15] 144252275459230085015224045084
[19,16] -143118745706231925562092365960
[19,17] -71535207616574648538816986892
[19,18] -249061923634851201504336496
[19,19] 7475694190785055981838207652
[18,0] 2415653695592324392244371456
[18,1] -15660830492608329199276335104
[18,2] -17534416683523710200967774208
[18,3] 147495619743960203417332615168
[18,4] 73230420097370291582377960448
[18,5] -646110209568910068555522898176
[18,6] -8859209024329932863232413312
[18,7] 1366340030918413151203852382784
[18,8] -207084071308100399835544896256
[18,9] -1664560758125315445778856387328
[18,10] 272537337152064760069128027984
[18,11] 1411616485782928023962405442088
[18,12] -144120592853853054434905649724
[18,13] -1033691403311426899960187641480
[18,14] -42343024871062165636248537254
[18,15] 621628270317098508923982403134
[18,16] 145476247407620078737760170430
[18,17] -200663668225321475334680367174
[18,18] -85043894019951068852392947818
[17,0] 5068979692800097865881927680
[17,1] -8314059953222714407854391296
[17,2] -71858227371743699641065197568
[17,3] 27926924391210314685660561408
[17,4] 428460612041559864272371894272
[17,5] -105233901390744747283982078976
[17,6] -1290250024247427023120827055104
[17,7] 503155494582156448967607705600
[17,8] 1951760288832796157521579903872
[17,9] -890584224255041021622632526016
[17,10] -1739426724952077241355385195456
[17,11] 853427933336191522554536118192
[17,12] 1299438576208971729301014555200
[17,13] -577715427829599633267234425400
[17,14] -1139434744651847612377623852714
[17,15] 149955656134180420898119893776
[17,16] 746597915494205693836036743840
[17,17] 122604905903722301080163502582
[16,0] 6356200691771342908934717440
[16,1] 8358062327017607048038694912
[16,2] -37579304114609497000241971200
[16,3] -188552928253990956512376377344
[16,4] 121243588683802824114325319680
[16,5] 905965620938759453190589286400
[16,6] -635092844296764352731098674176
[16,7] -1554722863992678394511817668608
[16,8] 1346395146587189738253802864896
[16,9] 1076594548669823166657070631168
[16,10] -1376136901605529596454718511168
[16,11] -169016145586479639853940510880
[16,12] 1140247229973438116301299197648
[16,13] 365616417384379083353716121488
[16,14] -874135543468376313406313810424
[16,15] -1031826206364132644393539240546
[16,16] 219777336093543040601846966796
[15,0] 3508192837456955521479737344
[15,1] 17979208930048493616461709312
[15,2] 15879653368427636993900920832
[15,3] -22270941681367067249895669760
[15,4] -417858328486367466290445053952
[15,5] 140742401896532222834361548800
[15,6] 1181822641931371808514060085248
[15,7] -749285990154476312356840304640
[15,8] -699650801896122205252865270272
[15,9] 914882139293237361866444791808
[15,10] -1242548387419245749308086690432
[15,11] -493898466523409907794423055360
[15,12] 2042367273013632942904149384288
[15,13] 874895917664069115617972434400
[15,14] -375628546299407681716602594480
[15,15] -954079325326019378617349560352
[14,0] -3542162632542448664949030912
[14,1] 17796557350843433281968144384
[14,2] -23257472074731312010586947584
[14,3] 208986581247563048788585431040
[14,4] 72696691389627519163218444288
[14,5] -1072249736851951250441603198976
[14,6] 308220417992313491754875691008
[14,7] 945141872802032261127670794240
[14,8] -467775158696231588835108338688
[14,9] 1691922447282909397536198085120
[14,10] -710504159457281832637467290880
[14,11] -4525176028120814307066577070976
[14,12] 891339869922406323347167730112
[14,13] 3837308108802810892448271075552
[14,14] 747564293628231719416740299136
[13,0] -8557037486512767655702953984
[13,1] 7816673266811582594735407104
[13,2] -27025641250667793437165617152
[13,3] -115237795205315872057210241024
[13,4] 712503891516437402191768535040
[13,5] 115359449736810322164994916352
[13,6] -1521907938439855861597172899840
[13,7] 85866149979763943953119019008
[13,8] -425295857747463208715751837696
[13,9] 1228316366553846909680582901760
[13,10] 4635344237474947783756993956864
[13,11] -3326846977590061817550632517120
[13,12] -6766210041424861589516191875072
[13,13] 1820600726816348837447402315904
[12,0] -5102708539768084108637896704
[12,1] -2914237051652292980905082880
[12,2] 48617302112194171523131244544
[12,3] -360412753401117201860228022272
[12,4] -16355339710801475536028565504
[12,5] 1518448693798695851823904997376
[12,6] -427429750849613326338134138880
[12,7] -1080948416908790107001995882496
[12,8] 75072012860732821685966614528
[12,9] -2706192047379155114185804861440
[12,10] 2729929478223104691884567275520
[12,11] 6730610109696345926310762321920
[12,12] -4172993653781418380679017757696
[11,0] 3521434228430189445256314880
[11,1] -3379490914028834876694724608
[11,2] 43951782029184281847027990528
[11,3] 21201733995888014312936570880
[11,4] -759664797718443153334280650752
[11,5] 279671961776187110151139098624
[11,6] 1480902209844652253903986163712
[11,7] -740460212291051736673321746432
[11,8] 762537558281346710996479672320
[11,9] -640228293305178608736905740288
[11,10] -4645508371586060849990933053440
[11,11] 3930046582096823716275289921536
[10,0] 8631579312129599473763483648
[10,1] -8542599693812500003183132672
[10,2] -8439028340101793734682738688
[10,3] 230078441194992975495251099648
[10,4] -135475944074925388488633221120
[10,5] -1029633683552957133275095891968
[10,6] 721346380789839033855244763136
[10,7] 478267978164237088997057298432
[10,8] -1143462665119039274356411465728
[10,9] 2436393481930269435389368123392
[10,10] -494955010263173986953408077824
[9,0] 3557542622177839899780055040
[9,1] -11219004593455032522038575104
[9,2] 410116540268074054685032448
[9,3] -1561341887711546111814533120
[9,4] 329648783965090106041451675648
[9,5] -110180263005908192460711395328
[9,6] -705995407618705185624386961408
[9,7] 552599657198987277497201983488
[9,8] -794579643678510705828237213696
[9,9] -854181845415615092487901151232
[8,0] -7067286465582908847666757632
[8,1] 8417957179576900547122298880
[8,2] 9629783591925472030277763072
[8,3] -55749392454323869698692743168
[8,4] -78678849333589332816200466432
[8,5] 475629631638397563510988210176
[8,6] 66929706670664254019639181312
[8,7] -354794550525051731027236749312
[8,8] 583477835333339498128363880448
[7,0] -5875452877461257712255893504
[7,1] 12362869258028955225697550336
[7,2] -2481182532143972672310607872
[7,3] 23236025726314312719686172672
[7,4] -126187493721426267410856411136
[7,5] -217680484826073115799476764672
[7,6] 543712598064848901537219739648
[7,7] 282822122480544857139923910656
[6,0] 4485590775232307662241660928
[6,1] -9483321725405201210395328512
[6,2] -3420547158353588095085969408
[6,3] 11583438751396156893491625984
[6,4] 91897081492329832490635100160
[6,5] -233732772263756664892319334400
[6,6] -304041131214792188957817831424
[5,0] 3766705989475455760617963520
[5,1] -7630984493439902723994550272
[5,2] -7706666820401062864673046528
[5,3] 18156795912989444416137592832
[5,4] 26982733015610092657997512704
[5,5] 72322178095514494909468901376
[4,0] -2225481152502606938534576128
[4,1] 6347118022378564865635647488
[4,2] -767390777362730519881580544
[4,3] -2415376774700595719192969216
[4,4] -12020972858871228985644154880
[3,0] -974980149312153398890463232
[3,1] 1273355101604442385395220480
[3,2] 7268381957668100034369945600
[3,3] -15262511611717476604954279936
[2,0] 676443801063102054066552832
[2,1] -2291912056638518504800124928
[2,2] -1521359843027169907386089472
[1,1] 457056622339933820315238400
