[1,1] -1
[2,2] 1340268
[3,1] 134
[3,3] -450038175766
[4,2] 13774673380
[4,4] 29101570885261880
[5,1] -8375
[5,3] 4948414430461846
[5,5] -110939592664308127712
[6,2] 7965264713119
[6,4] 45073116828596248084
[6,6] 4478610087217137901884
[7,1] 324414
[7,3] -2335051635801954392
[7,5] 1208283030181700593744
[7,7] -384068162777090947008333
[8,2] 1013591256005324
[8,4] -720795985000416993685
[8,6] -153491355681657657150152
[8,8] 42916311378935177445450400
[9,1] -8730167
[9,3] 158029444756665371590
[9,5] 34167681062506537926542
[9,7] 14077429637786925939671526
[9,9] -3387709385202926418896195983
[10,2] 40140171324904958
[10,4] -9111307082208183493528
[10,6] -2049506849634338121882200
[10,8] -1750080027091326205048709668
[10,10] 221188580058647416352173853644
[11,1] 173421460
[11,3] -3300508248570887594391
[11,5] 283732196062938466644156
[11,7] -55775144193126966555539748
[11,9] 140371432696784300036060407896
[11,11] -11091867714653345227553325600591
[12,2] 501551368839784712
[12,4] 426275112929955932167192
[12,6] -11834409339661415552396320
[12,8] 35243320857474078301382425829
[12,10] -8031528163829090143486926558632
[12,12] 428212703914922080588206688938640
[13,1] -2638106642
[13,3] 32013747104899189815370
[13,5] -45809389277686047694238059
[13,7] 7539049710933556309035068250
[13,9] -3283764227719972808303041527048
[13,11] 335836629428424550620768522699080
[13,13] -12740009202425245523419079928852435
[14,2] 699482972196025235
[14,4] -6842568888936567480850496
[14,6] 4448271494155446788946500576
[14,8] -1008111344071931936834661601296
[14,10] 170677473534171114210001912205583
[14,12] -10441385909128709381716143315887300
[14,14] 292210038551881458123478694525914152
[15,1] 31474606080
[15,3] -181320623393721478467715
[15,5] 997846979621316912562737314
[15,7] -368760800450358433444808757638
[15,9] 65608234594859721525312801507194
[15,11] -6004041590637398842283357888713272
[15,13] 246571420535703350024516300486522498
[15,15] -5234831389035442442313504860465826858
[16,2] -9646142248217565400
[16,4] 60730453216439997113638375
[16,6] -92983817294961487861235376444
[16,8] 22339850267167452427818843176582
[16,10] -2607348185377166381372258412353016
[16,12] 151542603921424650958998739621981837
[16,14] -4482995387314719331901057868922954276
[16,16] 74106959959892869619450567111333233980
[17,1] -299312483165
[17,3] 698638131071039970285120
[17,5] -9710410568591265283327861757
[17,7] 5759966252516849515270599597160
[17,9] -919621503329187117203558333610890
[17,11] 70904222739378586883361758602194468
[17,13] -2868689677514358660084922897999310722
[17,15] 64159687268531683066677368164053747922
[17,17] -845214164444245350291107873959573713039
[18,2] 13067893561289382360
[18,4] -311879380975764768718047780
[18,6] 803470074232877279451693707759
[18,8] -241577428670403826580901686942600
[18,10] 25957242782031289624656434962116910
[18,12] -1399409295768289002829928473192821480
[18,14] 41954072130359195924149526193786553175
[18,16] -735087446208924096151535397931793544244
[18,18] 7867254070823423074884867248583659898032
[19,1] 2294270208310
[19,3] -2021963734038760154704660
[19,5] 47874008297637382221257921990
[19,7] -39605383306887878035663203972020
[19,9] 7034780620375947272975672521880754
[19,11] -524890898957800044895826838337239076
[19,13] 20962813474613634901214728862792171066
[19,15] -487218905316293929341193003849732551475
[19,17] 6874090903892934451975160442001685185002
[19,19] -60752543119310644103218206151623460614040
[20,2] 52255701519571932696
[20,4] 975891713477750083156238596
[20,6] -3342368732536330840625902839368
[20,8] 1254874487867117515961670833540502
[20,10] -145095235832502755639996957512175680
[20,12] 7980065276404356866130057975664068110
[20,14] -246841445209853350986986115810722882832
[20,16] 4589784844939814017561706994001126631734
[20,18] -53155690003238931109314353274978624976748
[20,20] 392850874576664947713247531346624652061164
[21,1] -14286636356217
[21,3] 4378094681672492934407976
[21,5] -126445058860426244312739405346
[21,7] 131039243676425391602956588027534
[21,9] -27184320898850473047126054639474242
[21,11] 2231300637071708931876758961638141376
[21,13] -94875204606663648291649769341418158826
[21,15] 2345943496903298969178272314781042683064
[21,17] -35699661369748011843287393293696512148810
[21,19] 344685431878455579722449031248831402687500
[21,21] -2152980423528759326311652750785292239857340
[22,2] -242886165630064062938
[22,4] -1885940100400376198558958812
[22,6] 6892184861686935516823672880198
[22,8] -3163315105485004163517064614719632
[22,10] 433812938441787613999105978841811348
[22,12] -26879655855627908232612986745020936536
[22,14] 909851173312021909653909278199964288792
[22,16] -18382828990819876782393626592560071190656
[22,18] 232538141784056967141120267065184488924805
[22,20] -1891008040106306451304762455314574844271012
[22,22] 10063945094893818642089668525510287947547192
[23,1] 72679465908362
[23,3] -7454161090018501466090369
[23,5] 176101502717843900347755871150
[23,7] -206213265309958098736157842363859
[23,9] 54841594257789392487198630611101226
[23,11] -5387887486715550740909475694696498245
[23,13] 262265121224763153320608279889198802162
[23,15] -7209218742443160933657067586463867741904
[23,17] 120685376018491606239020239373366542533318
[23,19] -1283379550594403893782673666735543160312069
[23,21] 8865657931589430195090724179376036520271192
[23,23] -40472435926104775587043160046786566017114418
[24,2] 455565106079783666580
[24,4] 2241471242636202596243154832
[24,6] -5634644723676380295904754992732
[24,8] 4172544554652510030146494652278082
[24,10] -738920819614502880550758127368766304
[24,12] 54824666479132661219646768642419223876
[24,14] -2125434509536041336896008873051024224352
[24,16] 48009020457492089889266775875367657088326
[24,18] -672819211005367071567356412109680117911052
[24,20] 6058304630780779671153298243506292997187406
[24,22] -35746625125948392904290861020874950443120076
[24,24] 140784446189737338607075338633004482238031336
[25,1] -303302243392973
[25,3] 10785087261095201305128924
[25,5] -85157556912329858586157099592
[25,7] 151487320095927993589720257723814
[25,9] -63896116090631425891839661239504755
[25,11] 8034396236966281876841715139155112666
[25,13] -465849689707666247893875686057514434986
[25,15] 14590743916157373221897335606783554278296
[25,17] -272829829843369696403860125489351877810336
[25,19] 3220011792838745321163235933416903496839330
[25,21] -24671994622247652861703163128933188321190019
[25,23] 124885587936693431133976567099311870216932110
[25,25] -426580752283319681177253246670134066963040148
[26,2] -389319034413121649676
[26,4] -1225772311568365664291478128
[26,6] -1275857500114375011045757731338
[26,8] -2842602470557851128342294815550828
[26,10] 786834621879225421122437401604223806
[26,12] -73912543708253770415235274337786774360
[26,14] 3354362094823529154899633934175245853801
[26,16] -85524208423754506189649479232169474916896
[26,18] 1334700540972351609210284217102402266639600
[26,20] -13335115755699341744409752127055070980891968
[26,22] 87208314749373900519552386678017112855221507
[26,24] -380032149821454739436045446764647130109624844
[26,26] 1131838117688871287211346169844403674558575440
[27,1] 1041631539039952
[27,3] -13588739167851557350932595
[27,5] -40654922692307709563884136264
[27,7] -19496705700978424256323625841285
[27,9] 37787272578620922460380027826450266
[27,11] -7958577915653001452310659679821263405
[27,13] 577665426358413921994726332559213928016
[27,15] -20758075306969427800475072670842899744211
[27,17] 433533834378896145975065304032704049606044
[27,19] -5672788421105158120939802142656141567717041
[27,21] 48105598737187285717167008257082861154220066
[27,23] -269079693419277488832087395848961585606234689
[27,25] 1013356109665481969249577558277118850340740974
[27,27] -2645066125100727548888132696826587303758603256
[28,2] -190869207129952058256
[28,4] -863007573759250193448368320
[28,6] 8901281975168337906266547170408
[28,8] 596797567182404690927293333364076
[28,10] -470217365782841082817954676139532508
[28,12] 69867138310255212797089075157185789868
[28,14] -3848814336879440776660573935910908023476
[28,16] 110610069234098384897592598241188317225325
[28,18] -1910400673890662655525880363146237398905136
[28,20] 21061353778508667641441499543657718525701148
[28,22] -151807655094478531751177142585636718533353392
[28,24] 727706980566870666500463089048044523024018228
[28,26] -2378778981381818037129273563755415269072196232
[28,28] 5468826217585591937601996869999524546646918500
[29,1] -2951949969133328
[29,3] 14475555171764086588754292
[29,5] -19107405153705178464355464089
[29,7] 15801502862106096952434305824010
[29,9] -589927320394251502329545261463784
[29,11] 5159799751706732348386875540515047796
[29,13] -530986375175809001644199311048644016553
[29,15] 22101793384336744509061105914253199626642
[29,17] -511805413361636156420293167367227701927208
[29,19] 7363301636856747519121294137259556251257418
[29,21] -68562542824277735638078946809816805699192089
[29,23] 420347257409156028889249113075799367703149280
[29,25] -1732129972571908652324342918596340808525189099
[29,27] 4939182659611347712304663943014856506995578666
[29,29] -10045890836839376780761784048950742506155076518
[30,2] 1121924367144441027495
[30,4] 3179660229581745211575554716
[30,6] -13475352552202429948474606517368
[30,8] -221915513098566738052369089398072
[30,10] 62110669529039753637608124462811597
[30,12] -47360643344561799206754548181511402968
[30,14] 3370302781395191415886687931418287696300
[30,16] -109058416363062064010588760142317629255956
[30,18] 2067733448203943092771060269758094432876257
[30,20] -24931017854095462500290404583865221102485976
[30,22] 196110012116658419817441456430038726982845010
[30,24] -1023742291855146788012473567803668998664173048
[30,26] 3641644489004375044841353979426128154224586751
[30,28] -9105042124284555499777109699308350767561506840
[30,30] 16447943595478593260059014839572907157685474884
[31,1] 6920530108170064
[31,3] -12373870754871427077936462
[31,5] 315051923645942048780552549320
[31,7] -153007115919264268756902563063131
[31,9] -17690016601601705188494990349400660
[31,11] -1979393677976219074449340344300615655
[31,13] 376633673668067321454473249643348231262
[31,15] -18304720959443565626132703442309710371726
[31,17] 467001723232565035194609266751682657304042
[31,19] -7331713643440821309024287638189288153329510
[31,21] 74239519788203568868449161226313829751865526
[31,23] -493064700793558143138122709725242415000218805
[31,25] 2198060601849667273686503736322849251156401198
[31,27] -6786288139691240974234762699597540681858436367
[31,29] 14951813778870911212916945822844470771260599988
[31,31] -24068581616115533983396912579422066216879447156
[32,2] -1885785648613943109608
[32,4] -4284489290218593061185499965
[32,6] 18158463287996925830443129869772
[32,8] 199913715018264963606816938888636
[32,10] 185579914906394186035765445450812792
[32,12] 24546032186800526342072273369552826965
[32,14] -2349441318782882700632291038017303748792
[32,16] 84483288644996662073061288411008780245952
[32,18] -1748397933707440412908961465050097148641812
[32,20] 22901909489865609102279476051230359964330388
[32,22] -194404919891278974689626526591217236266808540
[32,24] 1090596212083754025311040385257305203225043744
[32,26] -4171548253417013507424604171189931454050605480
[32,28] 11243478697434220612463247712776457998279529574
[32,30] -21929393168952323220706050714308996121666523088
[32,32] 31543489295899146549241988571432233581880746964
[33,1] -13452450319010549
[33,3] 8171923038613432430301006
[33,5] -511994815201466516240577252729
[33,7] 354214444331864832910926481707144
[33,9] 11877928450148541055119691750704401
[33,11] 424474981806730464697020155422773822
[33,13] -222743410180061353613527746942065097333
[33,15] 12131260757891172820993650219569204414816
[33,17] -337314584479046702918302278869758263886373
[33,19] 5763195280872055017505526501285941173032352
[33,21] -62946737358298431074601754799106926298324889
[33,23] 446793127943380648761060743522364807132279792
[33,25] -2124150221759399767405670037357253265720530482
[33,27] 7015968708993330160634312951307606079068946038
[33,29] -16604869225419474557248260926786731056875271179
[33,31] 28786290947213990853297832259140040940767898484
[33,33] -37078721865946971865459253069817430324671072545
[34,2] 2051225835813378897760
[34,4] 3485451539666440441066108100
[34,6] -21679285725900539993257051900443
[34,8] 1261515131267937776645953436878104
[34,10] -260397211555576438198809965287563204
[34,12] -11269373184798440080051181874462937124
[34,14] 1353922986274351065200792388962092257089
[34,16] -52276918002386316089526766864628726487048
[34,18] 1180080168155856373214699958400499659901714
[34,20] -16751555651775981523844227242824303895409848
[34,22] 151698055897648731664761213173076820297147495
[34,24] -900511302182783949379891302695397608481983800
[34,26] 3650088648939664253324296697073016344601868736
[34,28] -10482972683298603868406239923287795711796913412
[34,30] 21904244558806125847234890889894509160624077904
[34,32] -33871150846145234812475040005273257652118446088
[34,34] 39128984653197901477602166076387664521808709216
[35,1] 21723793420032350
[35,3] -4135544266273722691344362
[35,5] 438732065913207341951250225482
[35,7] -459455995350420181712222923576977
[35,9] -6164553753767480432355978964805146
[35,11] -176008707218132783153986502279317741
[35,13] 119956199750645936371701300009655981826
[35,15] -6516170329482298490105933778162847594603
[35,17] 195329321032967349805659473278201741535220
[35,19] -3651476936520821923974211176955612751471656
[35,21] 42721604351084290782340962018761994172227582
[35,23] -319187993923797114117738955066134358953453085
[35,25] 1591964326356536967169098355649537486356158556
[35,27] -5545302684867120654093237005395250239171200683
[35,29] 13943641918201592950620094731886069214653343282
[35,31] -25848446474842445379297060496133395746141238134
[35,33] 35754372371769258394136152937034226162177578412
[35,35] -37078721865946971865459253069817430324671072545
[36,2] -1626102722632144409504
[36,4] -1816294014954041079579301086
[36,6] 19859626040850153776857825445864
[36,8] -1955885022206809652193612917039628
[36,10] 197028477319270988522935036167305344
[36,12] 6592426660791801865080299183145475740
[36,14] -656243702011042958950904929731398351948
[36,16] 25811456950940241268983751529547201472277
[36,18] -645685466578026982494099705769793807655556
[36,20] 9948228197781592741611670170615428045868112
[36,22] -94802618473793266676375723470373358491132844
[36,24] 585102104846462041834625445976727921752254681
[36,26] -2472403661391273727130888427766876050480956724
[36,28] 7463427035037671535285621968513539866492247806
[36,30] -16535599933917688532045941906092102438318276636
[36,32] 27312239944472841890827203085763453285312064189
[36,34] -33871150846145234812475040005273257652118446088
[36,36] 31543489295899146549241988571432233581880746964
[37,1] -29179706264808321
[37,3] 1690678128124231785525514
[37,5] -230283533794489899515892676143
[37,7] 336447889938602950679379137574168
[37,9] 6020459155851619860310040567271286
[37,11] 245218295339564294361803897396816804
[37,13] -59832397498006220285374440717490121591
[37,15] 2773996256726051960430716960724215303608
[37,17] -91225154378638197552595961025354657259235
[37,19] 1899868183334793228455421721477210216422730
[37,21] -23566581558573590388533982175660140758159116
[37,23] 181877189319541311786294218962019039226070228
[37,25] -934568410289164493915310503279994280930544965
[37,27] 3379870481941259074019493105353579857792178368
[37,29] -8913589763545255599885978611421149157113782697
[37,31] 17500828070742752854301533756464461831336504268
[37,33] -25848446474842445379297060496133395746141238134
[37,35] 28786290947213990853297832259140040940767898484
[37,37] -24068581616115533983396912579422066216879447156
[38,2] 964804161050620640563
[38,4] 711966282090425381542623364
[38,6] -9621330159784200863919310287300
[38,8] 1450526198693138051134920625291580
[38,10] -78254637097301460571922790336818346
[38,12] -4826953699021288134019021257540755824
[38,14] 257815444364922492032249460427805621516
[38,16] -10020061460084351300803691198988152613676
[38,18] 291981213745323941769712959498150049216393
[38,20] -4873984546555149564700066172272915318494744
[38,22] 47873679783811684809758343140665088140760182
[38,24] -300951531089298852488015567418324705434354172
[38,26] 1303071699015913873193123603917912077072314011
[38,28] -4074166598233406731296879960139970565678153508
[38,30] 9455753795488367020952723577894941738570251780
[38,32] -16535599933917688532045941906092102438318276636
[38,34] 21904244558806125847234890889894509160624077904
[38,36] -21929393168952323220706050714308996121666523088
[38,38] 16447943595478593260059014839572907157685474884
[39,1] 32605443300938498
[39,3] -673027282164476801452706
[39,5] 60248015398544010392712533834
[39,7] -145580293807821571569532545480958
[39,9] -5278928435643018879646846279099004
[39,11] -266539259233802857129374723843664784
[39,13] 24294512403841196900036230534183214792
[39,15] -854797248552599374397681756092260628850
[39,17] 34856077889200930061581242790742713323308
[39,19] -828568234490982522350920901044474012906703
[39,21] 10650157957193216715220600452110986593763584
[39,23] -82821769001659901826985322661495471736856116
[39,25] 430042612903146460179423242838337839378000686
[39,27] -1589201359736631822505627107510041101232531857
[39,29] 4335437222705061084989855026009021522159670680
[39,31] -8913589763545255599885978611421149157113782697
[39,33] 13943641918201592950620094731886069214653343282
[39,35] -16604869225419474557248260926786731056875271179
[39,37] 14951813778870911212916945822844470771260599988
[39,39] -10045890836839376780761784048950742506155076518
[40,2] -417941841128135277184
[40,4] -243223106028531536166021112
[40,6] 2381875310162776066915570982836
[40,8] -752923317157742860125099736765960
[40,10] 3361217612572749048932621362869172
[40,12] 2768387615442830954929294997726416057
[40,14] -65605459670954962485352682285870708324
[40,16] 3014705217331071748521482504445032808438
[40,18] -112891553042953853222527953537253693603184
[40,20] 1990423712827264636487983940848209246295415
[40,22] -19501625556911079602701906071466524541823832
[40,24] 121997947803593694772211809167071163862149822
[40,26] -532053429852505221894910555618942718561807224
[40,28] 1697688273782080916603639443332848391524201286
[40,30] -4074166598233406731296879960139970565678153508
[40,32] 7463427035037671535285621968513539866492247806
[40,34] -10482972683298603868406239923287795711796913412
[40,36] 11243478697434220612463247712776457998279529574
[40,38] -9105042124284555499777109699308350767561506840
[40,40] 5468826217585591937601996869999524546646918500
[41,1] -30264781812299133
[41,3] 305005373834848278738910
[41,5] -13688490017882949349624818515
[41,7] 40873954519058044035392716736988
[41,9] 2486715400323377096955591110405144
[41,11] 195362125190588569944703784432010204
[41,13] -6143183127712496041699147584211842634
[41,15] 153907300886617207323293887497120294094
[41,17] -11642119793858905442045808680910601035082
[41,19] 308781025561485365617255570661722020664300
[41,21] -3923772577556106810771464160172566914063333
[41,23] 29831697004024441653735288369630620347737874
[41,25] -153562448788717915627792046258983266896460078
[41,27] 571030495224169708341011003783448827440478984
[41,29] -1589201359736631822505627107510041101232531857
[41,31] 3379870481941259074019493105353579857792178368
[41,33] -5545302684867120654093237005395250239171200683
[41,35] 7015968708993330160634312951307606079068946038
[41,37] -6786288139691240974234762699597540681858436367
[41,39] 4939182659611347712304663943014856506995578666
[41,41] -2645066125100727548888132696826587303758603256
[42,2] 116093563650599230464
[42,4] 77632984243877733435972616
[42,6] -167144461333192664959460795122
[42,8] 293561196003604175352223083371844
[42,10] 13877295691402922851907752992146078
[42,12] -878780924298096892828347011546028408
[42,14] 518894706712455211556620750397988189
[42,16] -779380345339989447207353477631053261012
[42,18] 38861151409210335601803712769278817488972
[42,20] -672159190500335138784590063923047500091668
[42,22] 6297129301665161982636280813730529797515127
[42,24] -38331751143525023789132650326629719691417164
[42,26] 165742716428592266531155414527580531440904176
[42,28] -532053429852505221894910555618942718561807224
[42,30] 1303071699015913873193123603917912077072314011
[42,32] -2472403661391273727130888427766876050480956724
[42,34] 3650088648939664253324296697073016344601868736
[42,36] -4171548253417013507424604171189931454050605480
[42,38] 3641644489004375044841353979426128154224586751
[42,40] -2378778981381818037129273563755415269072196232
[42,42] 1131838117688871287211346169844403674558575440
[43,1] 23255282322166696
[43,3] -136366492350886711824980
[43,5] 3418335673929467329001393388
[43,7] -4414790615613302621712277742731
[43,9] -243722545942245094716429537237470
[43,11] -84446051601693508855367314309054916
[43,13] -207492577746997150957451102884462294
[43,15] -8319148449593302497861262539222008396
[43,17] 3789587202754326200640967752803487158172
[43,19] -97474990651769043314085505229228075839948
[43,21] 1147460198901629603524676552852248344390920
[43,23] -8291052810879829688391323789698577724587111
[43,25] 41638565106227476992125499090643255808320692
[43,27] -153562448788717915627792046258983266896460078
[43,29] 430042612903146460179423242838337839378000686
[43,31] -934568410289164493915310503279994280930544965
[43,33] 1591964326356536967169098355649537486356158556
[43,35] -2124150221759399767405670037357253265720530482
[43,37] 2198060601849667273686503736322849251156401198
[43,39] -1732129972571908652324342918596340808525189099
[43,41] 1013356109665481969249577558277118850340740974
[43,43] -426580752283319681177253246670134066963040148
[44,2] -6413339413597593704
[44,4] -15496352759816857344492718
[44,6] 21855837274061239516521925824
[44,8] -64891584760618154361901339396781
[44,10] -7294935385221686647023390583881260
[44,12] 46083561932217212364466421700648316
[44,14] 5926865704862788118001634132905780408
[44,16] 252276617034185818339113675084697271436
[44,18] -11817955727238008527312369015916460967736
[44,20] 180130520928868680289614841747679084727198
[44,22] -1554568237546197423474280779738234386306708
[44,24] 9067614790715977425965301566687398930083346
[44,26] -38331751143525023789132650326629719691417164
[44,28] 121997947803593694772211809167071163862149822
[44,30] -300951531089298852488015567418324705434354172
[44,32] 585102104846462041834625445976727921752254681
[44,34] -900511302182783949379891302695397608481983800
[44,36] 1090596212083754025311040385257305203225043744
[44,38] -1023742291855146788012473567803668998664173048
[44,40] 727706980566870666500463089048044523024018228
[44,42] -380032149821454739436045446764647130109624844
[44,44] 140784446189737338607075338633004482238031336
[45,1] -14704414393235208
[45,3] 48809185886374082607360
[45,5] -215366643799907135537003575
[45,7] -306126550395793892780800344392
[45,9] -195796920231604826370211839054271
[45,11] 13855366741631868401104619629289534
[45,13] 779198781334327000714632650266435194
[45,15] 5247022833189156618654761347649765718
[45,17] -1177239851163158217013945465295301355647
[45,19] 24311759031011532634852649762594476303168
[45,21] -252516225403280427563836455310999494952109
[45,23] 1712853128410121099425120398755230394319256
[45,25] -8291052810879829688391323789698577724587111
[45,27] 29831697004024441653735288369630620347737874
[45,29] -82821769001659901826985322661495471736856116
[45,31] 181877189319541311786294218962019039226070228
[45,33] -319187993923797114117738955066134358953453085
[45,35] 446793127943380648761060743522364807132279792
[45,37] -493064700793558143138122709725242415000218805
[45,39] 420347257409156028889249113075799367703149280
[45,41] -269079693419277488832087395848961585606234689
[45,43] 124885587936693431133976567099311870216932110
[45,45] -40472435926104775587043160046786566017114418
[46,2] -12315724367121756462
[46,4] 2053337036475076841984272
[46,6] -6903687566979084433558358678
[46,8] 3023204183375218728294372491156
[46,10] 1609438643234549299814162349742503
[46,12] 64441210629634196584014501172699492
[46,14] -1251383103427310607253808413701119356
[46,16] -94028329346468783504908986155633543600
[46,18] 2808796421833254552493227289023173265573
[46,20] -35485440949332022806813727929149737119960
[46,22] 280555572911916802868999744051664613248656
[46,24] -1554568237546197423474280779738234386306708
[46,26] 6297129301665161982636280813730529797515127
[46,28] -19501625556911079602701906071466524541823832
[46,30] 47873679783811684809758343140665088140760182
[46,32] -94802618473793266676375723470373358491132844
[46,34] 151698055897648731664761213173076820297147495
[46,36] -194404919891278974689626526591217236266808540
[46,38] 196110012116658419817441456430038726982845010
[46,40] -151807655094478531751177142585636718533353392
[46,42] 87208314749373900519552386678017112855221507
[46,44] -35746625125948392904290861020874950443120076
[46,46] 10063945094893818642089668525510287947547192
[47,1] 7581656302290104
[47,3] -12111660871603090219850
[47,5] -1170466603656624944288606
[47,7] 11597589584922061164704643668
[47,9] 65532499403482136883875898603674
[47,11] 2593673593460304803685761243552023
[47,13] -195761761339142867374984030223585956
[47,15] -5490332218332403273886355429673380015
[47,17] 275250039462164321265172189689412550606
[47,19] -4298532361707362141183018021496205494545
[47,21] 39748668070782787471595720406739961596928
[47,23] -252516225403280427563836455310999494952109
[47,25] 1147460198901629603524676552852248344390920
[47,27] -3923772577556106810771464160172566914063333
[47,29] 10650157957193216715220600452110986593763584
[47,31] -23566581558573590388533982175660140758159116
[47,33] 42721604351084290782340962018761994172227582
[47,35] -62946737358298431074601754799106926298324889
[47,37] 74239519788203568868449161226313829751865526
[47,39] -68562542824277735638078946809816805699192089
[47,41] 48105598737187285717167008257082861154220066
[47,43] -24671994622247652861703163128933188321190019
[47,45] 8865657931589430195090724179376036520271192
[47,47] -2152980423528759326311652750785292239857340
[48,2] 7076906880698527904
[48,4] 40588606666807146640941
[48,6] -277734232683996619314555052
[48,8] 938815598512713592928727047544
[48,10] -20239508988200010956584216316292
[48,12] -17511369431075438372123989690509208
[48,14] -205163083826075769040583530663245216
[48,16] 22839803765907075047149240090318731882
[48,18] -446435406988817851292072298814970416380
[48,20] 4863218231197948455495242364530535803058
[48,22] -35485440949332022806813727929149737119960
[48,24] 180130520928868680289614841747679084727198
[48,26] -672159190500335138784590063923047500091668
[48,28] 1990423712827264636487983940848209246295415
[48,30] -4873984546555149564700066172272915318494744
[48,32] 9948228197781592741611670170615428045868112
[48,34] -16751555651775981523844227242824303895409848
[48,36] 22901909489865609102279476051230359964330388
[48,38] -24931017854095462500290404583865221102485976
[48,40] 21061353778508667641441499543657718525701148
[48,42] -13335115755699341744409752127055070980891968
[48,44] 6058304630780779671153298243506292997187406
[48,46] -1891008040106306451304762455314574844271012
[48,48] 392850874576664947713247531346624652061164
[49,1] -3146379563892708
[49,3] 1866513365032125008076
[49,5] -6267901229484047209130991
[49,7] 12083264311425494730508910572
[49,9] -3651496432104005388878007201855
[49,11] -956491968489434093833540417864930
[49,13] 189205120613608975603223779651059
[49,15] 1556662284505955131147781277008881820
[49,17] -39595977241119356919265112356389688969
[49,19] 513067077906400138881296683846074270980
[49,21] -4298532361707362141183018021496205494545
[49,23] 24311759031011532634852649762594476303168
[49,25] -97474990651769043314085505229228075839948
[49,27] 308781025561485365617255570661722020664300
[49,29] -828568234490982522350920901044474012906703
[49,31] 1899868183334793228455421721477210216422730
[49,33] -3651476936520821923974211176955612751471656
[49,35] 5763195280872055017505526501285941173032352
[49,37] -7331713643440821309024287638189288153329510
[49,39] 7363301636856747519121294137259556251257418
[49,41] -5672788421105158120939802142656141567717041
[49,43] 3220011792838745321163235933416903496839330
[49,45] -1283379550594403893782673666735543160312069
[49,47] 344685431878455579722449031248831402687500
[49,49] -60752543119310644103218206151623460614040
[50,2] -2147531728727228236
[50,4] -43754668875213361682560
[50,6] 129910351851751558276548070
[50,8] -62035643212457299649128422116
[50,10] -28564494404069812848044530795740
[50,12] 794590713189841546347031323393780
[50,14] 87531188530495010509237510752770118
[50,16] -2949161358046710337397089098879386396
[50,18] 46129431750654244280151997916744557884
[50,20] -446435406988817851292072298814970416380
[50,22] 2808796421833254552493227289023173265573
[50,24] -11817955727238008527312369015916460967736
[50,26] 38861151409210335601803712769278817488972
[50,28] -112891553042953853222527953537253693603184
[50,30] 291981213745323941769712959498150049216393
[50,32] -645685466578026982494099705769793807655556
[50,34] 1180080168155856373214699958400499659901714
[50,36] -1748397933707440412908961465050097148641812
[50,38] 2067733448203943092771060269758094432876257
[50,40] -1910400673890662655525880363146237398905136
[50,42] 1334700540972351609210284217102402266639600
[50,44] -672819211005367071567356412109680117911052
[50,46] 232538141784056967141120267065184488924805
[50,48] -53155690003238931109314353274978624976748
[50,50] 7867254070823423074884867248583659898032
[51,1] 1032125218697336
[51,3] -149555647536878905304
[51,5] 839820885020315821334530
[51,7] -436922575252347142827022087
[51,9] -463927024057448373935775192972
[51,11] 60846280185649387476317862551412
[51,13] 3956707995578139408537138658937006
[51,15] -181974572263358506278256319975194918
[51,17] 3566205727082961447294659062519485668
[51,19] -39595977241119356919265112356389688969
[51,21] 275250039462164321265172189689412550606
[51,23] -1177239851163158217013945465295301355647
[51,25] 3789587202754326200640967752803487158172
[51,27] -11642119793858905442045808680910601035082
[51,29] 34856077889200930061581242790742713323308
[51,31] -91225154378638197552595961025354657259235
[51,33] 195329321032967349805659473278201741535220
[51,35] -337314584479046702918302278869758263886373
[51,37] 467001723232565035194609266751682657304042
[51,39] -511805413361636156420293167367227701927208
[51,41] 433533834378896145975065304032704049606044
[51,43] -272829829843369696403860125489351877810336
[51,45] 120685376018491606239020239373366542533318
[51,47] -35699661369748011843287393293696512148810
[51,49] 6874090903892934451975160442001685185002
[51,51] -845214164444245350291107873959573713039
[52,2] 403909914968337760
[52,4] 3755227406826033354998
[52,6] -2031691021223241169631768
[52,8] -5912403558204804010031675486
[52,10] 2183008696906698510741627930612
[52,12] 127907200121621149916836142407422
[52,14] -9328763382032649173410658719454540
[52,16] 232494180964777518315907043262161312
[52,18] -2949161358046710337397089098879386396
[52,20] 22839803765907075047149240090318731882
[52,22] -94028329346468783504908986155633543600
[52,24] 252276617034185818339113675084697271436
[52,26] -779380345339989447207353477631053261012
[52,28] 3014705217331071748521482504445032808438
[52,30] -10020061460084351300803691198988152613676
[52,32] 25811456950940241268983751529547201472277
[52,34] -52276918002386316089526766864628726487048
[52,36] 84483288644996662073061288411008780245952
[52,38] -109058416363062064010588760142317629255956
[52,40] 110610069234098384897592598241188317225325
[52,42] -85524208423754506189649479232169474916896
[52,44] 48009020457492089889266775875367657088326
[52,46] -18382828990819876782393626592560071190656
[52,48] 4589784844939814017561706994001126631734
[52,50] -735087446208924096151535397931793544244
[52,52] 74106959959892869619450567111333233980
[53,1] -261079058660020
[53,3] -147083165931092496
[53,5] -17114555870089187605662
[53,7] -64736790445053554549284246
[53,9] 39898819438837733566951931794
[53,11] 2469469630637039571684209376646
[53,13] -393810169413166819854794250503393
[53,15] 12342065032860372410208701766983484
[53,17] -181974572263358506278256319975194918
[53,19] 1556662284505955131147781277008881820
[53,21] -5490332218332403273886355429673380015
[53,23] 5247022833189156618654761347649765718
[53,25] -8319148449593302497861262539222008396
[53,27] 153907300886617207323293887497120294094
[53,29] -854797248552599374397681756092260628850
[53,31] 2773996256726051960430716960724215303608
[53,33] -6516170329482298490105933778162847594603
[53,35] 12131260757891172820993650219569204414816
[53,37] -18304720959443565626132703442309710371726
[53,39] 22101793384336744509061105914253199626642
[53,41] -20758075306969427800475072670842899744211
[53,43] 14590743916157373221897335606783554278296
[53,45] -7209218742443160933657067586463867741904
[53,47] 2345943496903298969178272314781042683064
[53,49] -487218905316293929341193003849732551475
[53,51] 64159687268531683066677368164053747922
[53,53] -5234831389035442442313504860465826858
[54,2] -46612225417077234
[54,4] -40826426608903002296
[54,6] -363156356128512759422108
[54,8] 389658457569489438839190588
[54,10] 20373926080910655488830027090
[54,12] -13060808285761880190362490825452
[54,14] 522754387947191070730156636927092
[54,16] -9328763382032649173410658719454540
[54,18] 87531188530495010509237510752770118
[54,20] -205163083826075769040583530663245216
[54,22] -1251383103427310607253808413701119356
[54,24] 5926865704862788118001634132905780408
[54,26] 518894706712455211556620750397988189
[54,28] -65605459670954962485352682285870708324
[54,30] 257815444364922492032249460427805621516
[54,32] -656243702011042958950904929731398351948
[54,34] 1353922986274351065200792388962092257089
[54,36] -2349441318782882700632291038017303748792
[54,38] 3370302781395191415886687931418287696300
[54,40] -3848814336879440776660573935910908023476
[54,42] 3354362094823529154899633934175245853801
[54,44] -2125434509536041336896008873051024224352
[54,46] 909851173312021909653909278199964288792
[54,48] -246841445209853350986986115810722882832
[54,50] 41954072130359195924149526193786553175
[54,52] -4482995387314719331901057868922954276
[54,54] 292210038551881458123478694525914152
[55,1] 49232533423632
[55,3] 958742788206954916
[55,5] -121211095199550328366
[55,7] 1531469787918715773723984
[55,9] 96518247459037710675763350
[55,11] -315858221061266819840285239678
[55,13] 17453255572705503521517182971536
[55,15] -393810169413166819854794250503393
[55,17] 3956707995578139408537138658937006
[55,19] 189205120613608975603223779651059
[55,21] -195761761339142867374984030223585956
[55,23] 779198781334327000714632650266435194
[55,25] -207492577746997150957451102884462294
[55,27] -6143183127712496041699147584211842634
[55,29] 24294512403841196900036230534183214792
[55,31] -59832397498006220285374440717490121591
[55,33] 119956199750645936371701300009655981826
[55,35] -222743410180061353613527746942065097333
[55,37] 376633673668067321454473249643348231262
[55,39] -530986375175809001644199311048644016553
[55,41] 577665426358413921994726332559213928016
[55,43] -465849689707666247893875686057514434986
[55,45] 262265121224763153320608279889198802162
[55,47] -94875204606663648291649769341418158826
[55,49] 20962813474613634901214728862792171066
[55,51] -2868689677514358660084922897999310722
[55,53] 246571420535703350024516300486522498
[55,55] -12740009202425245523419079928852435
[56,2] 2992341236080312
[56,4] -1501816987522335538
[56,6] -9569260334310884627268
[56,8] 4870770849325011450162002
[56,10] -4992796574483844239341718012
[56,12] 448927004761780910494623625786
[56,14] -13060808285761880190362490825452
[56,16] 127907200121621149916836142407422
[56,18] 794590713189841546347031323393780
[56,20] -17511369431075438372123989690509208
[56,22] 64441210629634196584014501172699492
[56,24] 46083561932217212364466421700648316
[56,26] -878780924298096892828347011546028408
[56,28] 2768387615442830954929294997726416057
[56,30] -4826953699021288134019021257540755824
[56,32] 6592426660791801865080299183145475740
[56,34] -11269373184798440080051181874462937124
[56,36] 24546032186800526342072273369552826965
[56,38] -47360643344561799206754548181511402968
[56,40] 69867138310255212797089075157185789868
[56,42] -73912543708253770415235274337786774360
[56,44] 54824666479132661219646768642419223876
[56,46] -26879655855627908232612986745020936536
[56,48] 7980065276404356866130057975664068110
[56,50] -1399409295768289002829928473192821480
[56,52] 151542603921424650958998739621981837
[56,54] -10441385909128709381716143315887300
[56,56] 428212703914922080588206688938640
[57,1] -6608045189045
[57,3] -61835643280922598
[57,5] -131805855953919719888
[57,7] 116265030903727767243526
[57,9] -46966325893035933782556070
[57,11] 8583916111893959661094997604
[57,13] -315858221061266819840285239678
[57,15] 2469469630637039571684209376646
[57,17] 60846280185649387476317862551412
[57,19] -956491968489434093833540417864930
[57,21] 2593673593460304803685761243552023
[57,23] 13855366741631868401104619629289534
[57,25] -84446051601693508855367314309054916
[57,27] 195362125190588569944703784432010204
[57,29] -266539259233802857129374723843664784
[57,31] 245218295339564294361803897396816804
[57,33] -176008707218132783153986502279317741
[57,35] 424474981806730464697020155422773822
[57,37] -1979393677976219074449340344300615655
[57,39] 5159799751706732348386875540515047796
[57,41] -7958577915653001452310659679821263405
[57,43] 8034396236966281876841715139155112666
[57,45] -5387887486715550740909475694696498245
[57,47] 2231300637071708931876758961638141376
[57,49] -524890898957800044895826838337239076
[57,51] 70904222739378586883361758602194468
[57,53] -6004041590637398842283357888713272
[57,55] 335836629428424550620768522699080
[57,57] -11091867714653345227553325600591
[58,2] -68630453834888
[58,4] -220299384097095692
[58,6] 1145089733172686329714
[58,8] -217380799013611044547212
[58,10] 106698988778894453518896440
[58,12] -4992796574483844239341718012
[58,14] 20373926080910655488830027090
[58,16] 2183008696906698510741627930612
[58,18] -28564494404069812848044530795740
[58,20] -20239508988200010956584216316292
[58,22] 1609438643234549299814162349742503
[58,24] -7294935385221686647023390583881260
[58,26] 13877295691402922851907752992146078
[58,28] 3361217612572749048932621362869172
[58,30] -78254637097301460571922790336818346
[58,32] 197028477319270988522935036167305344
[58,34] -260397211555576438198809965287563204
[58,36] 185579914906394186035765445450812792
[58,38] 62110669529039753637608124462811597
[58,40] -470217365782841082817954676139532508
[58,42] 786834621879225421122437401604223806
[58,44] -738920819614502880550758127368766304
[58,46] 433812938441787613999105978841811348
[58,48] -145095235832502755639996957512175680
[58,50] 25957242782031289624656434962116910
[58,52] -2607348185377166381372258412353016
[58,54] 170677473534171114210001912205583
[58,56] -8031528163829090143486926558632
[58,58] 221188580058647416352173853644
[59,1] 592192799902
[59,3] 1722028681346839
[59,5] 4387042774580104410
[59,7] 140449163442439021856
[59,9] 571643381813901369114976
[59,11] -46966325893035933782556070
[59,13] 96518247459037710675763350
[59,15] 39898819438837733566951931794
[59,17] -463927024057448373935775192972
[59,19] -3651496432104005388878007201855
[59,21] 65532499403482136883875898603674
[59,23] -195796920231604826370211839054271
[59,25] -243722545942245094716429537237470
[59,27] 2486715400323377096955591110405144
[59,29] -5278928435643018879646846279099004
[59,31] 6020459155851619860310040567271286
[59,33] -6164553753767480432355978964805146
[59,35] 11877928450148541055119691750704401
[59,37] -17690016601601705188494990349400660
[59,39] -589927320394251502329545261463784
[59,41] 37787272578620922460380027826450266
[59,43] -63896116090631425891839661239504755
[59,45] 54841594257789392487198630611101226
[59,47] -27184320898850473047126054639474242
[59,49] 7034780620375947272975672521880754
[59,51] -919621503329187117203558333610890
[59,53] 65608234594859721525312801507194
[59,55] -3283764227719972808303041527048
[59,57] 140371432696784300036060407896
[59,59] -3387709385202926418896195983
[60,2] -1629949946380
[60,4] -6800537943289116
[60,6] 9822501501967975724
[60,8] -3981512708951307963056
[60,10] -217380799013611044547212
[60,12] 4870770849325011450162002
[60,14] 389658457569489438839190588
[60,16] -5912403558204804010031675486
[60,18] -62035643212457299649128422116
[60,20] 938815598512713592928727047544
[60,22] 3023204183375218728294372491156
[60,24] -64891584760618154361901339396781
[60,26] 293561196003604175352223083371844
[60,28] -752923317157742860125099736765960
[60,30] 1450526198693138051134920625291580
[60,32] -1955885022206809652193612917039628
[60,34] 1261515131267937776645953436878104
[60,36] 199913715018264963606816938888636
[60,38] -221915513098566738052369089398072
[60,40] 596797567182404690927293333364076
[60,42] -2842602470557851128342294815550828
[60,44] 4172544554652510030146494652278082
[60,46] -3163315105485004163517064614719632
[60,48] 1254874487867117515961670833540502
[60,50] -241577428670403826580901686942600
[60,52] 22339850267167452427818843176582
[60,54] -1008111344071931936834661601296
[60,56] 35243320857474078301382425829
[60,58] -1750080027091326205048709668
[60,60] 42916311378935177445450400
[61,1] -32369703903
[61,3] -87338147346536
[61,5] 102568516734205138
[61,7] -83239689557959787528
[61,9] 140449163442439021856
[61,11] 116265030903727767243526
[61,13] 1531469787918715773723984
[61,15] -64736790445053554549284246
[61,17] -436922575252347142827022087
[61,19] 12083264311425494730508910572
[61,21] 11597589584922061164704643668
[61,23] -306126550395793892780800344392
[61,25] -4414790615613302621712277742731
[61,27] 40873954519058044035392716736988
[61,29] -145580293807821571569532545480958
[61,31] 336447889938602950679379137574168
[61,33] -459455995350420181712222923576977
[61,35] 354214444331864832910926481707144
[61,37] -153007115919264268756902563063131
[61,39] 15801502862106096952434305824010
[61,41] -19496705700978424256323625841285
[61,43] 151487320095927993589720257723814
[61,45] -206213265309958098736157842363859
[61,47] 131039243676425391602956588027534
[61,49] -39605383306887878035663203972020
[61,51] 5759966252516849515270599597160
[61,53] -368760800450358433444808757638
[61,55] 7539049710933556309035068250
[61,57] -55775144193126966555539748
[61,59] 14077429637786925939671526
[61,61] -384068162777090947008333
[62,2] 19253251454
[62,4] 727493830913636
[62,6] -420397811483750000
[62,8] 9822501501967975724
[62,10] 1145089733172686329714
[62,12] -9569260334310884627268
[62,14] -363156356128512759422108
[62,16] -2031691021223241169631768
[62,18] 129910351851751558276548070
[62,20] -277734232683996619314555052
[62,22] -6903687566979084433558358678
[62,24] 21855837274061239516521925824
[62,26] -167144461333192664959460795122
[62,28] 2381875310162776066915570982836
[62,30] -9621330159784200863919310287300
[62,32] 19859626040850153776857825445864
[62,34] -21679285725900539993257051900443
[62,36] 18158463287996925830443129869772
[62,38] -13475352552202429948474606517368
[62,40] 8901281975168337906266547170408
[62,42] -1275857500114375011045757731338
[62,44] -5634644723676380295904754992732
[62,46] 6892184861686935516823672880198
[62,48] -3342368732536330840625902839368
[62,50] 803470074232877279451693707759
[62,52] -92983817294961487861235376444
[62,54] 4448271494155446788946500576
[62,56] -11834409339661415552396320
[62,58] -2049506849634338121882200
[62,60] -153491355681657657150152
[62,62] 4478610087217137901884
[63,1] 937985662
[63,3] 2768436745475
[63,5] 757397787257444
[63,7] 102568516734205138
[63,9] 4387042774580104410
[63,11] -131805855953919719888
[63,13] -121211095199550328366
[63,15] -17114555870089187605662
[63,17] 839820885020315821334530
[63,19] -6267901229484047209130991
[63,21] -1170466603656624944288606
[63,23] -215366643799907135537003575
[63,25] 3418335673929467329001393388
[63,27] -13688490017882949349624818515
[63,29] 60248015398544010392712533834
[63,31] -230283533794489899515892676143
[63,33] 438732065913207341951250225482
[63,35] -511994815201466516240577252729
[63,37] 315051923645942048780552549320
[63,39] -19107405153705178464355464089
[63,41] -40654922692307709563884136264
[63,43] -85157556912329858586157099592
[63,45] 176101502717843900347755871150
[63,47] -126445058860426244312739405346
[63,49] 47874008297637382221257921990
[63,51] -9710410568591265283327861757
[63,53] 997846979621316912562737314
[63,55] -45809389277686047694238059
[63,57] 283732196062938466644156
[63,59] 34167681062506537926542
[63,61] 1208283030181700593744
[63,63] -110939592664308127712
[64,2] 2248786928
[64,4] 16492247986005
[64,6] 727493830913636
[64,8] -6800537943289116
[64,10] -220299384097095692
[64,12] -1501816987522335538
[64,14] -40826426608903002296
[64,16] 3755227406826033354998
[64,18] -43754668875213361682560
[64,20] 40588606666807146640941
[64,22] 2053337036475076841984272
[64,24] -15496352759816857344492718
[64,26] 77632984243877733435972616
[64,28] -243223106028531536166021112
[64,30] 711966282090425381542623364
[64,32] -1816294014954041079579301086
[64,34] 3485451539666440441066108100
[64,36] -4284489290218593061185499965
[64,38] 3179660229581745211575554716
[64,40] -863007573759250193448368320
[64,42] -1225772311568365664291478128
[64,44] 2241471242636202596243154832
[64,46] -1885940100400376198558958812
[64,48] 975891713477750083156238596
[64,50] -311879380975764768718047780
[64,52] 60730453216439997113638375
[64,54] -6842568888936567480850496
[64,56] 426275112929955932167192
[64,58] -9111307082208183493528
[64,60] -720795985000416993685
[64,62] 45073116828596248084
[64,64] 29101570885261880
[65,1] -10866797
[65,3] 64634407684
[65,5] 2768436745475
[65,7] -87338147346536
[65,9] 1722028681346839
[65,11] -61835643280922598
[65,13] 958742788206954916
[65,15] -147083165931092496
[65,17] -149555647536878905304
[65,19] 1866513365032125008076
[65,21] -12111660871603090219850
[65,23] 48809185886374082607360
[65,25] -136366492350886711824980
[65,27] 305005373834848278738910
[65,29] -673027282164476801452706
[65,31] 1690678128124231785525514
[65,33] -4135544266273722691344362
[65,35] 8171923038613432430301006
[65,37] -12373870754871427077936462
[65,39] 14475555171764086588754292
[65,41] -13588739167851557350932595
[65,43] 10785087261095201305128924
[65,45] -7454161090018501466090369
[65,47] 4378094681672492934407976
[65,49] -2021963734038760154704660
[65,51] 698638131071039970285120
[65,53] -181320623393721478467715
[65,55] 32013747104899189815370
[65,57] -3300508248570887594391
[65,59] 158029444756665371590
[65,61] -2335051635801954392
[65,63] 4948414430461846
[65,65] -450038175766
[66,2] 88050328
[66,4] 2248786928
[66,6] 19253251454
[66,8] -1629949946380
[66,10] -68630453834888
[66,12] 2992341236080312
[66,14] -46612225417077234
[66,16] 403909914968337760
[66,18] -2147531728727228236
[66,20] 7076906880698527904
[66,22] -12315724367121756462
[66,24] -6413339413597593704
[66,26] 116093563650599230464
[66,28] -417941841128135277184
[66,30] 964804161050620640563
[66,32] -1626102722632144409504
[66,34] 2051225835813378897760
[66,36] -1885785648613943109608
[66,38] 1121924367144441027495
[66,40] -190869207129952058256
[66,42] -389319034413121649676
[66,44] 455565106079783666580
[66,46] -242886165630064062938
[66,48] 52255701519571932696
[66,50] 13067893561289382360
[66,52] -9646142248217565400
[66,54] 699482972196025235
[66,56] 501551368839784712
[66,58] 40140171324904958
[66,60] 1013591256005324
[66,62] 7965264713119
[66,64] 13774673380
[66,66] 1340268
[67,1] 20368
[67,3] -10866797
[67,5] 937985662
[67,7] -32369703903
[67,9] 592192799902
[67,11] -6608045189045
[67,13] 49232533423632
[67,15] -261079058660020
[67,17] 1032125218697336
[67,19] -3146379563892708
[67,21] 7581656302290104
[67,23] -14704414393235208
[67,25] 23255282322166696
[67,27] -30264781812299133
[67,29] 32605443300938498
[67,31] -29179706264808321
[67,33] 21723793420032350
[67,35] -13452450319010549
[67,37] 6920530108170064
[67,39] -2951949969133328
[67,41] 1041631539039952
[67,43] -303302243392973
[67,45] 72679465908362
[67,47] -14286636356217
[67,49] 2294270208310
[67,51] -299312483165
[67,53] 31474606080
[67,55] -2638106642
[67,57] 173421460
[67,59] -8730167
[67,61] 324414
[67,63] -8375
[67,65] 134
[67,67] -1
[68,0] 1
