[42,0] 1
[41,0] -89275901575574153548136540
[41,1] -337011698959645420468949112
[41,2] 21214989781480418684899666
[41,3] 1376185762403299077703666402
[41,4] 1944394101494730416755067734
[41,5] 560571773853147883476563521
[41,6] -990870051845950671303510588
[41,7] -1029289493769902677824266083
[41,8] -234991846697971917455862442
[41,9] 195530146350052219721693758
[41,10] 146574103339230943098842218
[41,11] 19268891181056198938527109
[41,12] -17287914430099975710518034
[41,13] -7975870289510699172196171
[41,14] -188161706558619880668992
[41,15] 743005331317981559798801
[41,16] 179447599089379839141350
[41,17] -19439557412354402965348
[41,18] -15030143721601934229782
[41,19] -1316585495170976221539
[41,20] 556100167011849977574
[41,21] 130715674484970730725
[41,22] -6088454037639369326
[41,23] -5151076142395421911
[41,24] -312698991240723572
[41,25] 112399622708123209
[41,26] 16370785487749602
[41,27] -1245473115492882
[41,28] -388922517124538
[41,29] -1110274466927
[41,30] 5689341429428
[41,31] 266647985933
[41,32] -54147469590
[41,33] -4455218178
[41,34] 329621714
[41,35] 40267699
[41,36] -1175962
[41,37] -220375
[41,38] 1886
[41,39] 697
[41,41] -1
[40,0] 2047869321347604850829048290479514603122691804300100
[40,1] 12936206226728760617635913386559090280970144964870248
[40,2] 39599013881458282722038560489009027451253743873550772
[40,3] 78247138580878238832691777266445499975687470163343700
[40,4] 112171540645967818079253424368582889879409330833739613
[40,5] 124308345179723803843165172978601495340651789445198880
[40,6] 110806609491828458418107821039225356421455009796422047
[40,7] 81620120512456894249341521809813871334392549840248500
[40,8] 50652271560741569800739321079821957540951815538311062
[40,9] 26867103710480603699114766524367838022099842694315760
[40,10] 12314767168740600441056002566947648479373515402866605
[40,11] 4919271307142858461286843794226165529153595459048404
[40,12] 1723920028371764381539785814255030553646176964502608
[40,13] 532735147068961520698195781853909645169817686268160
[40,14] 145748674773156023247827049113296370151756034180171
[40,15] 35406884712469555262340346290453337515430450150892
[40,16] 7653855811279428448726688231514274050686159943208
[40,17] 1474250606985333342127188495313762926523292256384
[40,18] 253189495809012411795608413786636971135702830951
[40,19] 38770287486798576405754139402273695227691317456
[40,20] 5289843054148338243296441484022726362199118012
[40,21] 642243952759230033567857271462445919324191712
[40,22] 69245532115009091814394381561745816076311508
[40,23] 6611700846889659879245345356670146111434920
[40,24] 557054976817199056365640028337689162707978
[40,25] 41225724565110396219218376317056588828912
[40,26] 2664802329746789269351545274815983743014
[40,27] 149401219738280908499769874350435360248
[40,28] 7202737389565990469044609182636914732
[40,29] 295443503222886851436277313341049808
[40,30] 10174887588767739708312803451599274
[40,31] 289341886345007359242475305665256
[40,32] 6650182817249176898613777878366
[40,33] 120129846386048883603723399528
[40,34] 1642610262018091848072196142
[40,35] 16133697715555054123298984
[40,36] 105445854685222274230297
[40,37] 407146213608092957472
[40,38] 758632887194690902
[40,39] 459596739129904
[40,40] 33251985066
[39,0] 61130706281416082707438600559826577122715430543300827120
[39,1] 343295650990512418395187212151780911010032545252524171448
[39,2] 917219075129375725875124956013175323230206205873681523508
[39,3] 1546251537288019738862121490500722283909402456526309707266
[39,4] 1836339358981148281848179668062564080973218620410493993844
[39,5] 1620002985636957571174600608445370247324591510194474407698
[39,6] 1084529340425450948297620920445862756469284848054149941270
[39,7] 545332642482968693533707724389883668795582327127926221234
[39,8] 190394383875611491429238858781729007280020666896470879492
[39,9] 28649755359433612373696408780240622576565440124714179523
[39,10] -16618382288814241779216155166005128801593549835854771140
[39,11] -16931676227334011518952202361983736916703650504725302378
[39,12] -8903569225896465690099151620459347201597598926609362096
[39,13] -3448247249890946206098421055983604976629438711226573530
[39,14] -1067270236342070143944418421656714448109888395891866156
[39,15] -271739913324498281089479681914435990752011968827894864
[39,16] -57366593749686805821994160638861007867432800173147610
[39,17] -9965689261252356109955474071900559691832189480378970
[39,18] -1382862637538780044430489662697871453823583529460146
[39,19] -140396219289317266062597450229364634883247080164635
[39,20] -6889889543942751058399496808262741651975734348112
[39,21] 874512360180132466804449747535837812920600382227
[39,22] 286283945740950862247746711003614204454604822170
[39,23] 43813462899699178586371167289150780927157359700
[39,24] 4588642844812600989088378725588714970961113518
[39,25] 333443331376874067083700536773977708281584897
[39,26] 13276335193789079065814428130247155435992342
[39,27] -381182190532526663685321001915067100722727
[39,28] -115031881236784491713231452470899320956860
[39,29] -10601185415674784749679028095130395846689
[39,30] -610936364395495345486150443056713435566
[39,31] -22918533189833653104378076855141582006
[39,32] -464273919172795055788318163209210876
[39,33] 1758148159791372568509733904782209
[39,34] 386420195345050819663266334768668
[39,35] 9013227045727075195153820275726
[39,36] 40999804976727492797337832372
[39,37] -856294728085287354623668186
[39,38] 1108715098043390046260034
[39,39] -145396267968329400190
[38,0] 703831168811701818448525527693245299459213080893050468126080
[38,1] 3533492525548786667771034889276889806005675596991267513934608
[38,2] 8345085716954478939629351348669790958022557566965911842367704
[38,3] 12267659086450433368911097220893097879970874613853463310041012
[38,4] 12497076775042275104183193724761212264680486388108672422720524
[38,5] 9271519285919452078927801453558592176360932538786921512809186
[38,6] 5104672754664185209054293111476567616700521564285689372659120
[38,7] 2074809581989749031353884582198002689176541498281714248491618
[38,8] 607040517488820549722980070580262154530730155749049627492898
[38,9] 131134181630708229793183499167723231856822221749393278130772
[38,10] 37038942482228741906673606855449599051552023076470456397938
[38,11] 24885174753065036118731110116299624613214542565137097452870
[38,12] 16487540500521702711508739453135155099207173596398200914213
[38,13] 7970899953785371932529199670949291252391136295795898749098
[38,14] 2872904686118975459187801811013337318150780595816572539593
[38,15] 794541038756386179559504192644463455047353824788248615438
[38,16] 169436180649353279052030647884627633355431744564460111355
[38,17] 27065666674548374924693369515995424141249277329913534632
[38,18] 2892354292323281492576426970982639356706243233180301059
[38,19] 98277303502843453513767308073822833241813543223357446
[38,20] -33072271363385025120916041059845827586103110536406498
[38,21] -7911237455800793247356134437050280774630878478203350
[38,22] -908693688504578664843983406341388074833481565502303
[38,23] -47827976454579804595737187571079994035719562497898
[38,24] 2442251271911558696761705807153114046746442487978
[38,25] 712727498186936578877004764618412290271655124578
[38,26] 63136964603469045502927140813479321268387785289
[38,27] 2319504908151603894792268856670487278781754516
[38,28] -53801031875308924720575937280447160438749018
[38,29] -6943897866309628114061495116232998836252734
[38,30] 280822280093478962768180979296216642962614
[38,31] 71305431161358763669202703828008211359830
[38,32] 4846996848651199521738015183920888872098
[38,33] 175586464983984880830531381551783795596
[38,34] 3894886431066087405662313256562215007
[38,35] 71417949304706638582538157467076342
[38,36] 1269729816295250333559327156654418
[38,37] 7706507743898168305969673643170
[38,38] 13661337803379013570438843044
[37,0] 3898576849621191747088172378264051731997696226411373963080337856
[37,1] 17184564939013441683613504930313772445162104261472460017409815648
[37,2] 34868152379415590062965954620429337226364265368264896394289868240
[37,3] 42491005785393682132346719926141042384589321797893315511294491048
[37,4] 33540298795988627717015317058268170778757941844234850280670862248
[37,5] 16407955693241943242563713974870924585377682267920358051022458408
[37,6] 2914282215986299742551249401744709365854347980176645583082245024
[37,7] -2668010165353274730272341192215621100216614649103526395385811108
[37,8] -2948361043291130371867853209688513925388336362212773715166137798
[37,9] -1660815923977945446874412371671409049850492589365245847136345980
[37,10] -654264098843139361928211726686522793771156812325183767789079170
[37,11] -194907598178173459408699937476143792519486588278131399944637341
[37,12] -45739118665667430806089190984130250284909752407471906910723274
[37,13] -9001703523242229742745237473791296637105645081910753413299657
[37,14] -1712779329543319672873538051015636013606030046364925841761528
[37,15] -371922338803287264652447314466275573503051517246004611543307
[37,16] -87831047351758409196057181151500212072704098299766571280726
[37,17] -18506068114257531945882497790226912174586199039791472115848
[37,18] -3009294562545556340403220843165163122120907211225523734930
[37,19] -329530460249048222178930323149219697285428859676026797261
[37,20] -14275247064018134376818388191112630635598572398847767080
[37,21] 2497051680390514831263783214768976144570940524325701059
[37,22] 602838463624372555066500985563053545167793589340262608
[37,23] 60371811067432113026508250685181546049248435571794924
[37,24] 2037676539559183293203079079585915971541164637656298
[37,25] -282165705853692153303912742449334478289842235794260
[37,26] -48292368933935211765247370362291617797882478033082
[37,27] -3277912527641233225842543095282803513556068586845
[37,28] -40609523575835675048455959459608275744700364970
[37,29] 14402353610048574309805299106690724014143954787
[37,30] 1677934798392130719405219099598615938800599900
[37,31] 105142811499842169940838276046847272039575605
[37,32] 4071225654954057588058895488570754724459428
[37,33] 80690204058741247567956438174124848344486
[37,34] -304349365873300890455840621386138803272
[37,35] -48881251920508834017342650591875654914
[37,36] -659959033034454351306769427356142980
[37,37] 129657534857613335521233245685124
[36,0] 11860006361214423773772587871434760750156687668307021912318963582400
[36,1] 46564343779957351978551720527875244722294610889131277871508770072576
[36,2] 82889863086607924832007042962700025018338347689748101463443592920752
[36,3] 86321111602024380044643636773152302660452649926855876866889271427760
[36,4] 54979613760951419542823755262164317913788129673072163756448216290068
[36,5] 17615874891497136640731382875734296755445538801686079666084831373348
[36,6] -3376630647938693473470034005789782594916021728390663461984715909061
[36,7] -7638517594488569667072634852491105813415532462179241152975457066016
[36,8] -4883816468358800438919656431134148307485161071524806690894725925716
[36,9] -1941561732498282357466871899145469579416212474421919031341887010638
[36,10] -515460608777623624551557470317478535117417355310103559276469221833
[36,11] -80005182291400903658295904054403078586490739410577271117847610144
[36,12] 573336415514616206152653772791804249791383299291686469658025271
[36,13] 4326617963022586614215681875257151914868024980499250927702355372
[36,14] 1389636738730214964815524910308434362108057392906115955592328875
[36,15] 269097016468589904062369655492830845034218589402235366077360120
[36,16] 37118651813365683489469846627571754305333045816369152988263279
[36,17] 4089027717817779392514932498923432862347557435084018803909892
[36,18] 447357631689695321896653717053333843561415644874231566361592
[36,19] 55595786933231584066861213480569357284175507373996041357118
[36,20] 5715033485436132253300437886098917275350834239514201145126
[36,21] 127525337855062697609488719325677966227549662200145149426
[36,22] -84349041364557422363959888009249073029038352633370753320
[36,23] -17417210106271050282906614971492469239153706247741873412
[36,24] -1786676645948807714906721072530656851331116554146207933
[36,25] -90615386213780210489393134838650013929220823830938306
[36,26] 1648077137103151823606981014655227969235075359347451
[36,27] 709111900346922506861809875568463292490927969328850
[36,28] 66225882330900960178249166046133620506271178306465
[36,29] 3984902135562056122071567260726934579566541681658
[36,30] 205147427580288988350315579773588234720419213911
[36,31] 11445961414222897018021245763547919888614929484
[36,32] 632803714649828735173001280398727295288939048
[36,33] 25919335083660702438399391547626204145661678
[36,34] 613943463451553127382102969243447472226686
[36,35] 5326316003144625224557744403174552153652
[36,36] -40746274497753951280455914310426164306
[35,0] 23201062442399363070799728268292329808381790455942290380249895587526400
[35,1] 88876217214580432629742693903432438676781341548072786673372665473635456
[35,2] 159543180000896352936309160148927123687598696597749594962244474889647424
[35,3] 178752558189443111880056974682140396406453595545936017293419255403484512
[35,4] 141104159417679026834393540890639593717644714861393592480478114815261152
[35,5] 84765798481213687101692001203775673176984736329058726679885404845882880
[35,6] 41483823292084931813158408526341015689838215758203688479387855597084136
[35,7] 17720796028103041282848125224071293363039736389331342809220537048064176
[35,8] 6969988689421731849941961138910991549950715444078581421322680937702516
[35,9] 2544782059771592639149645543956538465532567001012353145038162181335404
[35,10] 831271561747721063840377397912709711789377564060760256389888762470270
[35,11] 230921840282946585814105566327598773909815419794452868933232630519574
[35,12] 52097752642960998400842182214045755535747677172972173216548475314248
[35,13] 9091180074436376632876405358120043280961789330654501421662233494975
[35,14] 1124279893821670604896090724606351946766262650528141308182559592792
[35,15] 71861106776784719685480354780945779659943425608470131096908118466
[35,16] -5031790078300188545455081219269878482300217454458476652208550748
[35,17] -1973513471144772692261723769742803472247762271036393959430314106
[35,18] -256919116809682716883042117503628232215945417330903762474538048
[35,19] -17392862839256350040484213653913291390677290436069748625658736
[35,20] -306323859451386439489199101389558020971111403355585511980202
[35,21] 35941762093028934232328824010754358766550510834010522161290
[35,22] -630214122863210298317373317697533575470105509883634745122
[35,23] -627140979709007427204006663621157600614888732860886480131
[35,24] -49051270399338618481291325715178133380586341632359473926
[35,25] 1557948154839839327988039729789852105075082292144979509
[35,26] 650784957635803793761608669766128901185352437729934738
[35,27] 72629099194302444840236097158845205805352641416761847
[35,28] 5464041372647331674976458499507227468170636938084154
[35,29] 317951656450109660513045515272737402431283460753099
[35,30] 14011073116532859158013747017221354031682114332796
[35,31] 447029585800197184185888222229488099157323176711
[35,32] 14209751703960330060028038087814081067937048084
[35,33] 769729489004960260177749313781656921889128106
[35,34] 35380724209602832776189562144172684252054864
[35,35] 789350599390434282293162480732215158582282
[34,0] 31644475184342781428071923901665391663520271624143120046368521514000733440
[34,1] 125025751179682237682824812004110952721230715244656002504377439663594086656
[34,2] 236265150794028069019325284754240349810516477155607181316748884718324883456
[34,3] 284639046175672616089157898135844771796660320522477602616927672432899806656
[34,4] 245697118368608160070897947966299294718757324281220364536401220526468417824
[34,5] 161700453107161681440257866217368668743725974364449416196273410727816943552
[34,6] 84127703235066778870456352822112954047505894287073165371100540630655635880
[34,7] 35306769566846873576686629827170331163821177653370931794389449463221904080
[34,8] 12048481520814729740718402025103411822638242639474083123171370501227652832
[34,9] 3330304366008570573128180578598662410842715067409375929456460094523672312
[34,10] 731208141912677377950031952563806571851961568854827742466163438084853682
[34,11] 121253866887949688589472711667614456502926713830740657429116555047468406
[34,12] 13036445116450101648162397129255182562649255917444141514889893159747051
[34,13] 216910455072803207230809821220268835108707682078376199468365008139062
[34,14] -238801078727351411111951542638985708454661850671248996667790140685830
[34,15] -52158480401122853809431068005464581996211272503838736088368655897766
[34,16] -5304094534610055836522618485117037527841127863630975643169070852426
[34,17] -53059008257567503441708203756345559867714904049012109280825597976
[34,18] 71042586408448867253740901937313349459609101448573893415411061398
[34,19] 11864165299436980065055544079669239133178300474859882683015421414
[34,20] 955235912515899600125880983564395462425266965369361718267997839
[34,21] 21209078816644263623982681267805024459581296797408142176327030
[34,22] -4300306218849986136378553495445275948620434040587637712914208
[34,23] -570069870758839810602738694637070257894213480635862085863740
[34,24] -32449629423678305909453909505295844975711087640641900014697
[34,25] -504751441981758224121279658434008529163854296413673623880
[34,26] 53135111531316523076962578422257621201234244814879177707
[34,27] 2915258433655524466341515786495394889360145602358247690
[34,28] -86294922854844950007906130877372772693972681842551885
[34,29] -14361361575226685912207105191785000645791851356972346
[34,30] -485361991316453099420190635858929488874243732219293
[34,31] 4817901421010028880206107464858384607811461313938
[34,32] 725288317415742594729066354246918533214871186002
[34,33] 22761633920601057424394009021247041241658088548
[34,34] 901029298271400444267486036567333301244644948
[33,0] 16184002528766956149895842172854349664551004541991857582248289400777325608960
[33,1] 59391311399673204916008439119453058582871254301173748173684673590600571557376
[33,2] 102843351861340916470635199814865702575935823567215339388278587640068661627648
[33,3] 111325153927496567957937672319774652440419458020905493242922058322142988052864
[33,4] 83986348305241204736508535711331729556312018902602489443538529356138534684928
[33,5] 46479842250118438544261471491297584578191536489817248526403630078163705095552
[33,6] 19241181670574322264826655243411266495640046081154616403319650336469340768416
[33,7] 5894286791358391022071130643347207078985949423349845863623451489720019520768
[33,8] 1246193596230126051172164621927607005413775605296474724154668598126909614856
[33,9] 128349927043215621539086302257283407503127868320782640077256892459908888788
[33,10] -21863206204093212170508929114070984532360038128792439980905955199472328072
[33,11] -13497870946315797130427030213813982574071103699624022937152810000126704628
[33,12] -3272528882027313833975549982742365024220089043672877900798175071010082950
[33,13] -458948278262692346920031082341184612730406829822215959665172355592266308
[33,14] -23881832208915367546233326858847686064884184069333408017212422696187460
[33,15] 5418494343723118258328397093559464014910575130635327327393411037577119
[33,16] 1634543498989225078660854506019253824763135637953664599766589759077750
[33,17] 228636868899083237426063031757253614248418925842893890076207359716646
[33,18] 18277409716396093242421741579202847690989794724715376352256170689064
[33,19] 406541322669439634607716270906800511715244591158190768077650752293
[33,20] -102951947944919322816492180775963701708557202425513026051688592528
[33,21] -16008694191574672839235070888982454852904020273362380465103371948
[33,22] -1243659258028575321185793284816687067124284466076152661763348522
[33,23] -54957088730996410242580804067963069220418547704558636041934212
[33,24] -643184433974193902154512857962299476930050590731404975609490
[33,25] 95680247943517200541266917591558997686938128097995621081239
[33,26] 8253785147568681475294077124435106698156856253794415537494
[33,27] 361733726186853100269704801247015127334904159565066255629
[33,28] 4425282335658718659762332425594370421786090387934233560
[33,29] -793386166651553613925305392701757021281706558204372709
[33,30] -68979176963679945250936309057364201025003422266645820
[33,31] -2421488135109276655521851711704980261999764185290408
[33,32] -24813189773960133873215819170780912957610980810884
[33,33] 628038438512352402082687775738083998851275694846
[32,0] 2271413347922745115854563033115916203973244731614937203117501475196243918002176
[32,1] 6674933351007872869496135910422210907801030072960799077538940748446584115705856
[32,2] 8653235620718024867406309761493707508547355565411497097924818360813288932176640
[32,3] 6170612461291272577177441717466840563886079989604000885375149516049844388782336
[32,4] 2169526661172585299445597986054179057146318401950943975007714534942608777500736
[32,5] -261391462518280441178862863333338692332636508387437546718222994714841102082240
[32,6] -793011106806124945878069203268980000439094279524360584655416537771604453642320
[32,7] -512461688749549510791036591457191379011431007925050429322768850919981208283584
[32,8] -204409706174571660056503613524488749722716415018405229255118733769329022550576
[32,9] -56442143313605211836564829801262886539423981819878856293503190301522494133880
[32,10] -10578965309932483977603506662935412616531858869174139165797366078229841029408
[32,11] -1046832813280858595987123255623127125665071902073138901610173805415149222732
[32,12] 85235733471716935637084386397083555540303140601388161016210794086294359948
[32,13] 59133059947539043655277696752104445855803862626279082639215784390503421778
[32,14] 13317626220772327765832896893634642621371894144869371625715607956469280970
[32,15] 1896649039382162479528255186378085000460550190269882418491806471005382236
[32,16] 176631983545738320150977419220661736828686663398978604538788413429343258
[32,17] 7924582517400552246908189732117638191594771903468060879821237550690212
[32,18] -555865396796095107479652884776357624548458653676209360020380728502418
[32,19] -152961924478450671931940967573492603477255121980391583575584776345844
[32,20] -16961131098758737500592783648690414495275172016803367254580497457548
[32,21] -1183850529455116325025959017621015887551491039063427545574604231388
[32,22] -44390956691683816309750161486830345295500854903275583633112425105
[32,23] 1141726986284863519099909101394128922484688819763294558253305438
[32,24] 323338268702741004717980887687042170917872136924247733669613286
[32,25] 26394869022820656854009057535454607144326873559113038983868998
[32,26] 1250959668166759048075462262381052335049805994502315383073432
[32,27] 34503459271389160083297874528591239218690760360743815278962
[32,28] 440402803259141154880510185241431211350545889005053323913
[32,29] -7461756509560381442857847222732043220037881111312528854
[32,30] -1407903774168237136222467629922367296753812225871390368
[32,31] -100119747827291644059108527594024263003027440365724454
[32,32] -3147718764187075136933834564666839261964592321772686
[31,0] -143053182368016761708500273196302303590266690409094339940462325285726565828853760
[31,1] -607814421608234636341976347081853252428958148918239322693670264358630994456928256
[31,2] -1144423533038867239068360764337279155144592054269285271369495204628481797622996992
[31,3] -1286946316296266546965243458849147886009334293357382276228145631250605526655567872
[31,4] -972255840180014178674002009904485545395350501351424171940550377468801530220034048
[31,5] -521407660673900040374149760968481004618275207204333166961738978941462163949368320
[31,6] -202083156828560716392744091106865527113670325356782326134373497951094455334789120
[31,7] -55177126979138365772999099936903754192366930022983892691977498859242106100055040
[31,8] -9155375213982864554066126593173084824381483173336408135237724102238047233019072
[31,9] -42416223229182507159633554532997245690294454238328349361659386944428714116416
[31,10] 520780919840685257167810593370458468367983706012949888932732721860664423426640
[31,11] 189624723366693464670229303059909307286615967542440374465367178502905324490352
[31,12] 42059080323052006134418019594579881463474028451808095454679401520315517484960
[31,13] 6666825734229987910020860937914386229840194535726663730554277787442208659948
[31,14] 768633312026572330040003225875043782218194568637265490853166210183088785690
[31,15] 59309228539152254110927718246146567982404404722227696268785341168047434338
[31,16] 1649340139455433604583015386002502300117749475609775409395605616974681892
[31,17] -315616036625358522086858743702959241579287354569360121545285674283252439
[31,18] -60841381212140079124081349044466569317390003602359884430875058388225466
[31,19] -6012675089122189041147729377281335283417494112907086853359291944451426
[31,20] -368069182038715316663404125089389892011709447534451326871762694039552
[31,21] -8650777253397147793473300562334623256921349227111271391227391775477
[31,22] 1007767676837898284988777294802304217988906113139603784132293369066
[31,23] 161963974863401447493141011699672679765497748284268087012908352978
[31,24] 14212834431270065838772241332460589786791619102979805315371072718
[31,25] 921290013417315355688216378274807501321665673466756301638208585
[31,26] 42731271576920828588399385926596009001151412635962864890427904
[31,27] 1099138753371565995964027966336188037641614349790860452774763
[31,28] -4112081751279319216173713040225604284406244549006050039032
[31,29] -1198535867163843028536837858351913841669584615793533019078
[31,30] -39015287748123353069663609620284996099185144536258711740
[31,31] -1802222598756489603710164865030707480490078513429977094
[30,0] 9325428326077865066997162297089487934875000405095970447146210851288800557419008000
[30,1] 28920400853179354887764770816183305867844011579373165841560175479009787037123436544
[30,2] 44379027659159082451692996773221332618852723302286798247126542812193862130679187456
[30,3] 45210487079854188863465921761160220575778060555428450289098057984821104116206721024
[30,4] 34286361638122323748613484816271544423698891501976431151760830009107545267405330176
[30,5] 20374185788079772570262210168180773914996674804086897932751911985279768967636311040
[30,6] 9691817507614045742779566541589811169038134361163297172316682270886968368922443520
[30,7] 3718207660188651592817066986404759735451081755544610126065271367245848108166120192
[30,8] 1152159542429954502384060529195298254942084871676143175124873640668542931662016496
[30,9] 288053331899847859608867690919564179406478249994080748323142179173826199319372704
[30,10] 57990039437342652695516209793978903067672483537445864500409746800555930848387176
[30,11] 9402189693244253140590477478786580642609360555596121078288992387685647261565544
[30,12] 1242848636049986131061824836944710972802318916417186290939145391431860764143241
[30,13] 140936894346835815729513558022008453280384073620815639796757946278128271212064
[30,14] 15487272207622362793768210226363548530078134056943937712311947249284019713536
[30,15] 1852935270424809410775012645634269563456864409079998459017042433951175311278
[30,16] 225100538380962815742498800298785991367683419997226497294438464889284691379
[30,17] 23081763914133070693799922457255339589361595090805591589970676849023728476
[30,18] 1701236364973948956611232264332939194046983237597108487533035823293436796
[30,19] 72269322026343684088634476808078356880760364735022449754030931963265786
[30,20] 264388820016528207167984800700737744758268793325635301851906204266698
[30,21] -114201351100864995894270366431593121643350649702879940925923850740968
[30,22] 602018241580468797397458774778032451009984189892048433339086816
[30,23] 287614986732663680310914985558193097306158658713991700612758486820
[30,24] -28590240766598613378507342864213908936765683565625150269428371744
[30,25] -4145598474383934412198887920248955541323390413236830397452976778
[30,26] -85010711001838687977234041135312755398095373402852425332183383
[30,27] 7577746603033811683583325922915140099807113502367062267382818
[30,28] 157774424991601239991659845480782520881703478244825237890128
[30,29] -28283382977669221802697545037998467712455299786237634026466
[30,30] -1650288518216439509691548996229007236295768914473839364184
[29,0] -109660302854546590926825619170869786951589015786306458991215756432190625062264586240
[29,1] -371425117146527071892646522102428151584096128638553988338506201937110166262492921856
[29,2] -502519766790148275933357633280760668639661582566162455701046214683465170157306822656
[29,3] -330493487148482672990828560187522534413353133542295131832584102702892590503053041664
[29,4] -63825429246564474570533292789485467772732393660845407813644061510224026850061843456
[29,5] 71727488899532649579753490569302158526054190190027699301396847722363505619445815296
[29,6] 73975988383607741710245247113410932822793929615551520849667652176267740852144954880
[29,7] 36844582135795765117551688725989941676574616412424185242663208658623672357996985856
[29,8] 11893593652693226826069813376125739672245396964268355407139593535080247242079144000
[29,9] 2651780386036300864454558564873861499291777254336785488517599366980155179270129920
[29,10] 422535455738915367554946541680012155022260574662660264405236543638813604387888192
[29,11] 58504638111958481978001607813967844772540662274702073454631047598549496848647936
[29,12] 12560992432032855235780775028443961453306375190720609145378075321707853059152924
[29,13] 3865084960770133371944404070277019253563443861014855784645057719339132372165144
[29,14] 994523241655493022741454182974628181933207769576483352520479831039571519000670
[29,15] 187160293563577005429912503693072732802642877597760501814939786463816849511342
[29,16] 25603716961920243522088277019380027278953344834119207245120424581184042150316
[29,17] 2508320763022719323121299757198961279093545769760374126331457874764941013983
[29,18] 163538234454747905736085256396333350954826199038610871107370768259675908224
[29,19] 5120824639013976070065411947297611688465239078036321719626159712848504010
[29,20] -171269923396495552075752812651096103591068094628758623530724331556861666
[29,21] -24294124820473393955329310240402570810115209511300984493196568967380332
[29,22] -508308729705435953303849106871281860078251993484723313204582650398790
[29,23] 48589845619639945738772768987863701712567735193814375260697380827949
[29,24] 957453620733943071305767024060033171390314404806113980687046813962
[29,25] -402485895008428531005615048734650206660665062113413236962575704143
[29,26] -37841988940994953271249202739360660919864252280319840257494005852
[29,27] -1409075504070909093484683894509973380846546051389008881907423321
[29,28] -16147642553122011765046138601503659085731228491781813780802044
[29,29] 20053842935131683521279190260742766426664377009757892514242
[28,0] -11382482558339466410771865355846562405032122010871994516412711524443642527326656348160
[28,1] -35508236471334453982073007560504911748001074701833784679802238371552700235301119000576
[28,2] -50137196319007335146113098940466169747636587434904235215747535396039462503753174622208
[28,3] -42354567044534660903240093647789766305178324724567872694414323615392681626995495297024
[28,4] -23820319585042428778711151589753021851870201976246411250006866567816405490282315742208
[28,5] -9407666933679473275025501186759375510853102670581023648932953642627334382301688256512
[28,6] -2711856151620564754927297647620374797619460339835145910705549355645241574999420822528
[28,7] -609295119994168395026513374893500625766411867171683491168441522399768525272561354752
[28,8] -124011979811226091082889396850639381582652473603390742177744491409161434555795340992
[28,9] -26340827958051864850552913402224282259136736982348201523039126304901659295180872192
[28,10] -4722591956079144942193569354613517090691133531564141981431202412518870338805437536
[28,11] -110896582689118306708619834421785580259943962082022271223585483067186989898613024
[28,12] 325604321343449665040113751381605963543688347464601114075989113899098886831888972
[28,13] 142305724306586564151887102770903228861121998376548870850395538508202866706093784
[28,14] 36614162715566496062316014944700240121553832550821727745551950323483692275246820
[28,15] 6718555866151150586790395623414247048474390548994529946178638493010588542391052
[28,16] 923782207719345855393830653933071278331433718875460477801325420200987667680883
[28,17] 95354328045775852002401203738788123304281813814509945231721802151509632659742
[28,18] 7093310371447220429266377434007420084048569359653644269903540505195184882270
[28,19] 333043880743724209249076278074463110015248205586246268778661568932670645720
[28,20] 5075316053567456199615216040727401143918222442866158266262700506215650392
[28,21] -270755396497848864311679127114230489589663445844625470834922179310656310
[28,22] 25154527360138328231420569047228767312848083534966102319284681535120973
[28,23] 7159140090649614054960559782038469438654565335926551839161867180458012
[28,24] 583538316174848069728848636183476902402655379010054337218693379422003
[28,25] 20043541223181244152092801899250496391325417340736073706962456107238
[28,26] -240923262556784546248481778601091495427392452537502525189737613532
[28,27] -50534943836627429849299949301734784938668376551307579262542118926
[28,28] -1790652662638146227059868218423563608963939850839800968409066816
[27,0] -167058032285377298257930150397331568186684046926539364829839345861929612972426992615424
[27,1] -380890643562641577341020979808669724880975555089244035725686864280034140695322098630656
[27,2] -319246269985363409843118902989384469171892765463356895194628551478622357810155329536000
[27,3] -57074723648308159011027634051921510392063574113753169805530832268894574123498606780416
[27,4] 108300476577759295524770500321245755564238274770091723893521134122786186139079740944384
[27,5] 105140873978788962430919147366073329320229903195907852209388266203958580358246295365632
[27,6] 45255000473507717403084766000416601948510092919010760431721887435963044655825740973056
[27,7] 7995969201722261648315558919094999686124806931442880955336888312754539649684899944960
[27,8] -2105558026288838251809149120829711369836693694813931878890014561898207285713121447680
[27,9] -1971956709159710617403573216658045884497946820412691140454957924964378605953819882112
[27,10] -734448883110118508654998312490685998627649207121106387556421940708384490188373992512
[27,11] -178368015152824164272170176185319233411134522671471723330507251001017558875710115488
[27,12] -30253815800149397676238127844038109144912539694457145981878378588043927365922776880
[27,13] -3283155381768395202734504104057962270301917632545249296692282021274395470791160328
[27,14] -70037745417686399855800497585503482384706898089035790065690790507642302234519668
[27,15] 61208201703784682799435948718453767815106575300683057746447894839697645630320158
[27,16] 16266141455961540403186976024308211043050840423809448470139141308241977106323116
[27,17] 2540504045006134869014955657350357082230460968383562496992541630800612741022174
[27,18] 277616272159773275461179314537465132627313631093856821875851766347035650714908
[27,19] 21158500436934760340647317472998132057518479754861216597168152811444864325180
[27,20] 1007977448716076615245872246122212411828770418371227606468536373741029102112
[27,21] 18538767775954714714197981029141101389451655541542024741748642593994789790
[27,22] -353614309002555917189797434162802839605787686678348695340941349130884294
[27,23] 83295375969280834413684693335473056982935392117641726690215907516807024
[27,24] 16862937146959888196461539172408008116381459253626138173849838329504088
[27,25] 1214698555414921042488519184243580243945425384291561868794372910430413
[27,26] 40243966688084090680279679820975552300919733732070240701749338764874
[27,27] -13512460291448764361724114031414199086824182969640501092505087752
[26,0] 2213510450091671266041770994528833737293515065446538395571218031149058367252588809748480
[26,1] 13021050500456525824613318971942168347668976035909685063123417565840689994239968341983232
[26,2] 28836423058906233975874737372160250235639203063778815589114413165559360363757320173912064
[26,3] 35600828956068380108953323680128279437117652933134809467078680361956880728397381223366656
[26,4] 28404595143471607399498814827558697747436351299672175013422690810866416398030844284768256
[26,5] 15669468078459411512919198873502165050166864774589567714508523433882612573102263658401792
[26,6] 6112197149005049126225043458912866807080627905035309236582888931357378119040161008470016
[26,7] 1635455263692990218316916172161633908626093278770941723982806918176702196773172074525696
[26,8] 245658921823912900264172160954170396475303550508348055367668133218725154168370647137536
[26,9] -14415596323482323931237860693371121277458257713810315661965608556696072362836896236288
[26,10] -21599076764644470272584777974817060878812654976759963909765718825013980406512877399808
[26,11] -7555978012023101059258722599448658594981665008085878033825374546607147383664540671424
[26,12] -1754674841897308470760510823350680665881093798340704879755159589556693638398290550288
[26,13] -306011665597412984677914787958166674217483932459867665597273007695902869183612563408
[26,14] -40380442118323870731358994852980721518820249696864365074627670326773755062137555928
[26,15] -3654823867840946800838761667803764541967486996017413620997089585599768170291122420
[26,16] -114179904811522927492619844927877818289894487404070829540654384817727854376312612
[26,17] 29579586561733087023991717779602186473862789375778845309418288887594844032119342
[26,18] 6495152891650319553758134040330076197506551524006270313406338421156177964731952
[26,19] 720579380974848205416996614142887287718586561312504814147037734144479876835332
[26,20] 49050198122756470857927588382983975680756030888486934719630012300310252399156
[26,21] 1720876503637948000524181251037414654428635830893367545505723647406427353552
[26,22] -15152454608984849946229748918359721606761369044556355018047082321444386212
[26,23] -3754559173789798892770822520502469872277118391851428701386150410082247862
[26,24] 21825250496709550357007001701667533846468660040022650455059961019219544
[26,25] 21828501949065914401054187207626449874244247904103705554052117182330562
[26,26] 1487975607325848699972725645947771048109441502194444350158626954977302
[25,0] 169244954236655517654847085222047979594462347732908498694994766126276419974304796796518400
[25,1] 658461500799334071677209547244152150913110150680382773860227354397513862879648997125783552
[25,2] 1173838015347994296501286080737476835862939275047326703346168994210418394645756697504841728
[25,3] 1279462073499787709852152184568719558759202774099411713028375862782717040084202705151164416
[25,4] 957937921680870022257305373036603231976538808922948803813791027108001974381635378502205440
[25,5] 523611814274460165539749778205884829907077011550913659165895030594149103801711985226997760
[25,6] 216183201152149625556005337161021758377598790301865466236618360881379917716565052047233024
[25,7] 68438581960844780935214293299439058429193916553665355811729303013561766590174909412128768
[25,8] 16477043857072865530320346310189122856001010568968898410136969219626501697660564934000640
[25,9] 2832941774800986592765192933208279664890324228878942113222587084089537494812418520693248
[25,10] 246658465302670419591919235794495351309303097417216354830837110651691356128438125427968
[25,11] -39476706056865351286465544849191427657331574247091570028546371725735642032149558820224
[25,12] -23555375765308577945157607498960373961701241642435166228823054560147470769322322429824
[25,13] -6230329831361562366981499993288816382682365550976163969626384535703077538118578409824
[25,14] -1160677584491576803300072284953097479064539807773772025799981328964361023399780806672
[25,15] -161780379491812498720772778381075122282826777056201621830175785004793735050346426456
[25,16] -16210347837101010802420902380592856428860894318626306708596746466758564414327670760
[25,17] -934022675945014105454803116087420117783643753921871077225435788306221272405684808
[25,18] 20803101298205310747176407717352370343695112004966206964405036899075810115041984
[25,19] 11390433708025672569379794117244122740682934970960080732570176014153033376612408
[25,20] 1316908469247816971670464289936154878001658432267886801039676311412065478569140
[25,21] 83289971419577617800277734488927920239216954005903203780184920196744015778640
[25,22] 2417557325291613713772455040820807747963570508788823848969372326300776408860
[25,23] -50068048235354677652722897622773786586957971383879021019866894647911997298
[25,24] -6205535277057557512057927899874592568888540749641039488298816934649573922
[25,25] -4935404355200156175083341231505027386722578346733319896594602744970570
[24,0] 4726719825612774203570587379449129289947348838557616580984317705225478549148111994478919680
[24,1] 16385419943894430163422709475526426747253012339490181828682564450656446516399710958638333952
[24,2] 26516184609587625146082433664198343485949505869792949328530615756418085846261681671639334912
[24,3] 26718496909330312574331875826539741433478472663335004158910126865393450148027729917670916096
[24,4] 18898254999935144893921342260568746889189928625413239487981153198427625964075043498314481664
[24,5] 10054831725106587311649886347980256419022528820869997735114378537786140267357221500426076160
[24,6] 4222911940468005171389325200513924219112953719325939070355954812154656938802967898038149120
[24,7] 1452639025145361463351322235537817664703674681852171140162639911217461651406971519505723392
[24,8] 420150796498092039113965570526321005000629489017735973435491988028610655187136119705265152
[24,9] 103292683659241194108881032922389486810623632696152539208520495750270838593120972558248960
[24,10] 21333019218422731742909544065171157180671697094295241201646447652403258463389777534611968
[24,11] 3530914385805259144285314310493730092535170548443394963848747678961102664163856045897472
[24,12] 407486506083410955594977274139486256746702491957756513689694257367816094897671495478848
[24,13] 12136205064576050556404283967398472360832744073070305285224766778913945509169565000640
[24,14] -8041822583282234301728337553343697496933975799915854031174885669341939470188582258464
[24,15] -2385199467177582694417483821600655324754094213335616703242718986316869779591736009072
[24,16] -398769747120800480079304390583017639378698839081045666474974718939745814838998955940
[24,17] -44604308931944803633674863773403025140719796308540117875339400395128743525085704292
[24,18] -3074745532378941193796461084329598614403756828792829995116128277109176002077387973
[24,19] -49399966033555097979961892766509838511087273156456689303707932568924867349665792
[24,20] 15850271087359750137013119273659207865319673541126370285671270664567216060844072
[24,21] 2036246053543091333504591063557752671769049120840574748712891825393061950433908
[24,22] 124973994809233027040115211508477376755373080253069501912721786204461207029518
[24,23] 3483813262375087237816035355624421765395355582449730506121694186420551836248
[24,24] -50061200359124206673772137594030604252893216707690263090114821506717741958
[23,0] 86451834917179381511359956140699222252737281523479390555702132878760082798868901177977733120
[23,1] 281919792662083922972180659023954405652242867948691479731226911419564928936782392863691374592
[23,2] 426657225370672494749659619324153919211306412165891391058540673497223695823167926444313542656
[23,3] 398829083229843312683575086958344808215639623918085125282402792752347332376153334129277534208
[23,4] 259381798296418807139902106470803930182255191724112065580622866684972512989331372872867905536
[23,5] 126190224098303263029157487241579821430489352290398293656286242253984925102834510359197057024
[23,6] 48831933517013174217548462548993266961028094208998283565395504004746712935797386456231804928
[23,7] 16058456357848202866075604870431262352435539089596811958225350471341864525446424555589910528
[23,8] 4801024384994806750762882147788843920540345590890662463158466958482386918501841760652795904
[23,9] 1357629000606223384637656146682997035076566324595019478168297787884589466034865217867911168
[23,10] 358416480392222997358025653418263625858882605173465102368604015811194630817187695788283904
[23,11] 84130613806280737395366326057298220538485103013063844020859660096354646581803546267386880
[23,12] 16598163084789011572118360301921090620068944611155865172081974065057399845665512895041024
[23,13] 2580950862884856867848440209805330134600737256209335711151442532454799415445953230056704
[23,14] 279980389250470440676006737913292277139818293839870793738233748445382172023661970007168
[23,15] 11875982505705926841286371266586135959075993000989585360095961883906419985757343321152
[23,16] -2568493584320488435394015555541666921021214033396619598707510669912308737810788584384
[23,17] -678241614438785762746558423831968155981656277005349443953384852069585722867725760256
[23,18] -84571273353495219705504624641226711293813088775038097722299656121904833493200923088
[23,19] -6089412765985953402409172662134018998718403355574509545393805707853409506105001888
[23,20] -151074120006944821103996614806616502349553464643089266615084368739045432584407784
[23,21] 18996714804653126765363258962267216312934526663443797257680671287969314388994440
[23,22] 2542282162073892669171945922350190909592952771782081858978263539542051111823244
[23,23] 144542127107399631871072582208810529733808445409638681585437698305179040985556
[22,0] 1073352027705877091166437697171029651570768592845258050647544675589749682933913760816893526016
[22,1] 3388520758796309094147704177721455595882397418852780618346915289974154467571965148024801329152
[22,2] 4934527150301071923479933198945203028890246677425649021974903971642613583527345254007106437120
[22,3] 4378617674562968815658547828491297506247491088380073332530133989574223309323874853453005586432
[22,4] 2627490979402169009512443675736567331045899660559917050780391751546950615310354668749251346432
[22,5] 1112737508000566333207914334945902456283010602221570846810995098758945928704613781020051636224
[22,6] 333029333035077267859484674679514119338940605940467191345191705080705746096862938491121303552
[22,7] 66848244771821763013050154332809878092227435125372163965005117056288259536594783025141284864
[22,8] 7715800103079521041439146588012122477033985083622065130609751457499536394453674114433249280
[22,9] 694565504222208192199753732367087874637852965804878411138105115350193936895430803551043584
[22,10] 584696616395952201470019457483710655018919050323282012969597202857442307379900549306701824
[22,11] 393693498094346247271923759635378483913883293067095823340788515601772029546587874877640704
[22,12] 152743826691727083573635569219349279275731009453693323357358817161314743726761072563093760
[22,13] 39975438608630821559335972742745046853093348332552677070574987649385392014057224384956928
[22,14] 7431848350337554745080579690112781236395160340355878069288567434519957574092729804285696
[22,15] 962146521447244575807260109573470570225331311000583209326382395521523199857375918285952
[22,16] 74392602879533048959361049469456682881483321357980440952299497768620382046141000527168
[22,17] 133866308737800099520306539577503688407857407443743951435491514827880215444600290560
[22,18] -835429205871566613599660089606698972630787494781750806617140446785092903674987937808
[22,19] -120919260717629242957296063108692291728975770900556074025121853812705709047814408224
[22,20] -8929590790646076469887629669673413799782450614477836543470436244173995506538900800
[22,21] -251293067996806555047730363957927942614168855920283069224928302410687404229199088
[22,22] 19150779481890433495779332415000361933327895086306841448207003716600799203309692
[21,0] 7088431895625655235303840739053752802183054604033108808276290007784722958831159495680768081920
[21,1] 21303679777579891989610688561588224021817809700011895222085995343824859715664889151314523586560
[21,2] 29947782392995310790587719849328578011128737996969193441114679863123573975485291300678543605760
[21,3] 26103605015374267445872971615219344595354698903119904481693121901640414250304832158047932514304
[21,4] 15567761461223373380266501560385831261870453052277080311187052002821355289624011471264634634240
[21,5] 6373640571007191110621321324616429911958573930289434142816456470741114015029362333097719496704
[21,6] 1470712764237942384970583545605375883508040042498072875499739817020136579107127932559896870912
[21,7] -157626032541976115752410242600911628313375894758601095001805468736601293828408186620615917568
[21,8] -333421936410163282156914733342068158379309233923261664586346062452514851209771015694294597632
[21,9] -174711136332638536910759200235174717673220806482434841930257470496471745593603663378075500544
[21,10] -57278656413720479440049277135862256312586730819065614566733976188142025958661864831732211712
[21,11] -12633977467332825999891926718081063926674930695458646261702256501869690233286052002813382656
[21,12] -1661280275744967901886523603691372591386736034318789787522677736653545712946826630338636800
[21,13] -13576324432853195159340944887712285898855460065885327226117322480349412306389376601574400
[21,14] 51032926464242298861742324775417821292575599914532819674557298698044920566475055408258048
[21,15] 13324643136509872233412483293605019487856833211572870211787443014239445744156943830046976
[21,16] 1942138680704867560392937670228947353416396690614157807118388827251292669300704911312640
[21,17] 169509893727858618411351095817986637104775852481414251823538550810349723656347554565248
[21,18] 5059377711644817002817233742838408912131200531504858906293180830507331557036363088320
[21,19] -862640955666264234239837776205486214208047951096263357602676711837959370002960092608
[21,20] -144629675409751092772217271377014506555955896771903284973624506526308896662679713808
[21,21] -10275245393005076747357569842278587718831248976976007458171326905304807729822839784
[20,0] -38392982919869706835980754465717649318516724534221543995378982477607426525570225501071369830400
[20,1] -158022776463578979801015141200224958282197409458585918195869564918374773270464229029415013580800
[20,2] -269943031631416065924659191473750671745801342345466707044758358099088728472649967564315825274880
[20,3] -253798668691701917640233332298050394318799590027760741984260912331069659239497833370643597361152
[20,4] -140288578838389392425288066337744246835674651538858061070963391986671183007634328852422813024256
[20,5] -40923716121143177222560555456985119085651996619154696235613174315945642505086884734315473141760
[20,6] -1085607573123315590756641541761736837487563578537652817647518394367095434618583676544263258112
[20,7] 3007358660990964542997894054996534868184398769206368283975205254425418667134976919987840221184
[20,8] -50133318576229894406555018813367717678370102994877937356739517868924615659774231604885307392
[20,9] -1037055600184577938701827387180749103874009752341355262989193025112090863030662458616728879104
[20,10] -643448131386443253809315643605658206239303194321870548659979146565949275942737125136418299904
[20,11] -225696036412656601932898492755956446138192910263913699304215399955427832146967397132350013440
[20,12] -52911133954294787420985131835568618223925085950989249264154500152595226628999427027519026176
[20,13] -8346649693770208738783315041499632515108494887320499210420611519560377055776766283045490688
[20,14] -745495262661177392038201737478821489098558686253724936517970794901211887340044151565590528
[20,15] 13624373003049576386071609558523972155483661946940080047507345993849631699280810373966336
[20,16] 16420049134791879068948352660788419166425250379239844602901997502082999649243863227843200
[20,17] 2796699332494342556201069032964373194445034512281586654200020789167622723986367040328832
[20,18] 253622392910507737189261756915014794188922113281256074909723739253052111827874680633184
[20,19] 8848519719173545087033367199884645171239686948957039020315181958576274029189874870144
[20,20] -862777619520534270672103056683558605319861380395408976937723573709001018455738059680
[19,0] -1780391303914735834448405773242761925874733885861471265203952026118316409080482724025764675584000
[19,1] -6513949460755165964618472257492228103165223587759458877789263042684255334951199462652410802995200
[19,2] -10716512410689915539200307655178832842137128230559102038724410090492141938279883346569205089566720
[19,3] -10389045017360123373894134376674612873594380766142377772772822291724236763505031455488012770607104
[19,4] -6461197671626459368673111016204593491107422675063690015123528557658281553307482889535358554341376
[19,5] -2554011250704630874451077938174961183513340556052606657507395030675393438459221982145407948947456
[19,6] -518241950261692115840377043520344915841389339136453623287159101550153194433772360325781369651200
[19,7] 53326008069696668192859085581866387078832373851184623362682098615972607175036460208162896478208
[19,8] 76578051069440459996735188894286253854709757311233846195099909609117785609092136221050444382208
[19,9] 25778119347099660706498956877323986441363485991831904528195002102597642798300744421507939991552
[19,10] 3582256738936773531311370236078743213011113984566840585197930889418842298817076305375841566720
[19,11] -533908129641515772966853982790500524715024261491475653062018453056319674155395487840031399936
[19,12] -413269991294172657215272852464350002057754150448427449731633934305791684447525124658677583872
[19,13] -113826119401841310474413356100105029684952296795215125252309140306512087224138240060998178816
[19,14] -19326558904196716397110176798577055955175860439191976260393201214269173411732734952496937984
[19,15] -2014120021746033460741536403849242699381404087249742155380323897829994713148927996463003136
[19,16] -70138017691017767387263764179663173986625978746686692734804266680859129931142184372287488
[19,17] 15967210730506767662350120449676322011475102342790605359758944224707235399563281557266944
[19,18] 3251300266128774328786885226787994128335055697050803784368309912114817981791485491989248
[19,19] 286766721584718498066960850795184448138924033778673985013961591138878094605856001857024
[18,0] -26308882326293358751496145626821068650199948412840208618802392978171258917936999833040542760960000
[18,1] -97717442940309000044105531721073692927181077892703445483011949237855002993592155371581248372736000
[18,2] -166005225489867978161764518326462620848675041143855718546678939729735374501763090518096615361740800
[18,3] -169911860669586975853172382483768469243018644405520936567974944349086127479973905698508703331778560
[18,4] -115498449699752388403496189617945744792931100136140114445405272646469329281287382970468393188065280
[18,5] -53477207014140729414299493698530226003550565545239278635055762907343420178312979291754571366400000
[18,6] -15945566676085878389576605681822991761236876413779435150770721217516198480617924804117596260007936
[18,7] -2026867082990657177565449401949132423027251332442049861298292748770468837832017948293864717811712
[18,8] 682765753080906381159817016963857257642086149350364655844165333345434058693390709636288879919104
[18,9] 488141749435970323603454131858816386318106265241334066993109875661955777079251523706350537474048
[18,10] 152255454653116644737320495625991880392780539935156589887607138798626225546720023825609067593728
[18,11] 28436203608346459241105863548025127038952837686204754930273042031078686860924965421127225032704
[18,12] 2440099173075403616750421004604618944145525834318400315233891925842966064362223949994715262976
[18,13] -327235084475301299732349293768446800889882334931106295095185960748031751526757869138817740800
[18,14] -159574730471034007229045112599914821150413159484129869131221230383771749292510293248690006016
[18,15] -29879358375504580543683984222886729260012374302808112951972494811791910099639889466433690624
[18,16] -3205177796267790678058044127950685939268340519889270648702366689638359696668193052732902144
[18,17] -138924036553784797753302495617725019887725397410908425461121769954302116856331430132123136
[18,18] 15218687980539203696883363247658026738375093654223892235019483575600823037131634492191232
[17,0] -231646330450192212821820452140814332524024890083434800247321959297320801180760790160710723174400000
[17,1] -893079806903309654745904985324212260356337933852317154731979855652242598853493792352817863720960000
[17,2] -1591843970279622380089964662053568531487670623464575892465915126123850935389446972652679778533376000
[17,3] -1737812978032465639479858171066759757136569431905831429908111062646231802273315776219616829138534400
[17,4] -1293319549000071317792236222073051517162064449281402779485354158536650670972029630171070550822092800
[17,5] -686805794283523213034210719524391357499491662123257639034099917216495646409859234774711360525697024
[17,6] -261081447086811891975099862912472371882447933754777358362871824478168012133765651031611797444493312
[17,7] -66485799269316274757647703774257677280790541614611887246817848494137277016135295327717446301253632
[17,8] -7553395868602644367381946338235958313362682812097670665754082375450558513964252865993547167563776
[17,9] 2176189624658747129535969096218244783341627547361532299747318570083154154825565787620332488491008
[17,10] 1465115366985215605743800706878188562069471063740352153394899067484005876155287339549442555576320
[17,11] 438489660644365173351363856113904991410918231496338333821941239463741330263830900497502337859584
[17,12] 83417369902405638257712720579354201943395246667469603597772389652182950999563504314968111054848
[17,13] 9486652941759324693561279050502259468973370607382056825823950822763332454750758995702302040064
[17,14] 171256045871019106394496741614585299503527655906079401315967734938348802160536304409663344640
[17,15] -166705272418241768992141431963486743435059138653396706332002886889688691998133578447934212096
[17,16] -35424548994292095459689914501557561785741884292528879161972796771028207682164603422058697728
[17,17] -3669228296471617145802232754670659828241957924403015668649844923470833639310676423034435584
[16,0] -978063744148935466859399010730226595368129007107981550150521765718085024747949426512923459584000000
[16,1] -4174936670150422861735808610555701216240979645278930618554803782342963120364069547976873843097600000
[16,2] -8249046806918168729895102231745693286191705712043139955713509833983262518656877361721784255119360000
[16,3] -10094926602184735889912129528856023490804008525558214569002517481066585732736680853371668498743296000
[16,4] -8595285323987502761299462140762712826425956481150374574707072114671232247575717862490179514138624000
[16,5] -5391604890474574854223290852513829523909362813277158190085714782628818567187218580812950813456465920
[16,6] -2555031284609380261326572433811204776538369110485035833246121343080738002663054855811435476270710784
[16,7] -912712214604740792825311005313832649614403720950503646774273500909912094892787936919515939931684864
[16,8] -234981119053354968132655338700264579245855765342872467087750186308443387726810058100130929114087424
[16,9] -36153288785351083997340216557326157543580880518068894346508776081419607980677967206555589466652672
[16,10] 854850096141181288736020434865833068590263445541899984636835955330586970652843410542241735639040
[16,11] 2404716837055379348555425377124688084047919437296521868606326710845879731681591373299088131162112
[16,12] 788055648846712112707144556706158514931409695184477890113494469000718773876110584699743121850368
[16,13] 151343901277852387069714797237019312833664982078310332249624345747245406352895801835730254708736
[16,14] 17636580035992811101411000242413618307055909173188882148977204021926536063296467262420858150912
[16,15] 703510127005184775079401547844590911043646017003981273327480441658734125409332024543959953408
[16,16] -160437443611969744802799977425402286768154356590500434104659144972504945240370439804742768640
[15,0] 6169128597189093632093788560161524312365187441399371913090961083912213236623144273925594152960000000
[15,1] 18342026318622958884898592446182111339399543543908320772296933850261094371373611468176396124160000000
[15,2] 22406683769181681679127372832513918026721169404710772776450835263603931744502273391748059234304000000
[15,3] 10906103425476928617702279529691902319900320623162362386681649556783322787678954528147197940203520000
[15,4] -5415469799995520290039154963770414184816996037162036646995740364921205037910670594909525464055808000
[15,5] -13451096961259623479311247604427026475779732098589454265402778184320752794155821274672165802527948800
[15,6] -11776892593646296932587876792354266413301098587638484009193375364079746907292628282624244710627082240
[15,7] -6565490128233552196825267607655344859088766559133487852904498092488913953118205604149199020826296320
[15,8] -2579518944404392455317495719350620497509670753931729241337399979861998319094545669520424007155843072
[15,9] -722819223188122826960925449213348817402859866316260293482298563916234582567333822807678998465216512
[15,10] -135059994297210186959717095664708272750252185803996116643355943574395377027514815086340774621347840
[15,11] -11292167686382762552476164508265506432956212928364358393527026276522700219525669299523188553023488
[15,12] 2166519048278848118300884811388296309026338733515079283443868774968930245558895391697882789445632
[15,13] 1016646214279730542634393697954415480156703368681635826273871553891886460226334451214805850521600
[15,14] 197104186580566778981998073118679649415989296094742393392073896172412532688126372828401919459328
[15,15] 21303979345946032542808405203250120135030198447879109873416431366264640215956741001276869771264
[14,0] 169751814436507027016057244280836362523111528150491987232302279890041069282895896612576952320000000000
[14,1] 613110081470355753097888726009868732863575577974834234073414075257997706135678380457364983644160000000
[14,2] 1022788696730988320251508662267363630573103411169250779169334304246297098550295545930235103936512000000
[14,3] 1030464897998383694839734636268755891019110454889430646576554784030637892404070626901993158030131200000
[14,4] 682595059619701295968867849439135601977445095158136475415877039470251879725626576377695191150100480000
[14,5] 295763246502038815144674318156487736465572567723488429003239520464008549736250198375519936890011648000
[14,6] 69377219443483806662251199334186954532299564515541935174204271339970596138202452766632787368004812800
[14,7] -5857740280718131636352042390445382777427079685163124125909553492467337557284551285935705961288171520
[14,8] -12890068606891858063502620879811611103584557358313218658328147756020841873861327675671401585452253184
[14,9] -6073087470281694140243267004482664898673785472186310405473290953820240545507442520968869942779707392
[14,10] -1737857498473480938213506577731687978390380191183165772973971100595134206408159021048460643346153472
[14,11] -324202852994069664937012748239059011007632297647168399192867522899234406818923221950770899274956800
[14,12] -32927478706087730030491372727871492444932902772201118911094971427395089325303064566571951940239360
[14,13] 1149842839477750124838327389051033904939640781925936836424315573053020711372982553336403931561984
[14,14] 1080593274353758320679326054231321599175640148511332011627980434927842527433397316749737425371136
[13,0] 1978331216646098786691715468378688311783033822618865977598061708315349933230545808361061875712000000000
[13,1] 7430119488637686176644399393608588301486645730758308526825498503484936566434403675350028517376000000000
[13,2] 13011711223556049675696982377516215360662634986629457131439351731306207083767514837007336703262720000000
[13,3] 14019223811987910250333177977548242649590336446498145442356143209773227921489111817845292847333376000000
[13,4] 10299831630082619840922742188130398139794947940911825941579266559455136241157696239519555682880716800000
[13,5] 5373552593436733402347283565642736524752604004181882387274163718826113745857995118590147992024514560000
[13,6] 1981237026539156992298765045212429395799989325778374490718389749968909526703686398853417023295193088000
[13,7] 472832940497777678462432788756614972559322905839611245726887278251515566401189431832222964290211020800
[13,8] 39680159131629297336571572401424608464533191546007604038845269310668051182733118445594992246763028480
[13,9] -21145928368821510861061024235353895425255279114871586721300127219298595259854616864009674215689027584
[13,10] -11314522574663370512155922764241946144925455824118937569064430157493043561185591128746568792918720512
[13,11] -3004427405685465193493994225899561388973235693735800459046818531619113916677214461736705168233725952
[13,12] -498802109451267663242471477677611225392298869922431593847699698842965787112615883531320873573416960
[13,13] -44664857284299781170553628212870705362086245857879954038803915370377656548530366989062510118699008
[12,0] 16597898202775048878069218639856166274997685263095578345939191868200146248060347207046439895040000000000
[12,1] 63478611143401610215932032632888871492347053255756950949437996156023489445458936796953322717184000000000
[12,2] 113711895083974249444312053287447064898004824592962269859787839640622488820023772422163285724364800000000
[12,3] 126330887732170063312866411643787058987632394762734525443799380350764883257433573698920814498283520000000
[12,4] 97003775722212359742110406507585045884976611348803222869090646897565719653926950079963538829344768000000
[12,5] 54162290235648253529236358641160106443683215261028233546362450367241657793793152730867829035342233600000
[12,6] 22407090827860701007094166575566763901712740178678845088776997449671213732649263659268343383856250880000
[12,7] 6781362014781543087323987749463713478962220308782195560666239223979898516100309285396829902248869888000
[12,8] 1389595110204050555034373205978346478188454797530242417681016489953364734665579430321872817329327308800
[12,9] 127210439386850238377285756493054390385367570601917408381831727703132982673504511465351670184940666880
[12,10] -29490694725861727348372169607283669052260622331215056015986503017154378882077284075231105887165743104
[12,11] -15691117653139259110289447832437713124881972421830457573230858610773230954551135409766664728873009152
[12,12] -3614718768141652522509621425717026215423369477186806643030381462930524216769830023426389254696599552
[11,0] 111670601889867235256481144649571789231963516520743044385933219761274154457818776589330232115200000000000
[11,1] 430124273717601905125645936960791665169157821772312677521722203794450546627872663455646393303040000000000
[11,2] 778783023519027006991776088124595951028781093216575280766051305135248833375502671328720829022208000000000
[11,3] 879332990221530951480641910858318688856744683099467107895783984572276826053031574652822292004864000000000
[11,4] 691885883381804741582719958089592813805702513011454493994338531528738331819879792174944640670105600000000
[11,5] 400901258801153359500102984264697221017541879635136277232193232132082107606864596152759121300422656000000
[11,6] 175769146974757434923736641258547816359423321878162557604826632361693412807775025142362255936140083200000
[11,7] 58675747047099052830433930536328036459022077442224614142236459245993500218083959555541525467213332480000
[11,8] 14622775179905263693821271958380106813641669647443019783962024698290059791253882538899456669083762688000
[11,9] 2514147754585624746658481578190418512142524784400671132287764927325392667828266259842709721375886540800
[11,10] 203303198046949914321595462209726033539464710936736751705164717649057957481153715151261157031181025280
[11,11] -33287374044048312217542495726339368123302374238800781936320582677419506803977184866092790489152487424
[10,0] 628019359173389718129746474104388252355327707009903457869550075296458771785146885016804917248000000000000
[10,1] 2414260964780820635076698471716961991425776738199623826043748261408574723770466897194435320217600000000000
[10,2] 4378995334000886816301481226812614161410158804021530525868667807150771621119456334200196604887040000000000
[10,3] 4976835197249952386380595027105047373990124996602361720267901723505033465368236360557158419398656000000000
[10,4] 3966539038401443042147551543109060999950762015163042611356005566712714197945465796116244752498688000000000
[10,5] 2348293925170076733918277947903033765917146394919067622209338005089314091949068262618100612632412160000000
[10,6] 1065375636280221127401464120669884244614532227499544654159506044000880806476546951789241114782859264000000
[10,7] 375603355999493344377406319562604392075599407727901650868853218411140067764164911691448752126767923200000
[10,8] 102690382574387795407305211248637981215134678112744187191519582822423682025736438313900100435532840960000
[10,9] 21216952757595781879864508403510593718273990673780246755797504582557570868037027838972369943415226368000
[10,10] 3043116808338653036433143080821047662115102091915296801567909864321881133094459553072459857154329804800
[9,0] 3004554718257694653991860674078497615041617584684530923339676848599360543756715213588738867200000000000000
[9,1] 11434623275123143608693140041294399407142720264979126486143926279253527160715548930517244051456000000000000
[9,2] 20617642137190792088584989796725625538184856631371140788726153561506455680104717044776507434598400000000000
[9,3] 23402275859826107529678714126731337700680166507380286028656110585752811229160608445340334088519680000000000
[9,4] 18730048088758814617239842962296427795991595589138281379816698405777569627292625179131935205621760000000000
[9,5] 11211730462029459207192346305662623995703725202909098344584858157617527854297092019700099258200883200000000
[9,6] 5189760360316375676582273923111866013877403158345889142318931513657837153758255947345853406678876160000000
[9,7] 1891061309482920647660699992924488429637607429044193562166490114605932089171123856146597937795825664000000
[9,8] 545385000018125686932044445500305839210085275717565989047695890981721213864875905828571506029048627200000
[9,9] 123424541790375542369162775159959576711243523477843377007473098033081088910604635022726158562392801280000
[8,0] 12283204996376676831052487414349224923387823209191093758505500593797519522359949036273375641600000000000000
[8,1] 45954113985894063553666288979626051961318328637315317521292697924452516887240271723539380305920000000000000
[8,2] 81821757183836792342050951476831261323136391352134260172202038873903658638208626349882289946624000000000000
[8,3] 92135609880850072399328454410629933126692616545971871717131630117125660005637958201975330412953600000000000
[8,4] 73527313817614138208952257494048647288555128713011113836703494519953829887559375881763786315530240000000000
[8,5] 44143888246912329090513949330349125243217472604824049148021652898337554348059000448453015991484416000000000
[8,6] 20641940619002563962530876782097511379914513782128242043872877229623339024515494448172141385770598400000000
[8,7] 7669524356985128039672948619742001548670870923615941550637685051454838492990141031747560551890288640000000
[8,8] 2285196964559186442252729668221857649122373766255820690785999690212838164253642854323307601264115712000000
[7,0] 42716611404757892490561366070830048740978307925241893529349284740609171463131194538843963392000000000000000
[7,1] 156216862201541394787996596635663625259800596435166383999947716970406359221061759042855947468800000000000000
[7,2] 273136109823671729941817435490431638171960568216224873416957821276695878390717132307850518855680000000000000
[7,3] 303402836163008328505842714051324631973374023918843261712855715536643674553491343652755364380672000000000000
[7,4] 239985765050233829704341317281120334531372506570153738253808203680476845409224216216188749034291200000000000
[7,5] 143556886926611559176286658654954664747903487457977180245071510972431563479131941093763533892485120000000000
[7,6] 67290327164160563474643134737436467006344725916573097634307890230672223920110492288949852817063936000000000
[7,7] 25247848217309979820778108254584390935420974286880810900756241451026060369081635263497690165962342400000000
[6,0] 124875784681542372192428832614225418872126063005776804288582898240830610317508158279343144960000000000000000
[6,1] 444610519103661513736114574975967973984707811291160347166657900241665831174670457751979687936000000000000000
[6,2] 760025488510855136484952425591537735337098314240622533260706740664994452459904712956220276736000000000000000
[6,3] 828919334277583017483199402546061363106962341815299448930959719743824689946090176870849215201280000000000000
[6,4] 646591691535043985845395922801045513584873287393136128151533340814100853289332648466981563924480000000000000
[6,5] 383239407506332387792149574063935532890576835917756038560410704507092881975971566360739384288870400000000000
[6,6] 178936025578863576944115178088155467928733498314404580722234273944596209428461569809650622136320000000000000
[5,0] 301063263310603382589306809335651104516681225132955200599444835575333555309678834557858611200000000000000000
[5,1] 1041197085501451561342137537260792311630876131885807636076606196829244363655477087605662679040000000000000000
[5,2] 1734588943124841224359982866248386485980039820724601652170600508130770400617565460287247613952000000000000000
[5,3] 1850466326203831654887591245498220730750994986730417985705308294671510596494739659480603662745600000000000000
[5,4] 1417420318096727011933919507305724927783250712255848267955476060333719263276424453340693643919360000000000000
[5,5] 828463142974887010731740885145022038870529430036988024827110810230455280544906652465530675396608000000000000
[4,0] 582036957747140822568391515956809589614081692286223471142916240021027733648577146705149952000000000000000000
[4,1] 1954149758767548936575018274835800709865867863256829959876714702525329412144782416547518873600000000000000000
[4,2] 3166677071312113941585948020901147124592636204532111751091460848114999500254779620326878740480000000000000000
[4,3] 3294831355415558133715946571732805154270824031745278912457074132375639892000407709849040715776000000000000000
[4,4] 2469399359545901317866576809271849597890253090479728656365551831081241670474759108403937253785600000000000000
[3,0] 865580770111023408428977091167336483553981154212993344754206273836847681458143970197504000000000000000000000
[3,1] 2824301267638881863280363744621221637245655609331935067241925524280438805370805286468583424000000000000000000
[3,2] 4449182254147579714868806381885424597318693996158667302649380139037226988657545457933746176000000000000000000
[3,3] 4506211380241135695483670247001966146774890740757071933236544545732883218038821779498703257600000000000000000
[2,0] 927185090175350765078724292115272253713483190494235905504521789291844180198113316700160000000000000000000000
[2,1] 2947274691673134227203660565428376474376934527703976791857082298676596186516241017470976000000000000000000000
[2,2] 4516774841665584304997359926178782729159593964634888089676361456295594633205010585224216576000000000000000000
[1,0] 634976195082257887141408721454783853717747658574485392311278813129861470134751723520000000000000000000000000
[1,1] 1973042518396773106898844995928331276274679593189682400897856761465544774989934692925440000000000000000000000
[0,0] 208235378116502703688620960122554529539686851161805456345346219530420752613166284800000000000000000000000000
