[54,0] 1
[53,1] -26175534
[53,2] 20070402944
[53,3] -3474183194536
[53,4] 259351168259968
[53,5] -10747795329583448
[53,6] 281861433247890176
[53,7] -5068491333787866072
[53,8] 66037098159835055296
[53,9] -649474019386384981066
[53,10] 4978298969388645826168
[53,11] -30511080537130915445348
[53,12] 152655029857091602597312
[53,13] -634189140127056409568686
[53,14] 2218408248007208747849312
[53,15] -6609526124714846618890220
[53,16] 16932380265892080120857384
[53,17] -37589661951388310264248540
[53,18] 72777134483065338422414488
[53,19] -123524956374779460080648572
[53,20] 184571279294309650427622560
[53,21] -243590553661142274904848758
[53,22] 284677120533237813160631968
[53,23] -295164389434414740601087404
[53,24] 271875427677075767324628456
[53,25] -222654318382764218815551650
[53,26] 162189996043634091362740800
[53,27] -105092197911172326658647856
[53,28] 60557050842412459172824032
[53,29] -31016985645861860281502833
[53,30] 14112027636590770202727404
[53,31] -5698874570089282070926818
[53,32] 2040833575324862476583632
[53,33] -647462399501961574510997
[53,34] 181777122569488187292488
[53,35] -45108797280240986200518
[53,36] 9880832279655626862932
[53,37] -1907468750663792411962
[53,38] 323929464350232115844
[53,39] -48284300627782569290
[53,40] 6300045677705506424
[53,41] -717148082385077869
[53,42] 70924252903763624
[53,43] -6062378466927046
[53,44] 444947608336844
[53,45] -27808230742442
[53,46] 1464098281004
[53,47] -64027855114
[53,48] 2281926872
[53,49] -64535397
[53,50] 1392416
[53,51] -21518
[53,52] 212
[53,53] -1
[52,1] 20070402944
[52,2] 41136662180875
[52,3] 968464984828544
[52,4] -85374909321844752
[52,5] -992185564471855104
[52,6] 192149330290472598556
[52,7] -7586196941794620087232
[52,8] 176000595388039786950992
[52,9] -2757828935438538696946120
[52,10] 30336379645510003592235360
[52,11] -236987044429054622927955584
[52,12] 1296121412348731313663125832
[52,13] -4360109492349547108091468696
[52,14] -147964051988617363871352056
[52,15] 126662384787900298679368420400
[52,16] -1100573951330323353304037043608
[52,17] 6228620349215272875618699158400
[52,18] -26968474230172628025014430181755
[52,19] 93696890453322089598480943379240
[52,20] -266436179422700916720462000208868
[52,21] 624697379133963132909557005310648
[52,22] -1203825023472384774543656129477898
[52,23] 1870676938567974854571353372304264
[52,24] -2216599365244796677833466921173944
[52,25] 1634579824805482386288141189625232
[52,26] 305656853057249874537389114318143
[52,27] -3347934292525749451071862165725640
[52,28] 6368917926606491091830885455625920
[52,29] -7900813040985557056798804517967548
[52,30] 7126563237905568874539692595523764
[52,31] -4530489386131290703763975293237728
[52,32] 1559739256004887152803082502551504
[52,33] 439866552661768808020032009835780
[52,34] -1058342327517342319068929404746320
[52,35] 776478830945925915169295973685760
[52,36] -303282875050777981928221415503800
[52,37] 27796061215588505650646705899536
[52,38] 37597682290042543510889545378972
[52,39] -20339340001535916292780754996408
[52,40] 2815195746088118835145085926044
[52,41] 1087170886572407755728162255940
[52,42] -378709681638813097808723627603
[52,43] -29074548535407853940500251680
[52,44] 16260992964248754865458629748
[52,45] 2713837708966166843560302088
[52,46] 165909254481116674230243208
[52,47] 4738469054196570083412176
[52,48] 64801633297986196601664
[52,49] 397965640278787070276
[52,50] 935277175672682719
[52,51] 594814415622536
[52,52] 40349633308
[51,1] -3474183194536
[51,2] 968464984828544
[51,3] -1205335458081352526
[51,4] 1669164698302384328
[51,5] 2254823600061671322148
[51,6] -86199775447868593387872
[51,7] 972021418759931884436310
[51,8] 27864043100081839266626352
[51,9] -1482686801135702647366350512
[51,10] 36478839652882411739239185880
[51,11] -590312624702789596210184013204
[51,12] 6499102656130224026994626126280
[51,13] -50140458247496022572278295702552
[51,14] 318664138233653508736245328281632
[51,15] -2258435208189161648084786804752058
[51,16] 18085379504241823455547408745232864
[51,17] -129843950139444918461305276087553556
[51,18] 748638922656473064136133172217130192
[51,19] -3424345788036011359607355985547291724
[51,20] 12621653703200080583382954262059432592
[51,21] -38650084948865476439854707053287803652
[51,22] 103087909922907865594117667210218658160
[51,23] -252567781525016782739687371017753708115
[51,24] 586590322857136713828372713652357767676
[51,25] -1280773063503326012906243754944105216902
[51,26] 2546765390454232379257572448207256028504
[51,27] -4490979974622512222985475755227078877989
[51,28] 6959038946497246372473840924535777831912
[51,29] -9529592157305739699064158627353308246520
[51,30] 11679187936116182017203135612256318331924
[51,31] -12944618329911224657462291989613019155186
[51,32] 12993923756026236158077290601738542264780
[51,33] -11725316364736667447642395387761396876504
[51,34] 9412017191295945639149243297661102327648
[51,35] -6670961178824116700495784026171730266499
[51,36] 4161628880389481597704400358767441088400
[51,37] -2278192511142145486741099297214645815766
[51,38] 1084960087234372688267027823412569047404
[51,39] -442580881857913879089949530902632742986
[51,40] 152069502821838303103102598553768769108
[51,41] -43245228381945963382879282293156390240
[51,42] 9900529242574141150099052726649146408
[51,43] -1755578506046514018096148620111105961
[51,44] 229221228564667883638478086897544728
[51,45] -20496735969700457954009946370123350
[51,46] 1137170351845318954020103295551380
[51,47] -34229529161157084480008433042467
[51,48] 453659944146091581953842529960
[51,49] -1959544028113735114004551206
[51,50] 1878633152196575409268768
[51,51] -216777409974758069110
[50,1] 259351168259968
[50,2] -85374909321844752
[50,3] 1669164698302384328
[50,4] 14393510828954496905581
[50,5] -317733658946413010889184
[50,6] -11756163667417622719652888
[50,7] 657858219127341287417758312
[50,8] -20974149565355377379036180480
[50,9] 511365740201698581118913039664
[50,10] -6364972322055032733388351428704
[50,11] -13002940283666203788914605828304
[50,12] 2247615732225801656305243477835130
[50,13] -51283368994728111434102147385426000
[50,14] 603294093977754484891810656416652904
[50,15] -3058314737601487538321506400585743176
[50,16] -7403915833584025712423552133055101932
[50,17] 193731786209966163098750944505270682896
[50,18] -1396022852621186295344022436655492846780
[50,19] 7789545318900227633090385941304530366472
[50,20] -38582801509287563937159553024164051330883
[50,21] 178985789949562652924013620961787518800040
[50,22] -629382045604540238669863795377977950100284
[50,23] 1549600273791484853126463523257500002899564
[50,24] -2406721786636561728702066367547173623229192
[50,25] 1510201729029719655599476123255744121655464
[50,26] 4094597318147117105500937217603045017618128
[50,27] -18735940037601265603328670182616693646200572
[50,28] 46109481776193248327629376138960577842305329
[50,29] -81216422839124043729352165662597406571827808
[50,30] 107374524580565745912368315472793410893457104
[50,31] -107967251920423534081092731641036936873674320
[50,32] 80867137703642709558188140888057040136739736
[50,33] -39203739806055633282189465693932632652059832
[50,34] 2521844379544391091742903774623368050565144
[50,35] 16220081754882052640536239354071746441464204
[50,36] -17643996542453220166504571321908624572105856
[50,37] 11098104998503781074220396315676916241928896
[50,38] -4737435983343226150662256683500459450003628
[50,39] 1373952069287055968878625930102412194739848
[50,40] -244952402107452561567723759067549859036276
[50,41] 16388532340263706519952105997242217341040
[50,42] 3199294615527597362658039024050334208784
[50,43] -930065035213767434739085471692803325284
[50,44] 104518770612516542430661567904036578773
[50,45] -6410411145848043374729607683449357840
[50,46] 228518103322088800678070611406497624
[50,47] -2584223355038325029381464601603340
[50,48] -275899404584790337576083226882830
[50,49] 12358120941534242912494660586408
[50,50] 25318905765828661806720524592
[49,1] -10747795329583448
[49,2] -992185564471855104
[49,3] 2254823600061671322148
[49,4] -317733658946413010889184
[49,5] -58993470159025210126549120
[49,6] 3331126511090461413302315576
[49,7] -34009315182055166406321585920
[49,8] -772802025343311340514289263952
[49,9] 14465743219715876352162669082360
[49,10] -414155162270932801836098997860296
[49,11] 43200693672315795030332478401478496
[49,12] -1329589233669474266818841542879695512
[49,13] 18795652768647141844126859415778194072
[49,14] -108990933881718678850362511552977538416
[49,15] -1565932930713766963434269694721151274792
[49,16] 45876759472981224232404412916410166601880
[49,17] -457954693589008148233812093103800101585511
[49,18] 1989250746903423703909194528450157387057228
[49,19] -2847471542716836881382514203803291901938582
[49,20] -2668844860276628545295428069222495556855416
[49,21] 56108602701975017587048474068348268052544409
[49,22] -433674295272353945428261519800970385666908208
[49,23] 261080865858651878371580829976524726824207188
[49,24] 4921613214599156256113378995632966856630358036
[49,25] -20120504398506110693297703187689665348237612882
[49,26] 46839334918772426765718978868661682065330002164
[49,27] -67845668182350489145059352906983634615728058288
[49,28] 52413791826593243414902955359136299946751408864
[49,29] -762690705370156013570594250527032823686136242
[49,30] -37625363834180576761928755177079931606799796852
[49,31] 12668334629908668696904731322051755585268043480
[49,32] 54051885878497803966018638703470382959555721500
[49,33] -97333022953230110283510969586597529183247554111
[49,34] 86295144862605184847597339014880330158692230556
[49,35] -47343691019124055304082807340880761549309251778
[49,36] 16697445988559973358033281686002908518059517244
[49,37] -3711244970597756750565695909242840960361261837
[49,38] 574356401302445920903745651266936446261869804
[49,39] -138470417034947983297601667225021354450013360
[49,40] 53467478071980788524569817408059068567800156
[49,41] -13311265176592950628090279230615402132794156
[49,42] 1888598931834390211156711241219736916570488
[49,43] -171568107735734878643053952891395796418708
[49,44] 12248113956774893371246837423543071281892
[49,45] -638026483306139483389046214776775860190
[49,46] 6567086666592463597823447860045539604
[49,47] 930019960193368527701171047256285012
[49,48] 3477769826933726047430742440982320
[49,49] -1978410999224520113188938931200233
[48,1] 281861433247890176
[48,2] 192149330290472598556
[48,3] -86199775447868593387872
[48,4] -11756163667417622719652888
[48,5] 3331126511090461413302315576
[48,6] -177504729156681080204492540852
[48,7] -11048968433706546756504975204856
[48,8] 864696243904375285820304743143828
[48,9] -2454276965635156404753880599565800
[48,10] -369150215197840044445484082028293318
[48,11] -6100564070883762022157244254855058744
[48,12] 457722533967180547538774343223394372304
[48,13] -5775016513419696857695547562876814323904
[48,14] -26199706428064291273457333295398753166265
[48,15] 1347844240278809757060346650995978831905336
[48,16] -17325518852583359166786143806220630311744608
[48,17] 137454092259043299350193120769009206329044076
[48,18] -388280071031712588338177035381312609336862510
[48,19] -4351905578014321210941013717535635107699486896
[48,20] 45004808381350105765834648074644915621090312132
[48,21] -152810970866747875482500620174784169350194291356
[48,22] 156500521815204336765802777997249263197543754756
[48,23] 181155598402054884908101840029013954664326691392
[48,24] 1368796428752454043689088441234188582697921100572
[48,25] -8091241408622517040392543400761819807308739795104
[48,26] 14799225476212106636711889073307270214480245049766
[48,27] -4321952805892470997870455538627422895693591560656
[48,28] -28083403983030434520125500740686822735429401963720
[48,29] 64441264503875845622958852152613897763010521489668
[48,30] -81015161878804594532941456100570185833893997166859
[48,31] 73602485276094274846360820666150446570027330455704
[48,32] -51448417364985290031310016516145628335322522892680
[48,33] 27124458318983482638124969908468542802396835345664
[48,34] -9346700003763383482211405075552432387607362685436
[48,35] 1389798570664822308013850536330187750745767796560
[48,36] 323813025337629896025701379707336346814932789612
[48,37] -334424014190948138872734119619891409161287224540
[48,38] 178787384222903965672880778006863267402268271671
[48,39] -58492933439670425605738736157179607257595698864
[48,40] 11198566919143424286904113140404763206570724200
[48,41] -1352257283950203883550719921893250268478607708
[48,42] 134886383657331987932214164696493462421202006
[48,43] -10956806905714965263112029198933191247942848
[48,44] 298629452774785528285241182592588707974504
[48,45] 20114845081833737219938135243253623226408
[48,46] 541052573653926626614044469172336681570
[48,47] -206312055786191882539998378666850776216
[48,48] 6931946019787109127653240503443726344
[47,1] -5068491333787866072
[47,2] -7586196941794620087232
[47,3] 972021418759931884436310
[47,4] 657858219127341287417758312
[47,5] -34009315182055166406321585920
[47,6] -11048968433706546756504975204856
[47,7] 2625727853769387032328873852201636
[47,8] -37398806165547396154786808963126192
[47,9] -4633967130968329094291802202733041636
[47,10] 90927307299942044247754204792454114328
[47,11] 3053476188323329829975761060189711983215
[47,12] -98871646084591418311150913382850973435412
[47,13] 281479693812033998552079772307570789078886
[47,14] 25359315144526937375930509611839882009149448
[47,15] -473195576256729991800707909137344277371793543
[47,16] 3482070077412396262605391700867246760400952560
[47,17] -6494206058824126251413549455473003729235759360
[47,18] -75052974427316868933474184925025737510205743892
[47,19] 864603049202334894205495351470584751896881502657
[47,20] -5175324096093565224502642094172130029303713556056
[47,21] 12481858483055769364692808095668019598880710747846
[47,22] 29775228702087639962373123778699143671875675457752
[47,23] -344434885914488866056269417410242242946479905999939
[47,24] 1256495302451183884969086186895368244218591412578628
[47,25] -2922035799459095650174822340460665910220718848279042
[47,26] 4756480601864802704995997201995655130040863966162880
[47,27] -5737649900584085719207036587494045397211923469912686
[47,28] 4616812390824536692742469064098675744918357844768948
[47,29] -1837456930573498666904610106190116325847600867192872
[47,30] -315087035093794549044414978494809908773573235356604
[47,31] 85518583665372880695364280189135215719552082881951
[47,32] 1095007273129932871023700025253610223849653671867156
[47,33] -1458541110843546327470867298165344738095270354299654
[47,34] 997741787628218944977927324822098071085739269736908
[47,35] -550830006132952467978911603924963545390555629194684
[47,36] 269696185879902428866485867547457763396063486858752
[47,37] -94478616956221666755665418986294502554648878880624
[47,38] 21854020970281613698125225610756060987700015573468
[47,39] -3351989240489967318205454432587667388467355025466
[47,40] 444885446797681437358408371093237019018243632476
[47,41] -60742796250800782934007725491597894649797371154
[47,42] 4082913857690122525041711120959588775092205304
[47,43] 29812044182406051607591411437887451927751920
[47,44] 14447624154381426717219371203740476639119716
[47,45] -4720935995010533497919591517241512818192964
[47,46] 269448852698479379192367523588526890829780
[47,47] -743325377976934368658093758061644120648
[46,1] 66037098159835055296
[46,2] 176000595388039786950992
[46,3] 27864043100081839266626352
[46,4] -20974149565355377379036180480
[46,5] -772802025343311340514289263952
[46,6] 864696243904375285820304743143828
[46,7] -37398806165547396154786808963126192
[46,8] -8709866521273775214575861579675183770
[46,9] 413618549220962303734093699332796170384
[46,10] 4144255153137429514534907574961912824060
[46,11] -439938731924345434834509491465273001386156
[46,12] 3283613652065391709695337728017252077137816
[46,13] 179535797518273487657747894327888028309858384
[46,14] -4734883917510078665824899478998542389767881776
[46,15] 53170723861653196548209212614805751276698446612
[46,16] -304902216079754164648362686198437719430149656217
[46,17] 653436506291849397611578819155513368519921021440
[46,18] -2982090319617499923370000336897158334941952675376
[46,19] 73903330709876183087308475291858321022520540669468
[46,20] -570643170852953577837562805286600627364250691628996
[46,21] 2438575356917836236000891777521055900795612690326352
[46,22] -6941356970006650053873755204847419736015378969299228
[46,23] 10167364098668938046854498907855787651494983089678184
[46,24] 18499349371077333162561460947660547341721499709439916
[46,25] -139781645373650181334749237297614249890642065720017464
[46,26] 421035623956843452711470248049878008325370964311614912
[46,27] -808814594755958461794296712251938156889298676548831996
[46,28] 1104067863559209981134220862231434807176242421226773294
[46,29] -1111156210012677346652267829011674813980817689308931908
[46,30] 871457796793401252713962926106646680558491468080164504
[46,31] -574965263822489567635462568301359776334659869753277460
[46,32] 362526421527571030432700218180097210019116415678365205
[46,33] -225306968862513479598906061336431119250514477818936348
[46,34] 122832400648038854911553151978994398928888910286637420
[46,35] -48387836485313350726678140845293946592217427774366692
[46,36] 13703585693504266394008572539436085941343910277735504
[46,37] -3058557355592500369369782951927130307262803825839488
[46,38] 624246111471271727078412080466603298968413864443832
[46,39] -118111627966691907162314747850614458529032028951776
[46,40] 12866602034032971091360333332085270348147350898882
[46,41] 104025114114213705486744535070108070318694617556
[46,42] -10433550075330488061477136494327245829113341372
[46,43] -21641314828597684669973890200615850819154710380
[46,44] 1840023437441478555471908438642269250602745598
[46,45] 55721355396373302716227881158601324486485656
[46,46] -10199232111800575423459091167897460678716132
[45,1] -649474019386384981066
[45,2] -2757828935438538696946120
[45,3] -1482686801135702647366350512
[45,4] 511365740201698581118913039664
[45,5] 14465743219715876352162669082360
[45,6] -2454276965635156404753880599565800
[45,7] -4633967130968329094291802202733041636
[45,8] 413618549220962303734093699332796170384
[45,9] -904283574657121358001843053049050857320
[45,10] -783408835421243685489671539028376613370760
[45,11] 14908587298584932206802085985851300715589386
[45,12] 484407053246386636810191231502710877950747384
[45,13] -24221012738610540792184583176188037749022702934
[45,14] 444930401392897824670315556596178760412169267328
[45,15] -4849241599941065319898309850382009118293117903194
[45,16] 39303331850387825772402654309789545273603378099320
[45,17] -268765332632778795371457558484598308159151630836499
[45,18] 1776049244373387592068004290915352422842756824324852
[45,19] -12526885861975449785697914153849825370782925657587164
[45,20] 70535556950387369927399774459986760766461639918072712
[45,21] -278901175509358857173078437608228951630302358421266140
[45,22] 874237135068752248449166521440911915689469742689551892
[45,23] -2303803594513045259548659151069478528867640841797425382
[45,24] 4878810422940822040349509786619579019955730989794750588
[45,25] -9381895987965189958040715562021594029507721472266382181
[45,26] 16646053757512176733337129774344126141333326356862025988
[45,27] -27438823006715848628051998632114831947355588383059928716
[45,28] 39639257998530913501642628857447805963189721720756695676
[45,29] -47971709427174701800763708575871065940860995539067523401
[45,30] 46450337385806494581016162839497064193327320795047948236
[45,31] -35122437557218849269744171744081316030612995010937299246
[45,32] 20586861940065429067396635416784267726219832223229455324
[45,33] -9582563872722763174536618678888772883195442999375964117
[45,34] 3688799790031975529586867188456684141886392301600808844
[45,35] -1303684266417997492007597812937927817599666095971631320
[45,36] 381535550207588702161401448696943202185579512905080564
[45,37] -91628873432188702091767215620011675542070605109105355
[45,38] 12684784741290088765990154957513280104529791545817852
[45,39] -681380682444223510234099802683473095096683442140988
[45,40] 66843289995688948353075202414340992663923573321612
[45,41] -49773714185971882319419357633353927011125364203450
[45,42] 5085831595143937263679679390678687691124993159968
[45,43] 417687845030878334976543457697270357199036727250
[45,44] -85827098089831156393911915295799616376119333268
[45,45] 3440629792220318200920977545519948009452315269
[44,1] 4978298969388645826168
[44,2] 30336379645510003592235360
[44,3] 36478839652882411739239185880
[44,4] -6364972322055032733388351428704
[44,5] -414155162270932801836098997860296
[44,6] -369150215197840044445484082028293318
[44,7] 90927307299942044247754204792454114328
[44,8] 4144255153137429514534907574961912824060
[44,9] -783408835421243685489671539028376613370760
[44,10] 31473288138517475176810550948506246990752578
[44,11] 527674789410434355380201526562951960263604472
[44,12] -61136012545343382381655077592418071232571787328
[44,13] 1822930528522038803159657758447694152607660520608
[44,14] -30834840641460409684445784169162321830706007316220
[44,15] 360894789706754886155064712765006888598696413514328
[44,16] -3376910445331918878627580573903236877675155171282388
[44,17] 25507379821686601873361662723458317634516599025292664
[44,18] -144053145828484491398692197797864830089346633384185842
[44,19] 650428802270262831018724852506694745656747772569627568
[44,20] -2496322758170865645261389340432529586710618991752279004
[44,21] 6998826158355532165617053038465581981919264350391206276
[44,22] -14159701883154218929295391002381933128576271159361940182
[44,23] 22101957870960276053935567332579031520732724686623311940
[44,24] -9800740716610920527461615134525521941930588265959175072
[44,25] -52291590284678357732464394153107847905134821289611661828
[44,26] 204285428075049962479658854733979141954454209383741131804
[44,27] -443254483130293119269116675350249316516708392932098753372
[44,28] 712234706151162318510647471095885683076237087335907204140
[44,29] -891681942599366928144025340188299822247688495444707734284
[44,30] 879689044125387041674881417139237101414262518200781523890
[44,31] -691182127797611577721040653494357176642508766998841580784
[44,32] 430833829807141086438266939701113214743220490435034011400
[44,33] -212289249622756439632933513487627992586061428760400380536
[44,34] 82448129588857607533186425334113476961586825332609027654
[44,35] -23839681610568046187104280341160757781697545492377494180
[44,36] 5501498778487114027091354599583399743274951634577492568
[44,37] -718956791268098855831740391043932020131504859096183048
[44,38] 200599826778769335320773231497288481347049105603609614
[44,39] -36155690243747340455480713562137546820594371011496768
[44,40] 2100457793128275917750826576058642949385976669632460
[44,41] 973074844078024084961670971646446178236487141755312
[44,42] -162782499587695544850261450370025713092516606115628
[44,43] 3842329431794397357455990880046078730865125250580
[44,44] 972996862602190912250322233985471138597297552488
[43,1] -30511080537130915445348
[43,2] -236987044429054622927955584
[43,3] -590312624702789596210184013204
[43,4] -13002940283666203788914605828304
[43,5] 43200693672315795030332478401478496
[43,6] -6100564070883762022157244254855058744
[43,7] 3053476188323329829975761060189711983215
[43,8] -439938731924345434834509491465273001386156
[43,9] 14908587298584932206802085985851300715589386
[43,10] 527674789410434355380201526562951960263604472
[43,11] -89936374493296759688546673264632352305786212902
[43,12] 3829481632098323012600245784423382967390740044932
[43,13] -90101180528083064665697973446949675934927758350576
[43,14] 1401435829191150691692335376109532704968621356409772
[43,15] -15832446562412928746064357982300678430536290475557757
[43,16] 142458983400532208759519484732736974297392708656256636
[43,17] -1036977242597745298663618445491255554464301321379334590
[43,18] 5561811943618903416609632370361918157652153980188907708
[43,19] -21658044765303217814233106478320136398256709651723627646
[43,20] 68268971054723966336049744735451337399545458572787541736
[43,21] -166625666457359387912378360402084756333785058110844357678
[43,22] 303609429530207529628253100398638694494806023792683015444
[43,23] -536727751927328373883561806991439911339579039640936871501
[43,24] 826431614821465022768607981997461044409085426470368513624
[43,25] -1421435621259506955207966693177063956365688196236636572706
[43,26] 2459915562845813002836003297087153599880218221536339221944
[43,27] -4127153480175240804912397480283791568129601351060249828989
[43,28] 6024365781137488934134053397074262126689248653521348204060
[43,29] -7302006397393027253012693042133399997360895791273663726730
[43,30] 7558743350594535707353150714071957019515718383695532230440
[43,31] -6420633063363391299183280804469184858156544975880822636064
[43,32] 4436046617778733558664010069425863808939858359187551055756
[43,33] -2354210451222474954852310118203455503758518225058900856712
[43,34] 943327597471329398155772219882163826448198614748551929452
[43,35] -297460125901529985457161413714140062209937126266155738778
[43,36] 66463694872870867523580035914697892987027073891737528840
[43,37] -16008283862922903604037355036559725692848890557747888620
[43,38] -1232178659384182546122647872829701348169105483169303700
[43,39] 312483278445325017066056292593404962712325816410490986
[43,40] -21474333237602304547275989916450267803222505953596140
[43,41] -10571957690328229090573993799028855376297944574568160
[43,42] 2037619392637292632240802745495482213894706818731384
[43,43] -156236889995464394323322966192918602884970548205414
[42,1] 152655029857091602597312
[42,2] 1296121412348731313663125832
[42,3] 6499102656130224026994626126280
[42,4] 2247615732225801656305243477835130
[42,5] -1329589233669474266818841542879695512
[42,6] 457722533967180547538774343223394372304
[42,7] -98871646084591418311150913382850973435412
[42,8] 3283613652065391709695337728017252077137816
[42,9] 484407053246386636810191231502710877950747384
[42,10] -61136012545343382381655077592418071232571787328
[42,11] 3829481632098323012600245784423382967390740044932
[42,12] -124909809613954774652336997311530271134962110507106
[42,13] 2539626573514259624527147075278689095956721368795248
[42,14] -35643396177399107845461422043742826825087109686603152
[42,15] 359641296450461223263728180049524697991367908904691576
[42,16] -2794795064941944008401588994851928322972867306885142878
[42,17] 18079163778218288217196173090763564383882154712522672540
[42,18] -91112279502831952678152238313448139776854540336880205992
[42,19] 323279412545796082772359727646723138620499399248620765316
[42,20] -853916093507322658170558767273361245014600478823278442968
[42,21] 1630972056174101376067095590249778500555720466690635152004
[42,22] -1566734425113477850444015539944595407693018184569282129576
[42,23] 439848084440011839628269731786789354905545427849979413944
[42,24] 4654951799686597571602343945299170232082144965244542368748
[42,25] -12880961455640533515239812616643524417806074795527836933624
[42,26] 24044418829181098232041230773151909501249757463996809844472
[42,27] -33487068846833974249475121966604061244683536709407422029796
[42,28] 37974040171191870999848330873154446886339945519866111794898
[42,29] -41902367471244919844375275972788249999766285321149870657972
[42,30] 41401515153455035812293773339080654856639788713311576958216
[42,31] -37227514689320681513379114454673123920400199744562409584284
[42,32] 26001137671438469219836686109432936210149301129212448653110
[42,33] -14635308913776695101862603462850580458957710512854093310752
[42,34] 6190975556088076965706524824938858620370399260220893504068
[42,35] -1734174538437102162721805739112065119515361068088191266200
[42,36] 393073472883192181805160495448070373434462115040740037588
[42,37] 28667646189752695567735557404816066125423031446321889628
[42,38] 38965595262047569732904214734602442078964832463514087320
[42,39] 875665332283429786351338879958754637951754185965799000
[42,40] -901026668328759314522563509834246341624494651125241062
[42,41] 226018272930814419809320117936480965094950007793971844
[42,42] -26543725482940845388330576091199938014611617500558816
[41,1] -634189140127056409568686
[41,2] -4360109492349547108091468696
[41,3] -50140458247496022572278295702552
[41,4] -51283368994728111434102147385426000
[41,5] 18795652768647141844126859415778194072
[41,6] -5775016513419696857695547562876814323904
[41,7] 281479693812033998552079772307570789078886
[41,8] 179535797518273487657747894327888028309858384
[41,9] -24221012738610540792184583176188037749022702934
[41,10] 1822930528522038803159657758447694152607660520608
[41,11] -90101180528083064665697973446949675934927758350576
[41,12] 2539626573514259624527147075278689095956721368795248
[41,13] -45959989912265712104680280871775135526114041919993164
[41,14] 581823066697996579294291792533006318360416878988072592
[41,15] -5073111048849440461951041679219890132923354847124827050
[41,16] 30298327929696951558280112139826643733299200771135119432
[41,17] -144298862895934550373191667658070268734516041292380347795
[41,18] 636129515433474782930970099830382219427371112854547076540
[41,19] -2273958270185205337622098030644021026835317377474976261322
[41,20] 6026345649793629624244319884340835047600646044322384524656
[41,21] -11820383946279430191747890094213993307348165852715527550010
[41,22] 10185679984763464709178768268793449575744939374830275496780
[41,23] -19256433380315816107245830648915571221535688062101025902372
[41,24] 34647931231296619663486787919642023771064446980624414438476
[41,25] -81428551418226633336327144687386592771426096234380126112936
[41,26] 127807171724028830215412220183042168457791978261949159081504
[41,27] -160852871259207124012943188947600841058789787566957652460430
[41,28] 211941790128163126720252033164998001094020618561670283340324
[41,29] -244538687965052952276153742823544164665013157911029842611367
[41,30] 267051512839248768992659420865795596231262100256524815980152
[41,31] -221151727169338471602467415705584964308294466603757699822684
[41,32] 161312761077185514706472202320473996139342050715496436146808
[41,33] -89209528043827225801810502412780980632591047983321991554396
[41,34] 35489951866070170517442578793262248293930967010906707424248
[41,35] -9890184181809376951537289325171702598947083158881336892198
[41,36] -503533376564141575576208837081328084236193840842985213712
[41,37] -290442225378965125017394994405691803843449327995167804108
[41,38] -568967317138044678244808147640664065073243310009751332936
[41,39] -17293811964080144878571730032371410542541025273262002664
[41,40] 10110420378881095080368579153860174553346423978925691952
[41,41] -2032708274641440490494726806329790793362621225556962577
[40,1] 2218408248007208747849312
[40,2] -147964051988617363871352056
[40,3] 318664138233653508736245328281632
[40,4] 603294093977754484891810656416652904
[40,5] -108990933881718678850362511552977538416
[40,6] -26199706428064291273457333295398753166265
[40,7] 25359315144526937375930509611839882009149448
[40,8] -4734883917510078665824899478998542389767881776
[40,9] 444930401392897824670315556596178760412169267328
[40,10] -30834840641460409684445784169162321830706007316220
[40,11] 1401435829191150691692335376109532704968621356409772
[40,12] -35643396177399107845461422043742826825087109686603152
[40,13] 581823066697996579294291792533006318360416878988072592
[40,14] -6803180947578722309949836382036552073248667407702314830
[40,15] 53931822903714263148967517542982698141961116454541317012
[40,16] -247193319734595726334486530845906590322683029246260215128
[40,17] 533373207679144637157640213101573027283129845063976811704
[40,18] -484601584905755922893633742697873917107501672251526862580
[40,19] 3706658972406724035771376760651149306742005458541293330924
[40,20] -24115267160512873078536957805132509882653630240930049741312
[40,21] 85372424163889865505605421443654283083232967189656671320320
[40,22] -79031829332466664646491651006805131680416098458726193773950
[40,23] 116382657997261154046258633196018143570837454758494382722280
[40,24] -54959726754433838373965871903818366631961792323777163247720
[40,25] 194100535543151536107101893733490629697540216640202309133588
[40,26] -308158317860148231872431236614051582535460396344959791618008
[40,27] 74093149090188869083369545919219968078801903725819532024180
[40,28] 440121975738332026586824325847203353110082452766196897548704
[40,29] -1078116814830746381987010871682423476264780760172798318847460
[40,30] 1286302502481952811246243178505617851874775655102276193279924
[40,31] -1264687325313564323074638013965971661521762926486197417181844
[40,32] 901909486975693558522567387875130800007119690860495067280868
[40,33] -508026726693120686976610278455329992660393457534373594845712
[40,34] 243974703740315497504220040861891402853474695368066060324256
[40,35] -77008286968755553469621900886167084510944390718599610666460
[40,36] 39367656403857015523803333936018114246823781492605463007704
[40,37] 3487715532966053932395715484843286465675799875397501429388
[40,38] 2426937393683875215875538697736523578640781423519917171664
[40,39] 801659219480078206480787975387326836720772741048445913384
[40,40] -123065720216592228366064510312934674375296360846658558372
[39,1] -6609526124714846618890220
[39,2] 126662384787900298679368420400
[39,3] -2258435208189161648084786804752058
[39,4] -3058314737601487538321506400585743176
[39,5] -1565932930713766963434269694721151274792
[39,6] 1347844240278809757060346650995978831905336
[39,7] -473195576256729991800707909137344277371793543
[39,8] 53170723861653196548209212614805751276698446612
[39,9] -4849241599941065319898309850382009118293117903194
[39,10] 360894789706754886155064712765006888598696413514328
[39,11] -15832446562412928746064357982300678430536290475557757
[39,12] 359641296450461223263728180049524697991367908904691576
[39,13] -5073111048849440461951041679219890132923354847124827050
[39,14] 53931822903714263148967517542982698141961116454541317012
[39,15] -427058665246203674015087036377325021223468212073379830032
[39,16] 2012500904675550745197234121378314858497401745559691769580
[39,17] -2970308669699215632278034711820263031197624374086555266010
[39,18] -16258665497985195060479886760192410349551949636764369204656
[39,19] 64891961464181367287689576225725467459234499006328510416825
[39,20] -43791421269111653567347954454284665768753101085532515380648
[39,21] -429224197280759182462222915381908216879357673205266742037404
[39,22] 695821594153786130462717455627429340750720701141233280737804
[39,23] -1429973651138911448204729951838078997898858320582521545565140
[39,24] -61010895206541231594194886998526407470739590464704876457396
[39,25] 1850559460414518480097704563307996199360048851801405931750538
[39,26] -3059424811345946403465197352574428990006423013445199353168208
[39,27] 1734232340996685821952707771526796327653666201429626416806225
[39,28] 1262982906411232103741113052556067045863417430794751964910536
[39,29] -4351721549129460966033915008439166749840109964930533404567722
[39,30] 6132197459384885731741368955568415610683767398871737579829468
[39,31] -5381802442657618184191179260026609858274782300166187753678465
[39,32] 3303627224634827826071227026802114870861226214349208346263096
[39,33] -1799118478033570087980568047687038526243536361974764536562972
[39,34] 673965444391810903625686352258068222461104583451033744554192
[39,35] -484236980773140985940274392390154222817955179519834801980054
[39,36] 15742232678684391038380451696408136497488314286638125224160
[39,37] -108336875742684009032242955313294197365289892859339411360158
[39,38] 5063784589486852612828139256763621591668155893089291839312
[39,39] -7851192290821943211586016115599978648919577836067125411206
[38,1] 16932380265892080120857384
[38,2] -1100573951330323353304037043608
[38,3] 18085379504241823455547408745232864
[38,4] -7403915833584025712423552133055101932
[38,5] 45876759472981224232404412916410166601880
[38,6] -17325518852583359166786143806220630311744608
[38,7] 3482070077412396262605391700867246760400952560
[38,8] -304902216079754164648362686198437719430149656217
[38,9] 39303331850387825772402654309789545273603378099320
[38,10] -3376910445331918878627580573903236877675155171282388
[38,11] 142458983400532208759519484732736974297392708656256636
[38,12] -2794795064941944008401588994851928322972867306885142878
[38,13] 30298327929696951558280112139826643733299200771135119432
[38,14] -247193319734595726334486530845906590322683029246260215128
[38,15] 2012500904675550745197234121378314858497401745559691769580
[38,16] -13150750329586828662706466685646892330004267583102703137351
[38,17] 43090954600564229429824275568356539485857619995008791172576
[38,18] 28465674461332542737693283870014318678418253534292171262448
[38,19] -501555620552771016751907287598909728655073602333952773260524
[38,20] 1596278938186809058923239246888932149914426489603917919119814
[38,21] -1920029844507177654413615433222742053793527484120367525894460
[38,22] 4945848528813567806164275120192163091361540904556696321646452
[38,23] 1121611221656464359032664352644307699624293976793875304838856
[38,24] -3537920404667840068320699649146300339165032553098231975872354
[38,25] 9261541683201237481695838887538598552267134330158361714677220
[38,26] -4063286870581432466806127058128595770407663655784150484298360
[38,27] -2969182252998511469082251789353612828304116375547650903347772
[38,28] 20444484693889832218452695542390652823756350781622821125478850
[38,29] -30742356023902299295893405935741203691209074749040584618270948
[38,30] 33645382705365327566399339527138050687570486471595998852439964
[38,31] -23205791331974716922311588097200197300976599924893519416483012
[38,32] 15894595146000612516825343720480861597023124561272593499045374
[38,33] -6836757231745677048837217656366933907201201838544521604779288
[38,34] 4313465409622390932247416599292444161147964343356661794840884
[38,35] 292082462106711991657619107799409505421887338774783734634876
[38,36] 1009501520624712769943030680260529599603741028062943305099112
[38,37] 173282383539968797618248537368989527423991348680317188029632
[38,38] 85282060522466261581282939965224888019572824902508135144064
[37,1] -37589661951388310264248540
[37,2] 6228620349215272875618699158400
[37,3] -129843950139444918461305276087553556
[37,4] 193731786209966163098750944505270682896
[37,5] -457954693589008148233812093103800101585511
[37,6] 137454092259043299350193120769009206329044076
[37,7] -6494206058824126251413549455473003729235759360
[37,8] 653436506291849397611578819155513368519921021440
[37,9] -268765332632778795371457558484598308159151630836499
[37,10] 25507379821686601873361662723458317634516599025292664
[37,11] -1036977242597745298663618445491255554464301321379334590
[37,12] 18079163778218288217196173090763564383882154712522672540
[37,13] -144298862895934550373191667658070268734516041292380347795
[37,14] 533373207679144637157640213101573027283129845063976811704
[37,15] -2970308669699215632278034711820263031197624374086555266010
[37,16] 43090954600564229429824275568356539485857619995008791172576
[37,17] -289938570941281249253531957591763021196966182464490437826578
[37,18] 599982034562627221942330404539460395120274765134594846498648
[37,19] 14911748190133267106952021097699629929681953764613503464896
[37,20] -2254731470704804272478060667061664857303673069534199955738056
[37,21] 2442740245134351606895973817355551510342732757990985928623480
[37,22] -33606975429224566368451928040557118011639374567826766590170232
[37,23] 38681357021610070453510507284191592847369475148730733054515392
[37,24] -73178376853337111177255753569590467573751770319795045546434064
[37,25] 52421510574866376401728790235036032409889544849306582535970965
[37,26] -45064183090001315622554729354347381305685886524816513041044796
[37,27] -38445744066352550195907796180382961504835599640920002921278270
[37,28] 70171590316737853105638055510194534646854707256402889639231120
[37,29] -109172006718395204282218826937402845852149365107052201407532964
[37,30] 71712781782875185143238128483775118746789718885007680739741348
[37,31] -77197560366677608097094291078632115898113697904030610472697180
[37,32] 42723990075573353614123773496927061126772821165743400623136308
[37,33] -37500907418955537830318291216053047452153320874135935594889757
[37,34] 6881904176552625735366096481957121608739073778663894578277828
[37,35] -15498900293532917831149917630480365058331022875963336243000998
[37,36] 843314668919476287871282701093589656687467995522372571767468
[37,37] -2316310431792299421336848426868228751768347256792203840337440
[36,1] 72777134483065338422414488
[36,2] -26968474230172628025014430181755
[36,3] 748638922656473064136133172217130192
[36,4] -1396022852621186295344022436655492846780
[36,5] 1989250746903423703909194528450157387057228
[36,6] -388280071031712588338177035381312609336862510
[36,7] -75052974427316868933474184925025737510205743892
[36,8] -2982090319617499923370000336897158334941952675376
[36,9] 1776049244373387592068004290915352422842756824324852
[36,10] -144053145828484491398692197797864830089346633384185842
[36,11] 5561811943618903416609632370361918157652153980188907708
[36,12] -91112279502831952678152238313448139776854540336880205992
[36,13] 636129515433474782930970099830382219427371112854547076540
[36,14] -484601584905755922893633742697873917107501672251526862580
[36,15] -16258665497985195060479886760192410349551949636764369204656
[36,16] 28465674461332542737693283870014318678418253534292171262448
[36,17] 599982034562627221942330404539460395120274765134594846498648
[36,18] -2338555659731388693788105433937181181127787125714725216669804
[36,19] 2892921562370920659844431035241252358035567238594166598738172
[36,20] -13146282493354981958762744954617129420942818796239061525918096
[36,21] 76546301584473803642074601046217939999188993940975194291534452
[36,22] -57343572986916458547848616074729887574274608859840963669899586
[36,23] 165280839829794995069262219445776511594113561539654238265302696
[36,24] -52497759771939944091641168100168975433812560937855804885795836
[36,25] 61364435776295733744564606750863790634826104449572420396648436
[36,26] 259955261955423980088985336211279517242693911261473326101134477
[36,27] -264261886482182184865561487748851527644596685536095698039834372
[36,28] 410064585097787176252029248299780740849896597442925991590780688
[36,29] -188988147751197564132914535693765289375931320303862810784468616
[36,30] 295953811815447142058491771862517885288334067987099623749289908
[36,31] -110707780706827422353443611780094191746119746149510527974991460
[36,32] 127544986286186277510448182426894731790445020251852620930218980
[36,33] 1284932683813305608836749378219967634460891311630654047045012
[36,34] 80483193266905868638354163056503615097257407338924515962328992
[36,35] 9424165703235450489334014890951339018503708837846633857685880
[36,36] 15350372707180550352593097362760540524567546240012963128249412
[35,1] -123524956374779460080648572
[35,2] 93696890453322089598480943379240
[35,3] -3424345788036011359607355985547291724
[35,4] 7789545318900227633090385941304530366472
[35,5] -2847471542716836881382514203803291901938582
[35,6] -4351905578014321210941013717535635107699486896
[35,7] 864603049202334894205495351470584751896881502657
[35,8] 73903330709876183087308475291858321022520540669468
[35,9] -12526885861975449785697914153849825370782925657587164
[35,10] 650428802270262831018724852506694745656747772569627568
[35,11] -21658044765303217814233106478320136398256709651723627646
[35,12] 323279412545796082772359727646723138620499399248620765316
[35,13] -2273958270185205337622098030644021026835317377474976261322
[35,14] 3706658972406724035771376760651149306742005458541293330924
[35,15] 64891961464181367287689576225725467459234499006328510416825
[35,16] -501555620552771016751907287598909728655073602333952773260524
[35,17] 14911748190133267106952021097699629929681953764613503464896
[35,18] 2892921562370920659844431035241252358035567238594166598738172
[35,19] 18688239244807236965676947379296482410488273768737684509170874
[35,20] -50081340995250151130373910173899972989786752250140075671084528
[35,21] -63871073761897665324404930385544991352344344348662256662859648
[35,22] -94745096196336217436562309105550973495128238440269237942158852
[35,23] -335925513673810908921777563892241851750889644685248170796574667
[35,24] 197662129636797543439478175492925260748667809914279336200647280
[35,25] -1093931896059784328914657971808673699629223856854749091858998388
[35,26] 719853009336195354548285448096690828821987051986188716366034544
[35,27] -1276394441679994030174971783598651931768643310777438905816424019
[35,28] 619794411084309791853627080106382213130579086654967938520474996
[35,29] -1500102175413830641614270080444746871959493218495235045424227768
[35,30] 706183317965866094083573901919438683338877930802139882867724848
[35,31] -937526747355421691679159396351808394822367598330110379197089180
[35,32] 349758674342386330324152506645052052029474859476618652998626060
[35,33] -635964285089665377065893906010339030360133866462082450030186386
[35,34] 45085521096100584456826763803980934177409703674635019094670756
[35,35] -158430120130976110305146056769707681376577358367696214637098494
[34,1] 184571279294309650427622560
[34,2] -266436179422700916720462000208868
[34,3] 12621653703200080583382954262059432592
[34,4] -38582801509287563937159553024164051330883
[34,5] -2668844860276628545295428069222495556855416
[34,6] 45004808381350105765834648074644915621090312132
[34,7] -5175324096093565224502642094172130029303713556056
[34,8] -570643170852953577837562805286600627364250691628996
[34,9] 70535556950387369927399774459986760766461639918072712
[34,10] -2496322758170865645261389340432529586710618991752279004
[34,11] 68268971054723966336049744735451337399545458572787541736
[34,12] -853916093507322658170558767273361245014600478823278442968
[34,13] 6026345649793629624244319884340835047600646044322384524656
[34,14] -24115267160512873078536957805132509882653630240930049741312
[34,15] -43791421269111653567347954454284665768753101085532515380648
[34,16] 1596278938186809058923239246888932149914426489603917919119814
[34,17] -2254731470704804272478060667061664857303673069534199955738056
[34,18] -13146282493354981958762744954617129420942818796239061525918096
[34,19] -50081340995250151130373910173899972989786752250140075671084528
[34,20] 194070075878051025226883338927103771745782375371247599016230348
[34,21] -23248359649033608526156297543283780424461781261683256368049944
[34,22] 806173570896776942522835113385977124541484704855902688965583292
[34,23] -187844066405179829958182937970680695953097879527863631552932028
[34,24] 1945551784190400360186954341931239912431191022915776706340356128
[34,25] 121839475163158043937619604784712437628446189914811513823981988
[34,26] 1485136162011055963681366156840493878321427307063407227664761136
[34,27] 159452357598407991012936215588480523050594420922945973693154052
[34,28] 3179732159791119876713049146660054217700314281009734281896418109
[34,29] -341823522703547237715701512021479125295780096810400461965004156
[34,30] 2426871621327290846734198199070438891360623464302948824581294488
[34,31] -905042635952750420463222581294047274656755076934105407481263000
[34,32] 2224656210300101969621359892684370723100075047491233758638224192
[34,33] 97532556419473047899167243394879201023444560117405735155541832
[34,34] 674348621882819240060579438367472413736297274577544126419655636
[33,1] -243590553661142274904848758
[33,2] 624697379133963132909557005310648
[33,3] -38650084948865476439854707053287803652
[33,4] 178985789949562652924013620961787518800040
[33,5] 56108602701975017587048474068348268052544409
[33,6] -152810970866747875482500620174784169350194291356
[33,7] 12481858483055769364692808095668019598880710747846
[33,8] 2438575356917836236000891777521055900795612690326352
[33,9] -278901175509358857173078437608228951630302358421266140
[33,10] 6998826158355532165617053038465581981919264350391206276
[33,11] -166625666457359387912378360402084756333785058110844357678
[33,12] 1630972056174101376067095590249778500555720466690635152004
[33,13] -11820383946279430191747890094213993307348165852715527550010
[33,14] 85372424163889865505605421443654283083232967189656671320320
[33,15] -429224197280759182462222915381908216879357673205266742037404
[33,16] -1920029844507177654413615433222742053793527484120367525894460
[33,17] 2442740245134351606895973817355551510342732757990985928623480
[33,18] 76546301584473803642074601046217939999188993940975194291534452
[33,19] -63871073761897665324404930385544991352344344348662256662859648
[33,20] -23248359649033608526156297543283780424461781261683256368049944
[33,21] -894768370972363461390228694971477309917028138566683068951622208
[33,22] -27130597091461755465433379312172768010084658841626668268681092
[33,23] -2785533373198175803983846505039485744418551301663852421140334462
[33,24] -1849249952905829154909035112993314720262034904847601195518530788
[33,25] -4078738722132261829301432455724733820765978702808529680500405701
[33,26] 1279764720244863571297819286656632585392222262149891364326628012
[33,27] -9492339164940809286234078486527148394913022524659518528937728520
[33,28] 1527574538658022595654031055572105414492917597920685990635649948
[33,29] -10579968276202873205167901337962212742400517489356201967277709173
[33,30] 5593446510322066247558301937749532538361174655886445390962441724
[33,31] -8600343133953343351839928468118733175505555547490508653224155846
[33,32] 423004364647358068921218831604163304992735751293757597604493780
[33,33] -3368991928857613897475976195712981257136506592542399149167049344
[32,1] 284677120533237813160631968
[32,2] -1203825023472384774543656129477898
[32,3] 103087909922907865594117667210218658160
[32,4] -629382045604540238669863795377977950100284
[32,5] -433674295272353945428261519800970385666908208
[32,6] 156500521815204336765802777997249263197543754756
[32,7] 29775228702087639962373123778699143671875675457752
[32,8] -6941356970006650053873755204847419736015378969299228
[32,9] 874237135068752248449166521440911915689469742689551892
[32,10] -14159701883154218929295391002381933128576271159361940182
[32,11] 303609429530207529628253100398638694494806023792683015444
[32,12] -1566734425113477850444015539944595407693018184569282129576
[32,13] 10185679984763464709178768268793449575744939374830275496780
[32,14] -79031829332466664646491651006805131680416098458726193773950
[32,15] 695821594153786130462717455627429340750720701141233280737804
[32,16] 4945848528813567806164275120192163091361540904556696321646452
[32,17] -33606975429224566368451928040557118011639374567826766590170232
[32,18] -57343572986916458547848616074729887574274608859840963669899586
[32,19] -94745096196336217436562309105550973495128238440269237942158852
[32,20] 806173570896776942522835113385977124541484704855902688965583292
[32,21] -27130597091461755465433379312172768010084658841626668268681092
[32,22] 3265369333001008237616135409814855517096862390144917412053319959
[32,23] 1449586213216846958203445819334928762590232568334054144975962976
[32,24] 14263686828921816708597268150066225322170040965448024137524324940
[32,25] -9794519524985594154689751586845825809067682025591010998748545900
[32,26] 27419011590688457122663985536203076813737549441437375978855906070
[32,27] -14751409342864888537715600258018473835620417806911108897828773068
[32,28] 40483531153402340301711581141129171820260921065888509293230948588
[32,29] -21033510534257221645202321143430954810395612860449383503270022016
[32,30] 23817331863891951577475953733573181259108019891521255095820149820
[32,31] -976852372189510640830533256612401318377480773757864253991420476
[32,32] 10362872456837979695959727354486128933412262884822699865321233072
[31,1] -295164389434414740601087404
[31,2] 1870676938567974854571353372304264
[31,3] -252567781525016782739687371017753708115
[31,4] 1549600273791484853126463523257500002899564
[31,5] 261080865858651878371580829976524726824207188
[31,6] 181155598402054884908101840029013954664326691392
[31,7] -344434885914488866056269417410242242946479905999939
[31,8] 10167364098668938046854498907855787651494983089678184
[31,9] -2303803594513045259548659151069478528867640841797425382
[31,10] 22101957870960276053935567332579031520732724686623311940
[31,11] -536727751927328373883561806991439911339579039640936871501
[31,12] 439848084440011839628269731786789354905545427849979413944
[31,13] -19256433380315816107245830648915571221535688062101025902372
[31,14] 116382657997261154046258633196018143570837454758494382722280
[31,15] -1429973651138911448204729951838078997898858320582521545565140
[31,16] 1121611221656464359032664352644307699624293976793875304838856
[31,17] 38681357021610070453510507284191592847369475148730733054515392
[31,18] 165280839829794995069262219445776511594113561539654238265302696
[31,19] -335925513673810908921777563892241851750889644685248170796574667
[31,20] -187844066405179829958182937970680695953097879527863631552932028
[31,21] -2785533373198175803983846505039485744418551301663852421140334462
[31,22] 1449586213216846958203445819334928762590232568334054144975962976
[31,23] -22398020093654867060083146906935296595724971018683771663905221538
[31,24] 8595792722195781028784542882330959404834873096722610054834413932
[31,25] -35856299566944040993265847096966157343845259024138994633242335300
[31,26] 17539360795919254395342981864406232894019491901348972057598128836
[31,27] -61230109410013285954583247965116556605611343304180801179297339182
[31,28] 8017403820733925603285936598476590882285934410514589861952805992
[31,29] -20872403532581594608675147665700528820359488384102157148361256418
[31,30] -13036242004906903291311890802138851090785030725146424474806070148
[31,31] -22343855483602910779309106987984308751228084484446155280274628402
[30,1] 271875427677075767324628456
[30,2] -2216599365244796677833466921173944
[30,3] 586590322857136713828372713652357767676
[30,4] -2406721786636561728702066367547173623229192
[30,5] 4921613214599156256113378995632966856630358036
[30,6] 1368796428752454043689088441234188582697921100572
[30,7] 1256495302451183884969086186895368244218591412578628
[30,8] 18499349371077333162561460947660547341721499709439916
[30,9] 4878810422940822040349509786619579019955730989794750588
[30,10] -9800740716610920527461615134525521941930588265959175072
[30,11] 826431614821465022768607981997461044409085426470368513624
[30,12] 4654951799686597571602343945299170232082144965244542368748
[30,13] 34647931231296619663486787919642023771064446980624414438476
[30,14] -54959726754433838373965871903818366631961792323777163247720
[30,15] -61010895206541231594194886998526407470739590464704876457396
[30,16] -3537920404667840068320699649146300339165032553098231975872354
[30,17] -73178376853337111177255753569590467573751770319795045546434064
[30,18] -52497759771939944091641168100168975433812560937855804885795836
[30,19] 197662129636797543439478175492925260748667809914279336200647280
[30,20] 1945551784190400360186954341931239912431191022915776706340356128
[30,21] -1849249952905829154909035112993314720262034904847601195518530788
[30,22] 14263686828921816708597268150066225322170040965448024137524324940
[30,23] 8595792722195781028784542882330959404834873096722610054834413932
[30,24] 30392670858726319002063327761234182773734048101253823285364587934
[30,25] -3914831847714980036125759219077342309233342217807716194907051412
[30,26] 50950712135151867605761216658410518993051675819667447692200650728
[30,27] 42016954457905276322499217667610462657104435441383037093099371280
[30,28] 20693812840203714254399326507289854629322745195689822769445464294
[30,29] 2133293436580606754543046685096593011753074317251349001928716360
[30,30] 75982784609973378911603342104992949775796656509023970968826029580
[29,1] -222654318382764218815551650
[29,2] 1634579824805482386288141189625232
[29,3] -1280773063503326012906243754944105216902
[29,4] 1510201729029719655599476123255744121655464
[29,5] -20120504398506110693297703187689665348237612882
[29,6] -8091241408622517040392543400761819807308739795104
[29,7] -2922035799459095650174822340460665910220718848279042
[29,8] -139781645373650181334749237297614249890642065720017464
[29,9] -9381895987965189958040715562021594029507721472266382181
[29,10] -52291590284678357732464394153107847905134821289611661828
[29,11] -1421435621259506955207966693177063956365688196236636572706
[29,12] -12880961455640533515239812616643524417806074795527836933624
[29,13] -81428551418226633336327144687386592771426096234380126112936
[29,14] 194100535543151536107101893733490629697540216640202309133588
[29,15] 1850559460414518480097704563307996199360048851801405931750538
[29,16] 9261541683201237481695838887538598552267134330158361714677220
[29,17] 52421510574866376401728790235036032409889544849306582535970965
[29,18] 61364435776295733744564606750863790634826104449572420396648436
[29,19] -1093931896059784328914657971808673699629223856854749091858998388
[29,20] 121839475163158043937619604784712437628446189914811513823981988
[29,21] -4078738722132261829301432455724733820765978702808529680500405701
[29,22] -9794519524985594154689751586845825809067682025591010998748545900
[29,23] -35856299566944040993265847096966157343845259024138994633242335300
[29,24] -3914831847714980036125759219077342309233342217807716194907051412
[29,25] -43081818818026771574993277631950798148382166732753438104845725834
[29,26] -34263554269193300478423476831040101416782022209499099785874286056
[29,27] -130646136685950480327101715942185339642308872858574820023834781688
[29,28] 101781672034777770947623949497708130361563370606923392644945969404
[29,29] -164625112928461822995711457749465210073977078848067184343053598743
[28,1] 162189996043634091362740800
[28,2] 305656853057249874537389114318143
[28,3] 2546765390454232379257572448207256028504
[28,4] 4094597318147117105500937217603045017618128
[28,5] 46839334918772426765718978868661682065330002164
[28,6] 14799225476212106636711889073307270214480245049766
[28,7] 4756480601864802704995997201995655130040863966162880
[28,8] 421035623956843452711470248049878008325370964311614912
[28,9] 16646053757512176733337129774344126141333326356862025988
[28,10] 204285428075049962479658854733979141954454209383741131804
[28,11] 2459915562845813002836003297087153599880218221536339221944
[28,12] 24044418829181098232041230773151909501249757463996809844472
[28,13] 127807171724028830215412220183042168457791978261949159081504
[28,14] -308158317860148231872431236614051582535460396344959791618008
[28,15] -3059424811345946403465197352574428990006423013445199353168208
[28,16] -4063286870581432466806127058128595770407663655784150484298360
[28,17] -45064183090001315622554729354347381305685886524816513041044796
[28,18] 259955261955423980088985336211279517242693911261473326101134477
[28,19] 719853009336195354548285448096690828821987051986188716366034544
[28,20] 1485136162011055963681366156840493878321427307063407227664761136
[28,21] 1279764720244863571297819286656632585392222262149891364326628012
[28,22] 27419011590688457122663985536203076813737549441437375978855906070
[28,23] 17539360795919254395342981864406232894019491901348972057598128836
[28,24] 50950712135151867605761216658410518993051675819667447692200650728
[28,25] -34263554269193300478423476831040101416782022209499099785874286056
[28,26] 229621218976273408597691925495060120571609294531461578987756035302
[28,27] -91868507414083138503726426865336668697797278431045105589925392932
[28,28] 90925066133832343728802704257723214701359064462007276443249090936
[27,1] -105092197911172326658647856
[27,2] -3347934292525749451071862165725640
[27,3] -4490979974622512222985475755227078877989
[27,4] -18735940037601265603328670182616693646200572
[27,5] -67845668182350489145059352906983634615728058288
[27,6] -4321952805892470997870455538627422895693591560656
[27,7] -5737649900584085719207036587494045397211923469912686
[27,8] -808814594755958461794296712251938156889298676548831996
[27,9] -27438823006715848628051998632114831947355588383059928716
[27,10] -443254483130293119269116675350249316516708392932098753372
[27,11] -4127153480175240804912397480283791568129601351060249828989
[27,12] -33487068846833974249475121966604061244683536709407422029796
[27,13] -160852871259207124012943188947600841058789787566957652460430
[27,14] 74093149090188869083369545919219968078801903725819532024180
[27,15] 1734232340996685821952707771526796327653666201429626416806225
[27,16] -2969182252998511469082251789353612828304116375547650903347772
[27,17] -38445744066352550195907796180382961504835599640920002921278270
[27,18] -264261886482182184865561487748851527644596685536095698039834372
[27,19] -1276394441679994030174971783598651931768643310777438905816424019
[27,20] 159452357598407991012936215588480523050594420922945973693154052
[27,21] -9492339164940809286234078486527148394913022524659518528937728520
[27,22] -14751409342864888537715600258018473835620417806911108897828773068
[27,23] -61230109410013285954583247965116556605611343304180801179297339182
[27,24] 42016954457905276322499217667610462657104435441383037093099371280
[27,25] -130646136685950480327101715942185339642308872858574820023834781688
[27,26] -91868507414083138503726426865336668697797278431045105589925392932
[27,27] 28274708041272853951963066400981480960569188106359554943342397380
[26,1] 60557050842412459172824032
[26,2] 6368917926606491091830885455625920
[26,3] 6959038946497246372473840924535777831912
[26,4] 46109481776193248327629376138960577842305329
[26,5] 52413791826593243414902955359136299946751408864
[26,6] -28083403983030434520125500740686822735429401963720
[26,7] 4616812390824536692742469064098675744918357844768948
[26,8] 1104067863559209981134220862231434807176242421226773294
[26,9] 39639257998530913501642628857447805963189721720756695676
[26,10] 712234706151162318510647471095885683076237087335907204140
[26,11] 6024365781137488934134053397074262126689248653521348204060
[26,12] 37974040171191870999848330873154446886339945519866111794898
[26,13] 211941790128163126720252033164998001094020618561670283340324
[26,14] 440121975738332026586824325847203353110082452766196897548704
[26,15] 1262982906411232103741113052556067045863417430794751964910536
[26,16] 20444484693889832218452695542390652823756350781622821125478850
[26,17] 70171590316737853105638055510194534646854707256402889639231120
[26,18] 410064585097787176252029248299780740849896597442925991590780688
[26,19] 619794411084309791853627080106382213130579086654967938520474996
[26,20] 3179732159791119876713049146660054217700314281009734281896418109
[26,21] 1527574538658022595654031055572105414492917597920685990635649948
[26,22] 40483531153402340301711581141129171820260921065888509293230948588
[26,23] 8017403820733925603285936598476590882285934410514589861952805992
[26,24] 20693812840203714254399326507289854629322745195689822769445464294
[26,25] 101781672034777770947623949497708130361563370606923392644945969404
[26,26] 90925066133832343728802704257723214701359064462007276443249090936
[25,1] -31016985645861860281502833
[25,2] -7900813040985557056798804517967548
[25,3] -9529592157305739699064158627353308246520
[25,4] -81216422839124043729352165662597406571827808
[25,5] -762690705370156013570594250527032823686136242
[25,6] 64441264503875845622958852152613897763010521489668
[25,7] -1837456930573498666904610106190116325847600867192872
[25,8] -1111156210012677346652267829011674813980817689308931908
[25,9] -47971709427174701800763708575871065940860995539067523401
[25,10] -891681942599366928144025340188299822247688495444707734284
[25,11] -7302006397393027253012693042133399997360895791273663726730
[25,12] -41902367471244919844375275972788249999766285321149870657972
[25,13] -244538687965052952276153742823544164665013157911029842611367
[25,14] -1078116814830746381987010871682423476264780760172798318847460
[25,15] -4351721549129460966033915008439166749840109964930533404567722
[25,16] -30742356023902299295893405935741203691209074749040584618270948
[25,17] -109172006718395204282218826937402845852149365107052201407532964
[25,18] -188988147751197564132914535693765289375931320303862810784468616
[25,19] -1500102175413830641614270080444746871959493218495235045424227768
[25,20] -341823522703547237715701512021479125295780096810400461965004156
[25,21] -10579968276202873205167901337962212742400517489356201967277709173
[25,22] -21033510534257221645202321143430954810395612860449383503270022016
[25,23] -20872403532581594608675147665700528820359488384102157148361256418
[25,24] 2133293436580606754543046685096593011753074317251349001928716360
[25,25] -164625112928461822995711457749465210073977078848067184343053598743
[24,1] 14112027636590770202727404
[24,2] 7126563237905568874539692595523764
[24,3] 11679187936116182017203135612256318331924
[24,4] 107374524580565745912368315472793410893457104
[24,5] -37625363834180576761928755177079931606799796852
[24,6] -81015161878804594532941456100570185833893997166859
[24,7] -315087035093794549044414978494809908773573235356604
[24,8] 871457796793401252713962926106646680558491468080164504
[24,9] 46450337385806494581016162839497064193327320795047948236
[24,10] 879689044125387041674881417139237101414262518200781523890
[24,11] 7558743350594535707353150714071957019515718383695532230440
[24,12] 41401515153455035812293773339080654856639788713311576958216
[24,13] 267051512839248768992659420865795596231262100256524815980152
[24,14] 1286302502481952811246243178505617851874775655102276193279924
[24,15] 6132197459384885731741368955568415610683767398871737579829468
[24,16] 33645382705365327566399339527138050687570486471595998852439964
[24,17] 71712781782875185143238128483775118746789718885007680739741348
[24,18] 295953811815447142058491771862517885288334067987099623749289908
[24,19] 706183317965866094083573901919438683338877930802139882867724848
[24,20] 2426871621327290846734198199070438891360623464302948824581294488
[24,21] 5593446510322066247558301937749532538361174655886445390962441724
[24,22] 23817331863891951577475953733573181259108019891521255095820149820
[24,23] -13036242004906903291311890802138851090785030725146424474806070148
[24,24] 75982784609973378911603342104992949775796656509023970968826029580
[23,1] -5698874570089282070926818
[23,2] -4530489386131290703763975293237728
[23,3] -12944618329911224657462291989613019155186
[23,4] -107967251920423534081092731641036936873674320
[23,5] 12668334629908668696904731322051755585268043480
[23,6] 73602485276094274846360820666150446570027330455704
[23,7] 85518583665372880695364280189135215719552082881951
[23,8] -574965263822489567635462568301359776334659869753277460
[23,9] -35122437557218849269744171744081316030612995010937299246
[23,10] -691182127797611577721040653494357176642508766998841580784
[23,11] -6420633063363391299183280804469184858156544975880822636064
[23,12] -37227514689320681513379114454673123920400199744562409584284
[23,13] -221151727169338471602467415705584964308294466603757699822684
[23,14] -1264687325313564323074638013965971661521762926486197417181844
[23,15] -5381802442657618184191179260026609858274782300166187753678465
[23,16] -23205791331974716922311588097200197300976599924893519416483012
[23,17] -77197560366677608097094291078632115898113697904030610472697180
[23,18] -110707780706827422353443611780094191746119746149510527974991460
[23,19] -937526747355421691679159396351808394822367598330110379197089180
[23,20] -905042635952750420463222581294047274656755076934105407481263000
[23,21] -8600343133953343351839928468118733175505555547490508653224155846
[23,22] -976852372189510640830533256612401318377480773757864253991420476
[23,23] -22343855483602910779309106987984308751228084484446155280274628402
[22,1] 2040833575324862476583632
[22,2] 1559739256004887152803082502551504
[22,3] 12993923756026236158077290601738542264780
[22,4] 80867137703642709558188140888057040136739736
[22,5] 54051885878497803966018638703470382959555721500
[22,6] -51448417364985290031310016516145628335322522892680
[22,7] 1095007273129932871023700025253610223849653671867156
[22,8] 362526421527571030432700218180097210019116415678365205
[22,9] 20586861940065429067396635416784267726219832223229455324
[22,10] 430833829807141086438266939701113214743220490435034011400
[22,11] 4436046617778733558664010069425863808939858359187551055756
[22,12] 26001137671438469219836686109432936210149301129212448653110
[22,13] 161312761077185514706472202320473996139342050715496436146808
[22,14] 901909486975693558522567387875130800007119690860495067280868
[22,15] 3303627224634827826071227026802114870861226214349208346263096
[22,16] 15894595146000612516825343720480861597023124561272593499045374
[22,17] 42723990075573353614123773496927061126772821165743400623136308
[22,18] 127544986286186277510448182426894731790445020251852620930218980
[22,19] 349758674342386330324152506645052052029474859476618652998626060
[22,20] 2224656210300101969621359892684370723100075047491233758638224192
[22,21] 423004364647358068921218831604163304992735751293757597604493780
[22,22] 10362872456837979695959727354486128933412262884822699865321233072
[21,1] -647462399501961574510997
[21,2] 439866552661768808020032009835780
[21,3] -11725316364736667447642395387761396876504
[21,4] -39203739806055633282189465693932632652059832
[21,5] -97333022953230110283510969586597529183247554111
[21,6] 27124458318983482638124969908468542802396835345664
[21,7] -1458541110843546327470867298165344738095270354299654
[21,8] -225306968862513479598906061336431119250514477818936348
[21,9] -9582563872722763174536618678888772883195442999375964117
[21,10] -212289249622756439632933513487627992586061428760400380536
[21,11] -2354210451222474954852310118203455503758518225058900856712
[21,12] -14635308913776695101862603462850580458957710512854093310752
[21,13] -89209528043827225801810502412780980632591047983321991554396
[21,14] -508026726693120686976610278455329992660393457534373594845712
[21,15] -1799118478033570087980568047687038526243536361974764536562972
[21,16] -6836757231745677048837217656366933907201201838544521604779288
[21,17] -37500907418955537830318291216053047452153320874135935594889757
[21,18] 1284932683813305608836749378219967634460891311630654047045012
[21,19] -635964285089665377065893906010339030360133866462082450030186386
[21,20] 97532556419473047899167243394879201023444560117405735155541832
[21,21] -3368991928857613897475976195712981257136506592542399149167049344
[20,1] 181777122569488187292488
[20,2] -1058342327517342319068929404746320
[20,3] 9412017191295945639149243297661102327648
[20,4] 2521844379544391091742903774623368050565144
[20,5] 86295144862605184847597339014880330158692230556
[20,6] -9346700003763383482211405075552432387607362685436
[20,7] 997741787628218944977927324822098071085739269736908
[20,8] 122832400648038854911553151978994398928888910286637420
[20,9] 3688799790031975529586867188456684141886392301600808844
[20,10] 82448129588857607533186425334113476961586825332609027654
[20,11] 943327597471329398155772219882163826448198614748551929452
[20,12] 6190975556088076965706524824938858620370399260220893504068
[20,13] 35489951866070170517442578793262248293930967010906707424248
[20,14] 243974703740315497504220040861891402853474695368066060324256
[20,15] 673965444391810903625686352258068222461104583451033744554192
[20,16] 4313465409622390932247416599292444161147964343356661794840884
[20,17] 6881904176552625735366096481957121608739073778663894578277828
[20,18] 80483193266905868638354163056503615097257407338924515962328992
[20,19] 45085521096100584456826763803980934177409703674635019094670756
[20,20] 674348621882819240060579438367472413736297274577544126419655636
[19,1] -45108797280240986200518
[19,2] 776478830945925915169295973685760
[19,3] -6670961178824116700495784026171730266499
[19,4] 16220081754882052640536239354071746441464204
[19,5] -47343691019124055304082807340880761549309251778
[19,6] 1389798570664822308013850536330187750745767796560
[19,7] -550830006132952467978911603924963545390555629194684
[19,8] -48387836485313350726678140845293946592217427774366692
[19,9] -1303684266417997492007597812937927817599666095971631320
[19,10] -23839681610568046187104280341160757781697545492377494180
[19,11] -297460125901529985457161413714140062209937126266155738778
[19,12] -1734174538437102162721805739112065119515361068088191266200
[19,13] -9890184181809376951537289325171702598947083158881336892198
[19,14] -77008286968755553469621900886167084510944390718599610666460
[19,15] -484236980773140985940274392390154222817955179519834801980054
[19,16] 292082462106711991657619107799409505421887338774783734634876
[19,17] -15498900293532917831149917630480365058331022875963336243000998
[19,18] 9424165703235450489334014890951339018503708837846633857685880
[19,19] -158430120130976110305146056769707681376577358367696214637098494
[18,1] 9880832279655626862932
[18,2] -303282875050777981928221415503800
[18,3] 4161628880389481597704400358767441088400
[18,4] -17643996542453220166504571321908624572105856
[18,5] 16697445988559973358033281686002908518059517244
[18,6] 323813025337629896025701379707336346814932789612
[18,7] 269696185879902428866485867547457763396063486858752
[18,8] 13703585693504266394008572539436085941343910277735504
[18,9] 381535550207588702161401448696943202185579512905080564
[18,10] 5501498778487114027091354599583399743274951634577492568
[18,11] 66463694872870867523580035914697892987027073891737528840
[18,12] 393073472883192181805160495448070373434462115040740037588
[18,13] -503533376564141575576208837081328084236193840842985213712
[18,14] 39367656403857015523803333936018114246823781492605463007704
[18,15] 15742232678684391038380451696408136497488314286638125224160
[18,16] 1009501520624712769943030680260529599603741028062943305099112
[18,17] 843314668919476287871282701093589656687467995522372571767468
[18,18] 15350372707180550352593097362760540524567546240012963128249412
[17,1] -1907468750663792411962
[17,2] 27796061215588505650646705899536
[17,3] -2278192511142145486741099297214645815766
[17,4] 11098104998503781074220396315676916241928896
[17,5] -3711244970597756750565695909242840960361261837
[17,6] -334424014190948138872734119619891409161287224540
[17,7] -94478616956221666755665418986294502554648878880624
[17,8] -3058557355592500369369782951927130307262803825839488
[17,9] -91628873432188702091767215620011675542070605109105355
[17,10] -718956791268098855831740391043932020131504859096183048
[17,11] -16008283862922903604037355036559725692848890557747888620
[17,12] 28667646189752695567735557404816066125423031446321889628
[17,13] -290442225378965125017394994405691803843449327995167804108
[17,14] 3487715532966053932395715484843286465675799875397501429388
[17,15] -108336875742684009032242955313294197365289892859339411360158
[17,16] 173282383539968797618248537368989527423991348680317188029632
[17,17] -2316310431792299421336848426868228751768347256792203840337440
[16,1] 323929464350232115844
[16,2] 37597682290042543510889545378972
[16,3] 1084960087234372688267027823412569047404
[16,4] -4737435983343226150662256683500459450003628
[16,5] 574356401302445920903745651266936446261869804
[16,6] 178787384222903965672880778006863267402268271671
[16,7] 21854020970281613698125225610756060987700015573468
[16,8] 624246111471271727078412080466603298968413864443832
[16,9] 12684784741290088765990154957513280104529791545817852
[16,10] 200599826778769335320773231497288481347049105603609614
[16,11] -1232178659384182546122647872829701348169105483169303700
[16,12] 38965595262047569732904214734602442078964832463514087320
[16,13] -568967317138044678244808147640664065073243310009751332936
[16,14] 2426937393683875215875538697736523578640781423519917171664
[16,15] 5063784589486852612828139256763621591668155893089291839312
[16,16] 85282060522466261581282939965224888019572824902508135144064
[15,1] -48284300627782569290
[15,2] -20339340001535916292780754996408
[15,3] -442580881857913879089949530902632742986
[15,4] 1373952069287055968878625930102412194739848
[15,5] -138470417034947983297601667225021354450013360
[15,6] -58492933439670425605738736157179607257595698864
[15,7] -3351989240489967318205454432587667388467355025466
[15,8] -118111627966691907162314747850614458529032028951776
[15,9] -681380682444223510234099802683473095096683442140988
[15,10] -36155690243747340455480713562137546820594371011496768
[15,11] 312483278445325017066056292593404962712325816410490986
[15,12] 875665332283429786351338879958754637951754185965799000
[15,13] -17293811964080144878571730032371410542541025273262002664
[15,14] 801659219480078206480787975387326836720772741048445913384
[15,15] -7851192290821943211586016115599978648919577836067125411206
[14,1] 6300045677705506424
[14,2] 2815195746088118835145085926044
[14,3] 152069502821838303103102598553768769108
[14,4] -244952402107452561567723759067549859036276
[14,5] 53467478071980788524569817408059068567800156
[14,6] 11198566919143424286904113140404763206570724200
[14,7] 444885446797681437358408371093237019018243632476
[14,8] 12866602034032971091360333332085270348147350898882
[14,9] 66843289995688948353075202414340992663923573321612
[14,10] 2100457793128275917750826576058642949385976669632460
[14,11] -21474333237602304547275989916450267803222505953596140
[14,12] -901026668328759314522563509834246341624494651125241062
[14,13] 10110420378881095080368579153860174553346423978925691952
[14,14] -123065720216592228366064510312934674375296360846658558372
[13,1] -717148082385077869
[13,2] 1087170886572407755728162255940
[13,3] -43245228381945963382879282293156390240
[13,4] 16388532340263706519952105997242217341040
[13,5] -13311265176592950628090279230615402132794156
[13,6] -1352257283950203883550719921893250268478607708
[13,7] -60742796250800782934007725491597894649797371154
[13,8] 104025114114213705486744535070108070318694617556
[13,9] -49773714185971882319419357633353927011125364203450
[13,10] 973074844078024084961670971646446178236487141755312
[13,11] -10571957690328229090573993799028855376297944574568160
[13,12] 226018272930814419809320117936480965094950007793971844
[13,13] -2032708274641440490494726806329790793362621225556962577
[12,1] 70924252903763624
[12,2] -378709681638813097808723627603
[12,3] 9900529242574141150099052726649146408
[12,4] 3199294615527597362658039024050334208784
[12,5] 1888598931834390211156711241219736916570488
[12,6] 134886383657331987932214164696493462421202006
[12,7] 4082913857690122525041711120959588775092205304
[12,8] -10433550075330488061477136494327245829113341372
[12,9] 5085831595143937263679679390678687691124993159968
[12,10] -162782499587695544850261450370025713092516606115628
[12,11] 2037619392637292632240802745495482213894706818731384
[12,12] -26543725482940845388330576091199938014611617500558816
[11,1] -6062378466927046
[11,2] -29074548535407853940500251680
[11,3] -1755578506046514018096148620111105961
[11,4] -930065035213767434739085471692803325284
[11,5] -171568107735734878643053952891395796418708
[11,6] -10956806905714965263112029198933191247942848
[11,7] 29812044182406051607591411437887451927751920
[11,8] -21641314828597684669973890200615850819154710380
[11,9] 417687845030878334976543457697270357199036727250
[11,10] 3842329431794397357455990880046078730865125250580
[11,11] -156236889995464394323322966192918602884970548205414
[10,1] 444947608336844
[10,2] 16260992964248754865458629748
[10,3] 229221228564667883638478086897544728
[10,4] 104518770612516542430661567904036578773
[10,5] 12248113956774893371246837423543071281892
[10,6] 298629452774785528285241182592588707974504
[10,7] 14447624154381426717219371203740476639119716
[10,8] 1840023437441478555471908438642269250602745598
[10,9] -85827098089831156393911915295799616376119333268
[10,10] 972996862602190912250322233985471138597297552488
[9,1] -27808230742442
[9,2] 2713837708966166843560302088
[9,3] -20496735969700457954009946370123350
[9,4] -6410411145848043374729607683449357840
[9,5] -638026483306139483389046214776775860190
[9,6] 20114845081833737219938135243253623226408
[9,7] -4720935995010533497919591517241512818192964
[9,8] 55721355396373302716227881158601324486485656
[9,9] 3440629792220318200920977545519948009452315269
[8,1] 1464098281004
[8,2] 165909254481116674230243208
[8,3] 1137170351845318954020103295551380
[8,4] 228518103322088800678070611406497624
[8,5] 6567086666592463597823447860045539604
[8,6] 541052573653926626614044469172336681570
[8,7] 269448852698479379192367523588526890829780
[8,8] -10199232111800575423459091167897460678716132
[7,1] -64027855114
[7,2] 4738469054196570083412176
[7,3] -34229529161157084480008433042467
[7,4] -2584223355038325029381464601603340
[7,5] 930019960193368527701171047256285012
[7,6] -206312055786191882539998378666850776216
[7,7] -743325377976934368658093758061644120648
[6,1] 2281926872
[6,2] 64801633297986196601664
[6,3] 453659944146091581953842529960
[6,4] -275899404584790337576083226882830
[6,5] 3477769826933726047430742440982320
[6,6] 6931946019787109127653240503443726344
[5,1] -64535397
[5,2] 397965640278787070276
[5,3] -1959544028113735114004551206
[5,4] 12358120941534242912494660586408
[5,5] -1978410999224520113188938931200233
[4,1] 1392416
[4,2] 935277175672682719
[4,3] 1878633152196575409268768
[4,4] 25318905765828661806720524592
[3,1] -21518
[3,2] 594814415622536
[3,3] -216777409974758069110
[2,1] 212
[2,2] 40349633308
[1,1] -1
