[68,0] 1
[67,1] -15812
[67,2] 230078
[67,3] 4192525
[67,4] -64690309
[67,5] 50461586
[67,6] 2410957078
[67,7] -8753205151
[67,8] -23914181092
[67,9] 181372869250
[67,10] -85584015991
[67,11] -1545809260402
[67,12] 3240013708453
[67,13] 5207626935653
[67,14] -25958324548543
[67,15] 9655747267888
[67,16] 100379368061033
[67,17] -160273964778412
[67,18] -157905236068328
[67,19] 670657109980148
[67,20] -275529752075847
[67,21] -1410606537697620
[67,22] 2014454902194711
[67,23] 1058447888659294
[67,24] -4816396769910496
[67,25] 2327914435897051
[67,26] 5829522853596742
[67,27] -8155657081522249
[67,28] -1660460058239156
[67,29] 11553247872424172
[67,30] -6382650105146591
[67,31] -8038830423854674
[67,32] 11752394385970063
[67,33] -168215765979172
[67,34] -9928018563897302
[67,35] 6099600174334385
[67,36] 3705621352752388
[67,37] -6186932459058043
[67,38] 1041646626932762
[67,39] 3005688616361131
[67,40] -2070816346528066
[67,41] -448243121887422
[67,42] 1138140848317587
[67,43] -339982776487239
[67,44] -275402365836864
[67,45] 236528329750656
[67,46] -14000386507818
[67,47] -61703792795157
[67,48] 28631892707601
[67,49] 3145323144855
[67,50] -7325415695607
[67,51] 2209801321626
[67,52] 431126442273
[67,53] -505092348724
[67,54] 127197111316
[67,55] 15963402446
[67,56] -19841358091
[67,57] 5637687865
[67,58] -336928930
[67,59] -299062607
[67,60] 128749277
[67,61] -29546933
[67,62] 4581527
[67,63] -504644
[67,64] 39329
[67,65] -2077
[67,66] 67
[67,67] -1
[66,1] 230078
[66,2] 47963960
[66,3] -1725988005
[66,4] 26931002420
[66,5] -224244953736
[66,6] 996025245279
[66,7] -1714001085987
[66,8] -3619597667729
[66,9] 20424703477788
[66,10] -22614356290744
[66,11] 25155085489854
[66,12] -249982800319578
[66,13] -810355298601
[66,14] 4121844733823494
[66,15] -8785444357715796
[66,16] -14419775345378387
[66,17] 73320679293517658
[66,18] -31182056998907463
[66,19] -266104931198946082
[66,20] 423603655330580311
[66,21] 390705144673011882
[66,22] -1597041230219662219
[66,23] 515800779530849388
[66,24] 3171053796165580704
[66,25] -3575431038265922583
[66,26] -3262457829558766339
[66,27] 7922683769389412355
[66,28] 1035939302137997512
[66,29] -11812298282338247162
[66,30] 1256538692919273666
[66,31] 18408489772482403338
[66,32] -6171348404617400508
[66,33] -30675341902005926874
[66,34] 25610337562850872069
[66,35] 33987454894969050439
[66,36] -57657151465427359815
[66,37] -7881578469384586443
[66,38] 71288674303329486502
[66,39] -33554214961187665077
[66,40] -47214729127833989675
[66,41] 51467086189202983296
[66,42] 11258840103826626612
[66,43] -38293208815162171579
[66,44] 5960479630235602496
[66,45] 19403848782100612572
[66,46] -6830821948670143347
[66,47] -9045287559680490771
[66,48] 4754792557733245467
[66,49] 3884936498747728541
[66,50] -2935302723037857370
[66,51] -1094991100267487268
[66,52] 1235040279149556261
[66,53] 206426644853039432
[66,54] -350948646054983253
[66,55] -56898524215492012
[66,56] 87951218575947027
[66,57] 15093055877427357
[66,58] -14711766760803065
[66,59] -3982000325424191
[66,60] 1522416831546471
[66,61] 893352036771911
[66,62] 167611758063131
[66,63] 13916797035396
[66,64] 480058425107
[66,65] 5443848825
[66,66] 11249166
[65,1] 4192525
[65,2] -1725988005
[65,3] 47244274140
[65,4] -708946517636
[65,5] 6799067213844
[65,6] -39736046680865
[65,7] 103003951697733
[65,8] 300386012424054
[65,9] -3477533264151701
[65,10] 10692618919386541
[65,11] -2847219801723390
[65,12] -64801598879319372
[65,13] 158323354687787682
[65,14] -90914821659413019
[65,15] -138282327613992291
[65,16] 729336032919637058
[65,17] -4086062475233576217
[65,18] 7791155784803772467
[65,19] 13526324880035157397
[65,20] -70340247867155906991
[65,21] 41169890815675216900
[65,22] 226133363101949519737
[65,23] -407642806107277582605
[65,24] -239623045258191562009
[65,25] 1338298412800712859225
[65,26] -718169059607177255034
[65,27] -2275444021310424908375
[65,28] 3615704347312736245553
[65,29] 804775780623618010116
[65,30] -7269234679752792232208
[65,31] 6380988806883854179830
[65,32] 5060091728645777495229
[65,33] -16698979109877264740221
[65,34] 11139889994081873346590
[65,35] 15164902122770418496593
[65,36] -34209286361980091188757
[65,37] 11114591999283831150405
[65,38] 37478309346434616895611
[65,39] -45742362729891000275118
[65,40] -7516113409279641952945
[65,41] 53408511258610913952321
[65,42] -29700579897424350044993
[65,43] -26358324709994220373919
[65,44] 39522638819904595467108
[65,45] -5314124201196575016704
[65,46] -21974258625340871324622
[65,47] 15529687372367487935178
[65,48] 2829332573035623056054
[65,49] -8893467522320261262821
[65,50] 3489287616661784966847
[65,51] 1709235845989673283764
[65,52] -2076346417065480935220
[65,53] 398465790383357202153
[65,54] 413852836073232293234
[65,55] -246388541846763530213
[65,56] -2005868302665272628
[65,57] 37916684687546258589
[65,58] -8459177534048214946
[65,59] -1404569995613657997
[65,60] 667023401500378824
[65,61] -12658874860544465
[65,62] -19434494168695302
[65,63] 249356237631943
[65,64] 284647941678088
[65,65] -6805686182838
[64,1] -64690309
[64,2] 26931002420
[64,3] -708946517636
[64,4] 10045599501439
[64,5] -101223312999470
[64,6] 754048800950627
[64,7] -3763262583849805
[64,8] 8218853163128851
[64,9] 36649948201175651
[64,10] -338898327166550150
[64,11] 716967454476872568
[64,12] 2316357954654850698
[64,13] -15192559250873429886
[64,14] 22757875394938866779
[64,15] 39590915257595892475
[64,16] -194971148175758693430
[64,17] 250811584708785585947
[64,18] 140191271001507516706
[64,19] -1085888337814732776333
[64,20] 2373859395177997173393
[64,21] -2251553852542383109818
[64,22] -6325671031882450765035
[64,23] 24325864370060595904239
[64,24] -14051568379871453135007
[64,25] -68146963765558650771565
[64,26] 127089207318238722460300
[64,27] 51290585246117661984029
[64,28] -372108487935791558760126
[64,29] 243936382782783433169774
[64,30] 541508222143946058137074
[64,31] -928102430973966460252812
[64,32] -164866782105078331634812
[64,33] 1582149251853490717798261
[64,34] -876791142465966496735429
[64,35] -1564306720590632720703627
[64,36] 2010678755753371571547171
[64,37] 825973460746853245098349
[64,38] -2703991206867857689369590
[64,39] 287507472492300278326374
[64,40] 2777080395918890611906588
[64,41] -1514906079248555051650179
[64,42] -1994642133833795889878133
[64,43] 2251148426738104106494689
[64,44] 592116186981505737744550
[64,45] -1898505620232778870732582
[64,46] 432938352612394907942753
[64,47] 909545246558159727299078
[64,48] -569148792785995590841874
[64,49] -197303839972637166047523
[64,50] 287482301712982956203405
[64,51] -22370877327708962834960
[64,52] -81442223357202948513374
[64,53] 30361722452747702873451
[64,54] 11764031922403630333914
[64,55] -11389234191218538432059
[64,56] 1429826482567625146923
[64,57] 1911748020725861712111
[64,58] -1073054185991245903841
[64,59] 114114847652780883033
[64,60] 113557490181349179522
[64,61] -56042218685747452915
[64,62] 10647906174384477375
[64,63] -840602992114161915
[64,64] 16218634727905656
[63,1] 50461586
[63,2] -224244953736
[63,3] 6799067213844
[63,4] -101223312999470
[63,5] 1070328727522890
[63,6] -9310404544531560
[63,7] 64589674349488089
[63,8] -329305094788656891
[63,9] 937143552788341983
[63,10] 1452477173871720385
[63,11] -24969108280318279333
[63,12] 68635967503725701136
[63,13] 139255342297707854224
[63,14] -1103388221059089742818
[63,15] 1050050670581445819651
[63,16] 5926076650489266685821
[63,17] -18647470622968402801855
[63,18] 7890625833334622555295
[63,19] 69414832397996191147476
[63,20] -182195899123573615052631
[63,21] 92714769575526510989034
[63,22] 508580578717137831582940
[63,23] -1213104126843975428925335
[63,24] 521070701800932060791694
[63,25] 2554358270916331376400814
[63,26] -5510627951191364002006679
[63,27] 2095847530795388708695971
[63,28] 10130113790300724157871378
[63,29] -18134969705747598336067601
[63,30] 1375488650257699830920967
[63,31] 30941345225952843596331617
[63,32] -31511178418413155674027811
[63,33] -15906382165328355326992086
[63,34] 48590568443036068260610995
[63,35] -14108516053227185551013863
[63,36] -32262205073051498492912631
[63,37] 18101446188880092542327389
[63,38] 15057022645071157760286128
[63,39] 2200299064999206456127920
[63,40] -26391932969967547440450820
[63,41] -6415512801839529046576710
[63,42] 41964356725970506532572308
[63,43] -11320424304033029582894013
[63,44] -33938303143238582458293383
[63,45] 21865935566043800516442789
[63,46] 14835915847178218865036727
[63,47] -16545679269792477121291403
[63,48] -3802286831290628454622284
[63,49] 8345276667199364364711004
[63,50] 372131664317884009633836
[63,51] -3545846549036420443303695
[63,52] 587948305304047654266913
[63,53] 1055525628315751464075518
[63,54] -469486579961812216505436
[63,55] -88856468496760814358098
[63,56] 110110311977681463926777
[63,57] -30495857326284916666713
[63,58] 3070032461639001441092
[63,59] 2017185782216133029805
[63,60] -2182871514778999702965
[63,61] 951103427843420908200
[63,62] -203919107524596195136
[63,63] 21060197607087127530
[62,1] 2410957078
[62,2] 996025245279
[62,3] -39736046680865
[62,4] 754048800950627
[62,5] -9310404544531560
[62,6] 89553751420665574
[62,7] -687691293441560730
[62,8] 4142557963131655137
[62,9] -20520175753940507873
[62,10] 74213003487950654681
[62,11] -32319465884222419539
[62,12] -1385957067388290570670
[62,13] 5682344265846953580839
[62,14] 2624407067168565055578
[62,15] -58725161432588190749375
[62,16] 66558119671502797381671
[62,17] 306284096105094594050667
[62,18] -888943662708099067033554
[62,19] 172753038169518354060540
[62,20] 3706984490653570541815722
[62,21] -8366189069602691496879296
[62,22] 1156825725486117163022549
[62,23] 31632898469542880760462699
[62,24] -55421104897055589248810015
[62,25] -22407125196468490096589443
[62,26] 184378668934306029274332519
[62,27] -171436918325387380077730980
[62,28] -203039073923902991724796829
[62,29] 563448941445899919147844233
[62,30] -233470272188882194568698883
[62,31] -667196734587041868810119093
[62,32] 954354146606342302501242867
[62,33] 14319449429158286029796934
[62,34] -1088342747028333701227264677
[62,35] 859893165426050809480378644
[62,36] 267021265096104184032112466
[62,37] -892340803750990316056332364
[62,38] 624183376191201332461510131
[62,39] 29292260136118273669962019
[62,40] -622387709388278550028798193
[62,41] 682067986276483430231070006
[62,42] 19997606638324720416657196
[62,43] -660386438613760186746275472
[62,44] 352501744874375443728452505
[62,45] 337620863112141321981419983
[62,46] -349910615703080240772093312
[62,47] -120703524984987820803201588
[62,48] 240207369172339572622966447
[62,49] 8296446175970995931866379
[62,50] -126693272810113956234131253
[62,51] 33275727974621776433641485
[62,52] 39114979786784519505826691
[62,53] -22642508148919710137409330
[62,54] -3399242436301885448980248
[62,55] 5586308773762565372368832
[62,56] -995999839353946026620526
[62,57] -328038854171584954279140
[62,58] 124897211186372983653565
[62,59] -16824740303315035300602
[62,60] 11561357158383294596592
[62,61] -6391058088333035469141
[62,62] 1619900099511452385150
[61,1] -8753205151
[61,2] -1714001085987
[61,3] 103003951697733
[61,4] -3763262583849805
[61,5] 64589674349488089
[61,6] -687691293441560730
[61,7] 5620843710668021938
[61,8] -34993347429483435728
[61,9] 179371151673574300799
[61,10] -1037506435976764480125
[61,11] 5809301827072007960882
[61,12] -13286183926835413522328
[61,13] -60042463342186744642876
[61,14] 381917266805690904170169
[61,15] -247232099955854544325944
[61,16] -2510915439013039283673473
[61,17] 4598445411612171766687281
[61,18] 7862404764439814687373063
[61,19] -29544800694012622085806740
[61,20] 4327731470449203250662741
[61,21] 107774167869380529280350960
[61,22] -197049869159241928156625482
[61,23] -79921849718385398972879937
[61,24] 827814986420907332281175778
[61,25] -943294201329423644545161499
[61,26] -1170995744831800875131578704
[61,27] 3814280946433666791047337573
[61,28] -1560426697954546635566315950
[61,29] -5780477128790243016449174610
[61,30] 7815970389725258077725912087
[61,31] 1751224404433269664551386280
[61,32] -11404295805461722624624246761
[61,33] 6966818200533597376675738002
[61,34] 6406873861945913252806764276
[61,35] -12421842925283789692991919737
[61,36] 4869735901434348378088707200
[61,37] 8203044509589969573772734382
[61,38] -13020818082316590149715649621
[61,39] 2638107697739031216713810338
[61,40] 10751017708443960157983694997
[61,41] -8840119491861143297279444361
[61,42] -3932047870258297411755977205
[61,43] 7162734227214867354999027694
[61,44] 1149322213871452401471808063
[61,45] -4566303572904131182218493132
[61,46] -790596210786837417296161342
[61,47] 3653412898449469856414312935
[61,48] -352448546314959005265807634
[61,49] -2187703628362994481871169172
[61,50] 969247977037564603609706869
[61,51] 619133235473223926241696485
[61,52] -569624912121425014070812582
[61,53] -129475651565747309242283
[61,54] 139884623018349861108036065
[61,55] -39944772161159953303751356
[61,56] -11054156698727370181096572
[61,57] 7273610224269052130215950
[61,58] -580199999139787241289055
[61,59] -308887558976790541643810
[61,60] 45789546906877290151223
[61,61] 15906170630658901776397
[60,1] -23914181092
[60,2] -3619597667729
[60,3] 300386012424054
[60,4] 8218853163128851
[60,5] -329305094788656891
[60,6] 4142557963131655137
[60,7] -34993347429483435728
[60,8] 247442355706638701463
[60,9] -1286047292835540816456
[60,10] 4902480165982799706082
[60,11] -37940484104229298811220
[60,12] 314404367368101083017608
[60,13] -944142239816443154019837
[60,14] -1765755032982897323992159
[60,15] 15300757923123393556773423
[60,16] -13947353407639606855013245
[60,17] -75338001097474367966222976
[60,18] 145533668321665692197035176
[60,19] 195361008026414190789217861
[60,20] -617309155252697520195487664
[60,21] -440988048649345934512102338
[60,22] 2799177669543288343284243503
[60,23] -1464221082056077806803466170
[60,24] -7458330815774888403351176802
[60,25] 14657129929968430017184290469
[60,26] 772332838525562619375190431
[60,27] -34094826979750295846378136963
[60,28] 36239957783373023279346980832
[60,29] 18796310458181984264087232842
[60,30] -63645498217583786218418675286
[60,31] 27421027343417001004345156816
[60,32] 41242295836549855345949347354
[60,33] -46129222668919857597322907919
[60,34] -9132780908751947699422321224
[60,35] 47273152017599999242274938027
[60,36] -22207056293892106986768437994
[60,37] -38232758673818561738549191734
[60,38] 52263825417636192157134464925
[60,39] 2999358031325920294257824451
[60,40] -35461501195709740921591599279
[60,41] -1738512712098951244003956544
[60,42] 13623010798773651389241167295
[60,43] 34970724977236200005304723724
[60,44] -38350914122007670643496826824
[60,45] -29050500798084420134615465076
[60,46] 56546356154007609180847763566
[60,47] -7638272958998457576742122356
[60,48] -32262741053462401126266401727
[60,49] 19023395944273206682821433836
[60,50] 6057921044050540745464350649
[60,51] -9504008400823343620654946259
[60,52] 1625059907233887148622427368
[60,53] 1983260979476290709821286546
[60,54] -1015700186541131149186732311
[60,55] -58396650481230898188146953
[60,56] 172958924489454778802841943
[60,57] -42255804458382864051320892
[60,58] -4901125111264918517028050
[60,59] 4436176564234031100867952
[60,60] -889574956649287725707670
[59,1] 181372869250
[59,2] 20424703477788
[59,3] -3477533264151701
[59,4] 36649948201175651
[59,5] 937143552788341983
[59,6] -20520175753940507873
[59,7] 179371151673574300799
[59,8] -1286047292835540816456
[59,9] 9870498921292724020598
[59,10] -35948668812291769225156
[59,11] -33731970957144429266232
[59,12] -581293046579668608258258
[59,13] 11327759365282948710214398
[59,14] -41339857133169872069512410
[59,15] -18916514537163207546634233
[59,16] 394417103606296262051632711
[59,17] -504477490231592058584067087
[59,18] -1253150127671661019636318343
[59,19] 2738657475986805200116402034
[59,20] 2324220722560350468392203347
[59,21] -5903988215686491985438373595
[59,22] -14904755537358331886703662069
[59,23] 36300882327117574276873466058
[59,24] 25542696207328228490171389509
[59,25] -155302601097618744084273917278
[59,26] 127470575353360046636004307392
[59,27] 168350396865977354945512862390
[59,28] -405909567415113199537793333169
[59,29] 210799151742077852253693167232
[59,30] 193925274999874549743115379851
[59,31] -330560468511487854039089078785
[59,32] 214940731607520302581114307127
[59,33] -146455125475570576359859882581
[59,34] 69706139315407277399788580502
[59,35] 203398451670630218708273809635
[59,36] -405215242408777671494763524415
[59,37] 121123664124169860559275206367
[59,38] 326572236546131968315776469851
[59,39] -130830300537305367942129667420
[59,40] -490701415256450598470041223691
[59,41] 328497654320941538744643571692
[59,42] 598131607687510756939243351748
[59,43] -788219911357599080667889383046
[59,44] -131527099913986100852229663393
[59,45] 750575650633253330519394508727
[59,46] -331323884284241845633022948614
[59,47] -261974244673567760361715492347
[59,48] 285769758633711849891903370607
[59,49] -16208809122888008838924151890
[59,50] -95794406646777771684875374926
[59,51] 41680216843689962305863600756
[59,52] 11099087349319787737642074697
[59,53] -13698794104811587930491463554
[59,54] 2250059171145189544738826293
[59,55] 1651779221843349964179940762
[59,56] -853427672183550088792083498
[59,57] 83725329047217411940493796
[59,58] 52629863216657102069055653
[59,59] -23685837162551182860403965
[58,1] -85584015991
[58,2] -22614356290744
[58,3] 10692618919386541
[58,4] -338898327166550150
[58,5] 1452477173871720385
[58,6] 74213003487950654681
[58,7] -1037506435976764480125
[58,8] 4902480165982799706082
[58,9] -35948668812291769225156
[58,10] 395866989995536596624196
[58,11] -800950417093097019187753
[58,12] -7837351648867587760420916
[58,13] 8429203817121379602147740
[58,14] 278352322635871489480198989
[58,15] -1167802466745669255068137491
[58,16] 412724353234340427550707746
[58,17] 6798602753130569803849178931
[58,18] -12077687501968997497529330109
[58,19] -8658687269664123352504562305
[58,20] 32147339939287431795157938414
[58,21] 3782065049663506641194506173
[58,22] 8505475249590325183920535679
[58,23] -229222512312851276117375536956
[58,24] 252120920908346267646919333284
[58,25] 636810250450796282936477468083
[58,26] -1761065128609260122856581465531
[58,27] 1017386068422157244050691748656
[58,28] 1942671576816712133619254964351
[58,29] -4201352247108381198302980537847
[58,30] 2938423310442937911474848055125
[58,31] 1101612788506359309501027963096
[58,32] -4589186211465317800699531321688
[58,33] 4710378175486597984600709046494
[58,34] -936504032600346647819165751272
[58,35] -3372606909161372853695912602733
[58,36] 3073535183201910378332446949138
[58,37] 1263230828173199257153741960279
[58,38] -1527959538826748143607444502032
[58,39] -3766097454223022756677933620922
[58,40] 4388692307759310158207387799111
[58,41] 3409541067576446334377628110561
[58,42] -7868121133189119705524588280122
[58,43] 1982339143460006424511295870528
[58,44] 5063644470678772914855978968170
[58,45] -4441941900422399042356177546528
[58,46] -183232980249955556083689645335
[58,47] 2097209996729430935700720295814
[58,48] -924866518002605215426810624403
[58,49] -306415408194505667109584152619
[58,50] 398803040671870702663561215458
[58,51] -62592720958853149300372520747
[58,52] -73486091214668740297473118028
[58,53] 35935861560934969309559911237
[58,54] 2627058558419058460908850976
[58,55] -6535450370281800214489031237
[58,56] 1788208046301485299522748014
[58,57] 108605524260355956678426476
[58,58] -190294158616863217990910800
[57,1] -1545809260402
[57,2] 25155085489854
[57,3] -2847219801723390
[57,4] 716967454476872568
[57,5] -24969108280318279333
[57,6] -32319465884222419539
[57,7] 5809301827072007960882
[57,8] -37940484104229298811220
[57,9] -33731970957144429266232
[57,10] -800950417093097019187753
[57,11] 14834482566927300046994474
[57,12] -15990078327392528185126755
[57,13] -325451912094118481654740739
[57,14] 714569719838992588433856255
[57,15] 4741679460728770868232628935
[57,16] -23252905540513266613341828276
[57,17] 21206903245700396077985962319
[57,18] 80789484369570113407264065393
[57,19] -213246065976764817335919948618
[57,20] 85559774735898398441559320186
[57,21] 230927811479942106682521861144
[57,22] -372235564418781824349514347979
[57,23] 990406144260348075571858423393
[57,24] -2469883233924764271537813690390
[57,25] 1052810155018565433133684103032
[57,26] 8067400988693339283978920523276
[57,27] -17343595638084199751558197184469
[57,28] 7808951214668922518516151019053
[57,29] 22687553994350147788994370846175
[57,30] -41863119851764867143362692417881
[57,31] 19410228524438627886075431285359
[57,32] 24054475943649845853582474977300
[57,33] -36835797074029326121774323408501
[57,34] 10007853838782874434711725300455
[57,35] 7347780735277716851174296998228
[57,36] 8347355217697451197746106121622
[57,37] -9113463839694859699027374947689
[57,38] -30359797945770716922170435926112
[57,39] 46092542442943951531728220946913
[57,40] 5221963444166411217085953172358
[57,41] -55608138018157960846033828152680
[57,42] 36664003600531295279392015842759
[57,43] 15142530949102030973968196805080
[57,44] -32945903683690350268245212479357
[57,45] 14298368681856183662306429434854
[57,46] 4676781941333920679889693621460
[57,47] -7624884519244368704953573521050
[57,48] 2478190970856218228890235762307
[57,49] 904974248394117098523180220775
[57,50] -896319472610862744493765655092
[57,51] 107744906068162243014650502321
[57,52] 96307971931054907782945576525
[57,53] -19702497605541340199149959519
[57,54] -12147336546477867447241071687
[57,55] 4328136898875766032019107813
[57,56] 832841254630807482334407044
[57,57] -805289732734499565876880998
[56,1] 3240013708453
[56,2] -249982800319578
[56,3] -64801598879319372
[56,4] 2316357954654850698
[56,5] 68635967503725701136
[56,6] -1385957067388290570670
[56,7] -13286183926835413522328
[56,8] 314404367368101083017608
[56,9] -581293046579668608258258
[56,10] -7837351648867587760420916
[56,11] -15990078327392528185126755
[56,12] 393865672819676466843662083
[56,13] -234331678522756266234532750
[56,14] -7583938818593670482844120285
[56,15] 19036979024555886862605721038
[56,16] 53392290774869493283327102887
[56,17] -330391624740319691336445764325
[56,18] 457818155735959655022951217776
[56,19] 630348846517573919980164929244
[56,20] -2735792711605131404475562079568
[56,21] 2943410090197143427185763474996
[56,22] 395340484769084412090493299598
[56,23] -6635917831018164634029493906953
[56,24] 16621196523682782382818160719948
[56,25] -22453764693213555503242247069398
[56,26] -7240740298558547397202080992556
[56,27] 82107993332769056295055295442220
[56,28] -117289930427344482083680791317532
[56,29] 9824607322821859212505081237422
[56,30] 172163688685511430912681365042845
[56,31] -224345638534143578121524920165102
[56,32] 91804199310369470612941460120904
[56,33] 55276352466344918386080165267357
[56,34] -122834471269446805878718316294809
[56,35] 167129570801030726230856519700315
[56,36] -139452074741349186952588181108267
[56,37] -67715118672695605609689738932453
[56,38] 256546862126610493481315576207484
[56,39] -138895175482807505127213827632712
[56,40] -160277483226854368965774016598408
[56,41] 263742639239248358024258270209635
[56,42] -98886176534198259131130517703182
[56,43] -95226895571547541240507563172886
[56,44] 139112292831988483034908892513139
[56,45] -64854870612152169448769197623581
[56,46] -10844702687511495210670560847711
[56,47] 28763173916135940635462811837471
[56,48] -12519637692576509211487628048807
[56,49] -292082911361757722929431645278
[56,50] 2306430665853711844360760126754
[56,51] -1210382621897769444960149554527
[56,52] 455462526133689711497024747966
[56,53] -89543916830769149652000571086
[56,54] -52289308434311236749248904605
[56,55] 50060211375625845992820224253
[56,56] -17062076828374184109449783898
[55,1] 5207626935653
[55,2] -810355298601
[55,3] 158323354687787682
[55,4] -15192559250873429886
[55,5] 139255342297707854224
[55,6] 5682344265846953580839
[55,7] -60042463342186744642876
[55,8] -944142239816443154019837
[55,9] 11327759365282948710214398
[55,10] 8429203817121379602147740
[55,11] -325451912094118481654740739
[55,12] -234331678522756266234532750
[55,13] 7625643463501725147455249904
[55,14] -3285841049087820715748573547
[55,15] -119373237506884432733854495797
[55,16] 328122294826596709420185837612
[55,17] 350308546033469488760128812261
[55,18] -3559560884551168012484145162729
[55,19] 6438374817468878110484480172795
[55,20] 2326073032916067924900888066985
[55,21] -25996278778698921824147686513123
[55,22] 41227486877000802655377018196000
[55,23] -14206928473727484914477833948275
[55,24] -68145276472495557033382958745207
[55,25] 165531319455324396060361535120230
[55,26] -153768737620637998667283557015454
[55,27] -110833505112481074766302957508500
[55,28] 535034563354602576466894120269505
[55,29] -645818333889666274193296291085212
[55,30] 46843067815434492698691607328719
[55,31] 955418227291985656899468590164147
[55,32] -1460772107167457481859643544460213
[55,33] 835974653697668061736475774490379
[55,34] 498708750404876751298462284699444
[55,35] -1247796723742153049503411149693345
[55,36] 627618695565587202094026931711299
[55,37] 475604566847377380896262076501032
[55,38] -675159072099624655865944554794938
[55,39] -113877969496261559379416632569674
[55,40] 862294586718380166518587242274655
[55,41] -862728138806694283604502452004066
[55,42] 206195208529190775930599302148511
[55,43] 468921777304840618896817130759101
[55,44] -599292977991456548090746882869221
[55,45] 263484246876567099406341002312429
[55,46] 41856259713376324822784538153636
[55,47] -101929030677611055685625887188337
[55,48] 47318597196809168056652919521791
[55,49] -5148715639466463249184678731877
[55,50] -8454399191062692299889964924501
[55,51] 7121906825971416331881601573063
[55,52] -2538184741466470615197371661522
[55,53] 27215845997257277657044122604
[55,54] 409420883463998462951834452214
[55,55] -216065515116839987008980879019
[54,1] -25958324548543
[54,2] 4121844733823494
[54,3] -90914821659413019
[54,4] 22757875394938866779
[54,5] -1103388221059089742818
[54,6] 2624407067168565055578
[54,7] 381917266805690904170169
[54,8] -1765755032982897323992159
[54,9] -41339857133169872069512410
[54,10] 278352322635871489480198989
[54,11] 714569719838992588433856255
[54,12] -7583938818593670482844120285
[54,13] -3285841049087820715748573547
[54,14] 105529424558761664844286510860
[54,15] -50595834950906301117930668961
[54,16] -1307170267428338520090164176506
[54,17] 4126505860774510231027382890542
[54,18] 252475693998880694169276818301
[54,19] -30216657392469287895057194246132
[54,20] 66873719242599765952970450573165
[54,21] -10846074486239805576813131266842
[54,22] -194493277177619889297376880994734
[54,23] 380992987354460150011138117068863
[54,24] -219495213755221199940165387501012
[54,25] -442105121472506101079425907501785
[54,26] 1232540838215314894394047284843159
[54,27] -1162179842239665739740563159066211
[54,28] -692784084790322425481770559582871
[54,29] 3428435525404855705036132930854864
[54,30] -3546376037622554764677343871507367
[54,31] -1091188753032671362753920862561634
[54,32] 6596611128406713174747690565936222
[54,33] -6478518990817495609338599357962461
[54,34] 1153367080973799875166603382292032
[54,35] 2512223526800341536438502680756547
[54,36] -1501944499885737885803223218835927
[54,37] -198256873664554043915803803821389
[54,38] -794385497557968950200763353688369
[54,39] 3276206926679993204067399531947619
[54,40] -4330056375146509730522291166762923
[54,41] 2556157300632224426836348880461824
[54,42] 665528900403752469058594216219359
[54,43] -2536355088963829517016020255669147
[54,44] 2077014620533183338825476412217539
[54,45] -735209565483792211836928789331358
[54,46] -98400728433379724861005169935901
[54,47] 267274333723917309995504538860526
[54,48] -143769624359916405777929222697576
[54,49] 11380365601578298592641081520105
[54,50] 30829891474827799569892873289802
[54,51] -20120036023105903930790505354834
[54,52] 5279944532263066658939074794848
[54,53] 618178475931963371735834276574
[54,54] -1057957018919619642148455419322
[53,1] 9655747267888
[53,2] -8785444357715796
[53,3] -138282327613992291
[53,4] 39590915257595892475
[53,5] 1050050670581445819651
[53,6] -58725161432588190749375
[53,7] -247232099955854544325944
[53,8] 15300757923123393556773423
[53,9] -18916514537163207546634233
[53,10] -1167802466745669255068137491
[53,11] 4741679460728770868232628935
[53,12] 19036979024555886862605721038
[53,13] -119373237506884432733854495797
[53,14] -50595834950906301117930668961
[53,15] 1201305671751558476305620621944
[53,16] -909246675153033936540029908332
[53,17] -11163827461892500651697774292636
[53,18] 40076967041873400686548796587453
[53,19] -19022820657921187573949142115111
[53,20] -204282191801560208471871663401760
[53,21] 524470783083825232696077560777962
[53,22] -255970593173597252471449484905102
[53,23] -1155004281434640837057158798011269
[53,24] 2754299462586943690821189713830941
[53,25] -1978648508750565193314034096975697
[53,26] -2679470911212898092730049141647941
[53,27] 7759271460759015342657972826017217
[53,28] -5919273360883209795420955103102358
[53,29] -4897264199897011974495055604994753
[53,30] 14560397059720391348751009731816393
[53,31] -9920105259991696089315695905380007
[53,32] -7803073969126440037595479853107047
[53,33] 23070599343996755090621727118187573
[53,34] -23230023560799097677004263093706942
[53,35] 11640151333063059764688799474141500
[53,36] 196336884605178023396762180262660
[53,37] -7669977326518959782800884996814370
[53,38] 15486191429537319970470918591398124
[53,39] -22402270643691700922232001509859149
[53,40] 19175617354737344083485423465871433
[53,41] -5224159316762581367072218978232814
[53,42] -7082583519184364141962671369643624
[53,43] 9813523972424596981686655363268582
[53,44] -6396242502381138576802610467576827
[53,45] 2447049283788230619925688613567571
[53,46] -87338925051573853398188867383366
[53,47] -567313985254324543547805658120482
[53,48] 299229203588984153416416280843486
[53,49] -8166282049283754548005308306749
[53,50] -48067543230968686305415517041089
[53,51] 23696154916254199704176531097191
[53,52] -4236621994480146898464153048467
[53,53] -581125388548331983472688746031
[52,1] 100379368061033
[52,2] -14419775345378387
[52,3] 729336032919637058
[52,4] -194971148175758693430
[52,5] 5926076650489266685821
[52,6] 66558119671502797381671
[52,7] -2510915439013039283673473
[52,8] -13947353407639606855013245
[52,9] 394417103606296262051632711
[52,10] 412724353234340427550707746
[52,11] -23252905540513266613341828276
[52,12] 53392290774869493283327102887
[52,13] 328122294826596709420185837612
[52,14] -1307170267428338520090164176506
[52,15] -909246675153033936540029908332
[52,16] 11384851669235621107070670601367
[52,17] -12442158608041717805090530735652
[52,18] -74018317986876527748500724688117
[52,19] 312585475304119184891672974434750
[52,20] -262794282513849058326344136547259
[52,21] -1132825879276197216528938031083065
[52,22] 3338799119626729637056525342437237
[52,23] -2154080425529826889407218934817108
[52,24] -5879286387131644681786720425802166
[52,25] 15056012261235495901960073386390384
[52,26] -11553098947275110534765843737921986
[52,27] -10833455633369677542990555302177064
[52,28] 35392303915547602939489163117185255
[52,29] -32143060224478908513669802240004363
[52,30] -9261021174050945286211031853687433
[52,31] 52667642145971211436370633129561176
[52,32] -41754167075087747928352523096283619
[52,33] -31074035791134672109704257409965114
[52,34] 101728781814423309996456836872772180
[52,35] -104065981541809744812338866303368445
[52,36] 39645060289330727250982961030469361
[52,37] 42076932597973450267874118003077758
[52,38] -94519820025797637060400946699267123
[52,39] 96920043878108834658569795355946754
[52,40] -57431652556000893346213089595678024
[52,41] 7912238296754489130602186432440105
[52,42] 23757886357733320543494087387687134
[52,43] -30302043402929239171338671679902846
[52,44] 21068165719547797321090295059377451
[52,45] -8988749293875728194037874566586631
[52,46] 2013509981634571075775621723518104
[52,47] 176387370947015449399529864935338
[52,48] -443598267506897867057996165795607
[52,49] 305411626085787208389189930795327
[52,50] -105180887869272456260401811988726
[52,51] 31265473818641474744774824388493
[52,52] -6948600281924035123947565744694
[51,1] -160273964778412
[51,2] 73320679293517658
[51,3] -4086062475233576217
[51,4] 250811584708785585947
[51,5] -18647470622968402801855
[51,6] 306284096105094594050667
[51,7] 4598445411612171766687281
[51,8] -75338001097474367966222976
[51,9] -504477490231592058584067087
[51,10] 6798602753130569803849178931
[51,11] 21206903245700396077985962319
[51,12] -330391624740319691336445764325
[51,13] 350308546033469488760128812261
[51,14] 4126505860774510231027382890542
[51,15] -11163827461892500651697774292636
[51,16] -12442158608041717805090530735652
[51,17] 99093390573743009059630810362646
[51,18] -127534546735584049929510270021690
[51,19] -429659901101373587365744189394687
[51,20] 1988575074294089217788174183009759
[51,21] -2044026096009929048040656979473814
[51,22] -5001623880829424003635503822386748
[51,23] 16972367366538457277289299273400311
[51,24] -13770845573089632292031446870186014
[51,25] -23487584603737305163019720007491308
[51,26] 71920529942180764295499880729945077
[51,27] -61932905294581804220129444655732291
[51,28] -46041410821273086964692437098901916
[51,29] 167501740273628366718452896135346252
[51,30] -147231683662026456566726709148860918
[51,31] -38176584717903939456770982193739123
[51,32] 185177146455720080187760014610176319
[51,33] -84941239497400000473255197508757365
[51,34] -195339371146584190174999541770014165
[51,35] 354288001497040725407465345371721434
[51,36] -205998887091947296404454134488092281
[51,37] -109951367007750596170160898508248657
[51,38] 314616222018628729847920032438588233
[51,39] -296274370225125968978658133384873452
[51,40] 153259385326070285554101245674554803
[51,41] -14093553330874633183206595274132521
[51,42] -63861095350040615521014968941696929
[51,43] 80159118771199116651708497057308423
[51,44] -59145522400651619987465919337745958
[51,45] 31999328619983474772611007594137814
[51,46] -13118177345103181726883832605161506
[51,47] 3023276879029384199379025393967595
[51,48] 1163940465345663319670987111377575
[51,49] -1582648336431490738180209189148440
[51,50] 887458474656631070823997661494638
[51,51] -294346180483749773940115566617634
[50,1] -157905236068328
[50,2] -31182056998907463
[50,3] 7791155784803772467
[50,4] 140191271001507516706
[50,5] 7890625833334622555295
[50,6] -888943662708099067033554
[50,7] 7862404764439814687373063
[50,8] 145533668321665692197035176
[50,9] -1253150127671661019636318343
[50,10] -12077687501968997497529330109
[50,11] 80789484369570113407264065393
[50,12] 457818155735959655022951217776
[50,13] -3559560884551168012484145162729
[50,14] 252475693998880694169276818301
[50,15] 40076967041873400686548796587453
[50,16] -74018317986876527748500724688117
[50,17] -127534546735584049929510270021690
[50,18] 725926951538291931819279359454612
[50,19] -1023616704274822688792050475510422
[50,20] -2006074375047670230340737771558489
[50,21] 10787661397736714504692776063017373
[50,22] -12808453393320303476570071805801184
[50,23] -19298951270821178050050413163664563
[50,24] 74984036235855104097313440374882624
[50,25] -61408965814993935086578574477043074
[50,26] -95132877715917267255877251819037725
[50,27] 275983127818689901369360628896287133
[50,28] -208418939809711884979100655118973505
[50,29] -189815897029911399619650775669396824
[50,30] 575648473799211311964947028209500597
[50,31] -496333460059950010390481042240599792
[50,32] -5658215929301189018329604562530469
[50,33] 327594505604863893036509818677361069
[50,34] -63833404831226507913756722216807769
[50,35] -411835734171834964714223587681507236
[50,36] 423604257496507063710872628576173552
[50,37] 101578368315028489269658037649205044
[50,38] -608565356936246304556835923690525968
[50,39] 658420150433168302192478804578126926
[50,40] -346684706992914869202113766856862375
[50,41] 14282823473064144910335171754027758
[50,42] 153841727887032159892535266307406394
[50,43] -181682596695717303765523138036042060
[50,44] 148084656348276915979421158959901434
[50,45] -94573422731103587620015027124760134
[50,46] 43551316880346617868571465457083434
[50,47] -10567345761836867613843642598615641
[50,48] -2514721628419487317983433369443233
[50,49] 4638448537557499006721194642442433
[50,50] -2842577200362649097880245331679104
[49,1] 670657109980148
[49,2] -266104931198946082
[49,3] 13526324880035157397
[49,4] -1085888337814732776333
[49,5] 69414832397996191147476
[49,6] 172753038169518354060540
[49,7] -29544800694012622085806740
[49,8] 195361008026414190789217861
[49,9] 2738657475986805200116402034
[49,10] -8658687269664123352504562305
[49,11] -213246065976764817335919948618
[49,12] 630348846517573919980164929244
[49,13] 6438374817468878110484480172795
[49,14] -30216657392469287895057194246132
[49,15] -19022820657921187573949142115111
[49,16] 312585475304119184891672974434750
[49,17] -429659901101373587365744189394687
[49,18] -1023616704274822688792050475510422
[49,19] 4717581900270302750163418177628552
[49,20] -6269735721243949296583091082574455
[49,21] -9005127566869114154583553302856719
[49,22] 48362326271023134817268675068283862
[49,23] -59534937451460796215736040524166824
[49,24] -55373967898321995811325993494104348
[49,25] 256398546333034322777701776846116716
[49,26] -236267850959606456178423914761765966
[49,27] -254971422439779117285824645356495526
[49,28] 863662609775192130035574170094425424
[49,29] -707254485530890164936078830712620258
[49,30] -559183558332049065615934229214456586
[49,31] 1934451508925909398357235145639996225
[49,32] -1941941082376039785124573611867745805
[49,33] 465305876177239703944393535424612479
[49,34] 984185615290152872817809341468099511
[49,35] -1154681425466428205779946908801221866
[49,36] 484599316772291293566847836594864371
[49,37] -178628007296087059429027967857585335
[49,38] 489876051403264356118703835192339295
[49,39] -719858083158047643304231361458247443
[49,40] 437738725654465318395622923417562806
[49,41] 51087927707131803017484822297166664
[49,42] -346466771701574818661437489992502796
[49,43] 391996011546031103036186838009312862
[49,44] -313181752990921084232114850233455496
[49,45] 196549105824663487293361757480954684
[49,46] -90577825435294619998095632034155296
[49,47] 23372383628943513448048861685555379
[49,48] 4400295736831587357610280509757865
[49,49] -8557896786211551961397368176699947
[48,1] -275529752075847
[48,2] 423603655330580311
[48,3] -70340247867155906991
[48,4] 2373859395177997173393
[48,5] -182195899123573615052631
[48,6] 3706984490653570541815722
[48,7] 4327731470449203250662741
[48,8] -617309155252697520195487664
[48,9] 2324220722560350468392203347
[48,10] 32147339939287431795157938414
[48,11] 85559774735898398441559320186
[48,12] -2735792711605131404475562079568
[48,13] 2326073032916067924900888066985
[48,14] 66873719242599765952970450573165
[48,15] -204282191801560208471871663401760
[48,16] -262794282513849058326344136547259
[48,17] 1988575074294089217788174183009759
[48,18] -2006074375047670230340737771558489
[48,19] -6269735721243949296583091082574455
[48,20] 24428621778532332841389936848218313
[48,21] -32167069060396849589637708694592397
[48,22] -31032967904935818905296510484268869
[48,23] 194823048647543508381073396807816264
[48,24] -263150957587031378620439755863479325
[48,25] -133763649083657594451542255057380068
[48,26] 856239596596327022199401322698772219
[48,27] -824646825577859354808570769976089296
[48,28] -753121178989489321207402200730563790
[48,29] 2521981886384487069115743505222702701
[48,30] -1650291189578183581870185401677337595
[48,31] -2446846236890495980635998723165153020
[48,32] 6105775472893765813375149933202096617
[48,33] -4947020504253002898853370207204061723
[48,34] -610632027397991410611919816518855731
[48,35] 5411419039415556968441582755126719979
[48,36] -5553331691865507127524153348911253522
[48,37] 2358423454619333389003832084979692892
[48,38] 389381868364404280357591794663888988
[48,39] -1096376973829737139385203054584649965
[48,40] 801218932783665580494921351153987838
[48,41] -679839174200950544800931866845132924
[48,42] 768789912747772119973510302865619115
[48,43] -718494533942510406888251164254783685
[48,44] 488991737862659195041101601924614892
[48,45] -258726524267320054092743447805653733
[48,46] 109600931273034780267991195074112620
[48,47] -30423284849656981037767592910898675
[48,48] -849210760380238587195663689227458
[47,1] -1410606537697620
[47,2] 390705144673011882
[47,3] 41169890815675216900
[47,4] -2251553852542383109818
[47,5] 92714769575526510989034
[47,6] -8366189069602691496879296
[47,7] 107774167869380529280350960
[47,8] -440988048649345934512102338
[47,9] -5903988215686491985438373595
[47,10] 3782065049663506641194506173
[47,11] 230927811479942106682521861144
[47,12] 2943410090197143427185763474996
[47,13] -25996278778698921824147686513123
[47,14] -10846074486239805576813131266842
[47,15] 524470783083825232696077560777962
[47,16] -1132825879276197216528938031083065
[47,17] -2044026096009929048040656979473814
[47,18] 10787661397736714504692776063017373
[47,19] -9005127566869114154583553302856719
[47,20] -32167069060396849589637708694592397
[47,21] 110100055255759727966306632771596442
[47,22] -122327253604010247353403033805877713
[47,23] -135205215668433949734465529052166276
[47,24] 666579936446258834705228019429424884
[47,25] -810439445812214046996269895127621386
[47,26] -349445162872059999798553534079452149
[47,27] 2219186160369392242919410384033144358
[47,28] -2126839620981294950638162733392489031
[47,29] -1394340698914954300188347499457906518
[47,30] 4743760430809048251082482965302937360
[47,31] -1976277877294878856964881860128978441
[47,32] -6524524307164901844152088918826980870
[47,33] 11489560090952098595839113529602521564
[47,34] -5046165728036589552606785802093345439
[47,35] -8114519903022352132845856513736783553
[47,36] 15204285030487698323940671194748348670
[47,37] -10340951793799224810791828439879122028
[47,38] 118685986899177184862708490659386272
[47,39] 6124135793932238103316487937067160947
[47,40] -6179153149200423003157162404116842309
[47,41] 3701767662957438849733686158445578529
[47,42] -1801113180402172697601689462955676317
[47,43] 857279141595259668618168285011239549
[47,44] -350247132574179669317729108328734988
[47,45] 77133481085033159224226538628469272
[47,46] 1032594302099899386219518292078528
[47,47] 13514670685476811249868089337196345
[46,1] 2014454902194711
[46,2] -1597041230219662219
[46,3] 226133363101949519737
[46,4] -6325671031882450765035
[46,5] 508580578717137831582940
[46,6] 1156825725486117163022549
[46,7] -197049869159241928156625482
[46,8] 2799177669543288343284243503
[46,9] -14904755537358331886703662069
[46,10] 8505475249590325183920535679
[46,11] -372235564418781824349514347979
[46,12] 395340484769084412090493299598
[46,13] 41227486877000802655377018196000
[46,14] -194493277177619889297376880994734
[46,15] -255970593173597252471449484905102
[46,16] 3338799119626729637056525342437237
[46,17] -5001623880829424003635503822386748
[46,18] -12808453393320303476570071805801184
[46,19] 48362326271023134817268675068283862
[46,20] -31032967904935818905296510484268869
[46,21] -122327253604010247353403033805877713
[46,22] 360740853784729764315343624874244936
[46,23] -376500912181113713468612126733593975
[46,24] -347078678193353802927452233837711348
[46,25] 1838786310710839691575775591890021348
[46,26] -2418142875131273400375319354001452245
[46,27] -472286393086211956987850759124809205
[46,28] 5842585424096730658899486562787705719
[46,29] -7240161301599925815772685918569139607
[46,30] 231834477141135543880534184097977874
[46,31] 8508176291293718998824295862473957456
[46,32] -7011250570456594172751186717940474935
[46,33] -4490675642302104446911749252045460263
[46,34] 10292830508559893977980485862632860032
[46,35] 454044378119843568273059307705914084
[46,36] -16977709578436709796167810359307504750
[46,37] 19804673951966452765170288550131765413
[46,38] -5451880679341589993923666850182385684
[46,39] -11139437658803650805299871846439734587
[46,40] 16560237599158864819393766151836449203
[46,41] -11536361372509333104884497263243321137
[46,42] 4431412867820000900260731285465096803
[46,43] -365275561573200199433098203698341596
[46,44] -775797135940800812672887164572350276
[46,45] 675755476253469222223552134507943405
[46,46] -299705818017945444925969100603815932
[45,1] 1058447888659294
[45,2] 515800779530849388
[45,3] -407642806107277582605
[45,4] 24325864370060595904239
[45,5] -1213104126843975428925335
[45,6] 31632898469542880760462699
[45,7] -79921849718385398972879937
[45,8] -1464221082056077806803466170
[45,9] 36300882327117574276873466058
[45,10] -229222512312851276117375536956
[45,11] 990406144260348075571858423393
[45,12] -6635917831018164634029493906953
[45,13] -14206928473727484914477833948275
[45,14] 380992987354460150011138117068863
[45,15] -1155004281434640837057158798011269
[45,16] -2154080425529826889407218934817108
[45,17] 16972367366538457277289299273400311
[45,18] -19298951270821178050050413163664563
[45,19] -59534937451460796215736040524166824
[45,20] 194823048647543508381073396807816264
[45,21] -135205215668433949734465529052166276
[45,22] -376500912181113713468612126733593975
[45,23] 1105407329277979731333525990435153290
[45,24] -1021406393296720586439394715621831901
[45,25] -1146555467052768632579696501788830514
[45,26] 4729756603890119583976109586546186024
[45,27] -4873479132506947920370849844527149786
[45,28] -3836793431729746210133396814372153515
[45,29] 17102815720368327365180386704060830261
[45,30] -18463207807645228154597497916270841252
[45,31] -2477125366197150235379662185085498340
[45,32] 29929772193360137617371459805649502644
[45,33] -34578323311811057582002508776462588155
[45,34] 11189006301002101606472589068091541443
[45,35] 11927375743513906746495404014334101919
[45,36] -10445365176031191630749646528527280609
[45,37] -4447120640940533813341835531477657558
[45,38] 6157777808790791373020573876723256379
[45,39] 9345673217058989750464539148984085424
[45,40] -22694420424293166801461129638361489752
[45,41] 20582487721373486554870470709670021067
[45,42] -8951862350482593833750295610846866378
[45,43] -294013832974673403681125210259550219
[45,44] 3054994206710436416285746421572274914
[45,45] -2100086033428834959349319347659132132
[44,1] -4816396769910496
[44,2] 3171053796165580704
[44,3] -239623045258191562009
[44,4] -14051568379871453135007
[44,5] 521070701800932060791694
[44,6] -55421104897055589248810015
[44,7] 827814986420907332281175778
[44,8] -7458330815774888403351176802
[44,9] 25542696207328228490171389509
[44,10] 252120920908346267646919333284
[44,11] -2469883233924764271537813690390
[44,12] 16621196523682782382818160719948
[44,13] -68145276472495557033382958745207
[44,14] -219495213755221199940165387501012
[44,15] 2754299462586943690821189713830941
[44,16] -5879286387131644681786720425802166
[44,17] -13770845573089632292031446870186014
[44,18] 74984036235855104097313440374882624
[44,19] -55373967898321995811325993494104348
[44,20] -263150957587031378620439755863479325
[44,21] 666579936446258834705228019429424884
[44,22] -347078678193353802927452233837711348
[44,23] -1021406393296720586439394715621831901
[44,24] 2296224398970586060020363237842802304
[44,25] -1636806220289578994044942717202595320
[44,26] -1819986565231075265232579337604900886
[44,27] 5685665689608634309888119201217380089
[44,28] -2415205439961617913343628342044590823
[44,29] -13703323813845650777428832363428179447
[44,30] 29863417077502996667823645212614038001
[44,31] -15709627995703483089526082179356674719
[44,32] -37888379419360269555971546612271111978
[44,33] 87103538870674918094159803266061684277
[44,34] -74000644926260246752710498982855671105
[44,35] 1536002849218731228082341155761546011
[44,36] 62252424275449187879386931709232517908
[44,37] -66346197160608578926048086779940731017
[44,38] 31124940551149003817646850637649126957
[44,39] -6520551088670421406912318066536594845
[44,40] 7406834253788477202881102023223227942
[44,41] -13266927605920903416944060226331024497
[44,42] 9024456240811333726827938276524238288
[44,43] -107500946265988153346427074052074591
[44,44] -4136981662155611454489239185309480902
[43,1] 2327914435897051
[43,2] -3575431038265922583
[43,3] 1338298412800712859225
[43,4] -68146963765558650771565
[43,5] 2554358270916331376400814
[43,6] -22407125196468490096589443
[43,7] -943294201329423644545161499
[43,8] 14657129929968430017184290469
[43,9] -155302601097618744084273917278
[43,10] 636810250450796282936477468083
[43,11] 1052810155018565433133684103032
[43,12] -22453764693213555503242247069398
[43,13] 165531319455324396060361535120230
[43,14] -442105121472506101079425907501785
[43,15] -1978648508750565193314034096975697
[43,16] 15056012261235495901960073386390384
[43,17] -23487584603737305163019720007491308
[43,18] -61408965814993935086578574477043074
[43,19] 256398546333034322777701776846116716
[43,20] -133763649083657594451542255057380068
[43,21] -810439445812214046996269895127621386
[43,22] 1838786310710839691575775591890021348
[43,23] -1146555467052768632579696501788830514
[43,24] -1636806220289578994044942717202595320
[43,25] 4609075267250721215207621225121785660
[43,26] -5976897835966113047479356230501160240
[43,27] 4802829633885759855235752361979874369
[43,28] -1130378206998108845040171771918596589
[43,29] -425869555247597160255142282476045068
[43,30] -5075618272484188899980808118335945154
[43,31] 4486412625935650446806453580616186398
[43,32] 30732740377993633530745660043930813477
[43,33] -94877634081759732701034560115331837463
[43,34] 119115826807458944631931456616949051670
[43,35] -42559681200696842297227139429013264817
[43,36] -91307855165562396244756240674811332161
[43,37] 164994904492620016798689892398387718645
[43,38] -123506365302720539137673947807421416175
[43,39] 29269591496668960343616026254547792669
[43,40] 28607243678098417447814682578874940744
[43,41] -30010991829513022136568571571010156295
[43,42] 11034456745209832412167391745645252955
[43,43] -775047541531246858552511584602340509
[42,1] 5829522853596742
[42,2] -3262457829558766339
[42,3] -718169059607177255034
[42,4] 127089207318238722460300
[42,5] -5510627951191364002006679
[42,6] 184378668934306029274332519
[42,7] -1170995744831800875131578704
[42,8] 772332838525562619375190431
[42,9] 127470575353360046636004307392
[42,10] -1761065128609260122856581465531
[42,11] 8067400988693339283978920523276
[42,12] -7240740298558547397202080992556
[42,13] -153768737620637998667283557015454
[42,14] 1232540838215314894394047284843159
[42,15] -2679470911212898092730049141647941
[42,16] -11553098947275110534765843737921986
[42,17] 71920529942180764295499880729945077
[42,18] -95132877715917267255877251819037725
[42,19] -236267850959606456178423914761765966
[42,20] 856239596596327022199401322698772219
[42,21] -349445162872059999798553534079452149
[42,22] -2418142875131273400375319354001452245
[42,23] 4729756603890119583976109586546186024
[42,24] -1819986565231075265232579337604900886
[42,25] -5976897835966113047479356230501160240
[42,26] 13409961928390338594189470581815529934
[42,27] -17314742278138998295785712432066563825
[42,28] 13200067808784166097828289015685472015
[42,29] 8692557298368594023242258365632060733
[42,30] -43882688853683173574229325763687945736
[42,31] 62624454642845930390398612629699224253
[42,32] -50119200466939280682448609420472674423
[42,33] 37610747552164307014605132739551011040
[42,34] -44763767920228001525195926993877138261
[42,35] 21840089177345821462517110410854446285
[42,36] 77683340844902381688643072373855372091
[42,37] -189721692150263479072577329997408330227
[42,38] 194868738585310434368796536033384920651
[42,39] -77696280202132393628506148755375981077
[42,40] -50613358912993146136187137590320468526
[42,41] 92191912182100310121143899082658686316
[42,42] -57048152579473606352350975830448306554
[41,1] -8155657081522249
[41,2] 7922683769389412355
[41,3] -2275444021310424908375
[41,4] 51290585246117661984029
[41,5] 2095847530795388708695971
[41,6] -171436918325387380077730980
[41,7] 3814280946433666791047337573
[41,8] -34094826979750295846378136963
[41,9] 168350396865977354945512862390
[41,10] 1017386068422157244050691748656
[41,11] -17343595638084199751558197184469
[41,12] 82107993332769056295055295442220
[41,13] -110833505112481074766302957508500
[41,14] -1162179842239665739740563159066211
[41,15] 7759271460759015342657972826017217
[41,16] -10833455633369677542990555302177064
[41,17] -61932905294581804220129444655732291
[41,18] 275983127818689901369360628896287133
[41,19] -254971422439779117285824645356495526
[41,20] -824646825577859354808570769976089296
[41,21] 2219186160369392242919410384033144358
[41,22] -472286393086211956987850759124809205
[41,23] -4873479132506947920370849844527149786
[41,24] 5685665689608634309888119201217380089
[41,25] 4802829633885759855235752361979874369
[41,26] -17314742278138998295785712432066563825
[41,27] 16462887332717844135369342716433199474
[41,28] -156461522937474453001388754093804323
[41,29] -30113757889638595358233048346248219326
[41,30] 77984622741441691063521191876030260632
[41,31] -115822074986060652477742698849321195114
[41,32] 78382095474899431514794920806551385535
[41,33] 43782735822894501893890316157431320333
[41,34] -148534994593187176468227923867092072996
[41,35] 145712917643261913809436845638195665096
[41,36] -87617658449945356675131115034934609876
[41,37] 77753345510158721027098682878093392085
[41,38] -101558368696608220883295600992671221939
[41,39] 65235971042326139110561891811811442993
[41,40] 36697350024593757852881319035691705807
[41,41] -108360468777791041865070340230444901269
[40,1] -1660460058239156
[40,2] 1035939302137997512
[40,3] 3615704347312736245553
[40,4] -372108487935791558760126
[40,5] 10130113790300724157871378
[40,6] -203039073923902991724796829
[40,7] -1560426697954546635566315950
[40,8] 36239957783373023279346980832
[40,9] -405909567415113199537793333169
[40,10] 1942671576816712133619254964351
[40,11] 7808951214668922518516151019053
[40,12] -117289930427344482083680791317532
[40,13] 535034563354602576466894120269505
[40,14] -692784084790322425481770559582871
[40,15] -5919273360883209795420955103102358
[40,16] 35392303915547602939489163117185255
[40,17] -46041410821273086964692437098901916
[40,18] -208418939809711884979100655118973505
[40,19] 863662609775192130035574170094425424
[40,20] -753121178989489321207402200730563790
[40,21] -2126839620981294950638162733392489031
[40,22] 5842585424096730658899486562787705719
[40,23] -3836793431729746210133396814372153515
[40,24] -2415205439961617913343628342044590823
[40,25] -1130378206998108845040171771918596589
[40,26] 13200067808784166097828289015685472015
[40,27] -156461522937474453001388754093804323
[40,28] -55269655517699726811942648077003244460
[40,29] 109375849953135902339815140763695911338
[40,30] -111467421196540303329468825862178604310
[40,31] 65466631136285948816887208108654463304
[40,32] 20812451702897559456262283204064384232
[40,33] -171378885412903517088226462788269441575
[40,34] 335457954614689989095757077862540604299
[40,35] -350965140291029912761984875166288129019
[40,36] 149193358637615047999370721910638307172
[40,37] 99113248546529975404247994924984766044
[40,38] -182632768785088896283311096686843159663
[40,39] 108935112610194960182147558066573983898
[40,40] -36630352484745855837959454323435505262
[39,1] 11553247872424172
[39,2] -11812298282338247162
[39,3] 804775780623618010116
[39,4] 243936382782783433169774
[39,5] -18134969705747598336067601
[39,6] 563448941445899919147844233
[39,7] -5780477128790243016449174610
[39,8] 18796310458181984264087232842
[39,9] 210799151742077852253693167232
[39,10] -4201352247108381198302980537847
[39,11] 22687553994350147788994370846175
[39,12] 9824607322821859212505081237422
[39,13] -645818333889666274193296291085212
[39,14] 3428435525404855705036132930854864
[39,15] -4897264199897011974495055604994753
[39,16] -32143060224478908513669802240004363
[39,17] 167501740273628366718452896135346252
[39,18] -189815897029911399619650775669396824
[39,19] -707254485530890164936078830712620258
[39,20] 2521981886384487069115743505222702701
[39,21] -1394340698914954300188347499457906518
[39,22] -7240161301599925815772685918569139607
[39,23] 17102815720368327365180386704060830261
[39,24] -13703323813845650777428832363428179447
[39,25] -425869555247597160255142282476045068
[39,26] 8692557298368594023242258365632060733
[39,27] -30113757889638595358233048346248219326
[39,28] 109375849953135902339815140763695911338
[39,29] -205116217368065235176778130036268809490
[39,30] 174074906187424704987591919357384449903
[39,31] 40069799724895565190544470565262653837
[39,32] -296633586578864307607439996980757065920
[39,33] 438269068039688035176002680103373984798
[39,34] -454311094547754001290696153031560020328
[39,35] 360417720297125771049107776766406849562
[39,36] -104940846542799539843895813673678965372
[39,37] -254035390051177896318257705071597684330
[39,38] 467212080344379370475691959417815541154
[39,39] -371271594713184757817081542136939997798
[38,1] -6382650105146591
[38,2] 1256538692919273666
[38,3] -7269234679752792232208
[38,4] 541508222143946058137074
[38,5] 1375488650257699830920967
[38,6] -233470272188882194568698883
[38,7] 7815970389725258077725912087
[38,8] -63645498217583786218418675286
[38,9] 193925274999874549743115379851
[38,10] 2938423310442937911474848055125
[38,11] -41863119851764867143362692417881
[38,12] 172163688685511430912681365042845
[38,13] 46843067815434492698691607328719
[38,14] -3546376037622554764677343871507367
[38,15] 14560397059720391348751009731816393
[38,16] -9261021174050945286211031853687433
[38,17] -147231683662026456566726709148860918
[38,18] 575648473799211311964947028209500597
[38,19] -559183558332049065615934229214456586
[38,20] -1650291189578183581870185401677337595
[38,21] 4743760430809048251082482965302937360
[38,22] 231834477141135543880534184097977874
[38,23] -18463207807645228154597497916270841252
[38,24] 29863417077502996667823645212614038001
[38,25] -5075618272484188899980808118335945154
[38,26] -43882688853683173574229325763687945736
[38,27] 77984622741441691063521191876030260632
[38,28] -111467421196540303329468825862178604310
[38,29] 174074906187424704987591919357384449903
[38,30] -160383739990228221779766021051178013250
[38,31] -97092033155095801462867466444103494800
[38,32] 511500752499349772322708965538813220788
[38,33] -722627034024814855150379177335035064042
[38,34] 534119006483362147503691914911750309589
[38,35] -141454836986209353924936687029199638262
[38,36] -193693390138235678839124750417933293279
[38,37] 422965752013373949558978184593210785998
[38,38] -546451347277862352374654970066229129944
[37,1] -8038830423854674
[37,2] 18408489772482403338
[37,3] 6380988806883854179830
[37,4] -928102430973966460252812
[37,5] 30941345225952843596331617
[37,6] -667196734587041868810119093
[37,7] 1751224404433269664551386280
[37,8] 27421027343417001004345156816
[37,9] -330560468511487854039089078785
[37,10] 1101612788506359309501027963096
[37,11] 19410228524438627886075431285359
[37,12] -224345638534143578121524920165102
[37,13] 955418227291985656899468590164147
[37,14] -1091188753032671362753920862561634
[37,15] -9920105259991696089315695905380007
[37,16] 52667642145971211436370633129561176
[37,17] -38176584717903939456770982193739123
[37,18] -496333460059950010390481042240599792
[37,19] 1934451508925909398357235145639996225
[37,20] -2446846236890495980635998723165153020
[37,21] -1976277877294878856964881860128978441
[37,22] 8508176291293718998824295862473957456
[37,23] -2477125366197150235379662185085498340
[37,24] -15709627995703483089526082179356674719
[37,25] 4486412625935650446806453580616186398
[37,26] 62624454642845930390398612629699224253
[37,27] -115822074986060652477742698849321195114
[37,28] 65466631136285948816887208108654463304
[37,29] 40069799724895565190544470565262653837
[37,30] -97092033155095801462867466444103494800
[37,31] 177582532933146529436479243210108893266
[37,32] -408203762948605178163318474104531660787
[37,33] 609823970352561265333228930924707623154
[37,34] -425867382673146210805689904255767416371
[37,35] -115028133251071499081975819387394450513
[37,36] 552741615461637805132793372641178380167
[37,37] -599998961144548320792791310081999373367
[36,1] 11752394385970063
[36,2] -6171348404617400508
[36,3] 5060091728645777495229
[36,4] -164866782105078331634812
[36,5] -31511178418413155674027811
[36,6] 954354146606342302501242867
[36,7] -11404295805461722624624246761
[36,8] 41242295836549855345949347354
[36,9] 214940731607520302581114307127
[36,10] -4589186211465317800699531321688
[36,11] 24054475943649845853582474977300
[36,12] 91804199310369470612941460120904
[36,13] -1460772107167457481859643544460213
[36,14] 6596611128406713174747690565936222
[36,15] -7803073969126440037595479853107047
[36,16] -41754167075087747928352523096283619
[36,17] 185177146455720080187760014610176319
[36,18] -5658215929301189018329604562530469
[36,19] -1941941082376039785124573611867745805
[36,20] 6105775472893765813375149933202096617
[36,21] -6524524307164901844152088918826980870
[36,22] -7011250570456594172751186717940474935
[36,23] 29929772193360137617371459805649502644
[36,24] -37888379419360269555971546612271111978
[36,25] 30732740377993633530745660043930813477
[36,26] -50119200466939280682448609420472674423
[36,27] 78382095474899431514794920806551385535
[36,28] 20812451702897559456262283204064384232
[36,29] -296633586578864307607439996980757065920
[36,30] 511500752499349772322708965538813220788
[36,31] -408203762948605178163318474104531660787
[36,32] 112464065384735449413493748154346359236
[36,33] 67366177527257113222306465220619694395
[36,34] -150229074149274111841962511686338958678
[36,35] 363454091265683049057709880967856455518
[36,36] -609514065075841223362816488511387578438
[35,1] -168215765979172
[35,2] -30675341902005926874
[35,3] -16698979109877264740221
[35,4] 1582149251853490717798261
[35,5] -15906382165328355326992086
[35,6] 14319449429158286029796934
[35,7] 6966818200533597376675738002
[35,8] -46129222668919857597322907919
[35,9] -146455125475570576359859882581
[35,10] 4710378175486597984600709046494
[35,11] -36835797074029326121774323408501
[35,12] 55276352466344918386080165267357
[35,13] 835974653697668061736475774490379
[35,14] -6478518990817495609338599357962461
[35,15] 23070599343996755090621727118187573
[35,16] -31074035791134672109704257409965114
[35,17] -84941239497400000473255197508757365
[35,18] 327594505604863893036509818677361069
[35,19] 465305876177239703944393535424612479
[35,20] -4947020504253002898853370207204061723
[35,21] 11489560090952098595839113529602521564
[35,22] -4490675642302104446911749252045460263
[35,23] -34578323311811057582002508776462588155
[35,24] 87103538870674918094159803266061684277
[35,25] -94877634081759732701034560115331837463
[35,26] 37610747552164307014605132739551011040
[35,27] 43782735822894501893890316157431320333
[35,28] -171378885412903517088226462788269441575
[35,29] 438269068039688035176002680103373984798
[35,30] -722627034024814855150379177335035064042
[35,31] 609823970352561265333228930924707623154
[35,32] 67366177527257113222306465220619694395
[35,33] -816727488920157395009322401093617557070
[35,34] 1027293326431836890171310566441598434883
[35,35] -725214680504354826809613700244305003872
[34,1] -9928018563897302
[34,2] 25610337562850872069
[34,3] 11139889994081873346590
[34,4] -876791142465966496735429
[34,5] 48590568443036068260610995
[34,6] -1088342747028333701227264677
[34,7] 6406873861945913252806764276
[34,8] -9132780908751947699422321224
[34,9] 69706139315407277399788580502
[34,10] -936504032600346647819165751272
[34,11] 10007853838782874434711725300455
[34,12] -122834471269446805878718316294809
[34,13] 498708750404876751298462284699444
[34,14] 1153367080973799875166603382292032
[34,15] -23230023560799097677004263093706942
[34,16] 101728781814423309996456836872772180
[34,17] -195339371146584190174999541770014165
[34,18] -63833404831226507913756722216807769
[34,19] 984185615290152872817809341468099511
[34,20] -610632027397991410611919816518855731
[34,21] -5046165728036589552606785802093345439
[34,22] 10292830508559893977980485862632860032
[34,23] 11189006301002101606472589068091541443
[34,24] -74000644926260246752710498982855671105
[34,25] 119115826807458944631931456616949051670
[34,26] -44763767920228001525195926993877138261
[34,27] -148534994593187176468227923867092072996
[34,28] 335457954614689989095757077862540604299
[34,29] -454311094547754001290696153031560020328
[34,30] 534119006483362147503691914911750309589
[34,31] -425867382673146210805689904255767416371
[34,32] -150229074149274111841962511686338958678
[34,33] 1027293326431836890171310566441598434883
[34,34] -1470026522683015683822011289348860717584
[33,1] 6099600174334385
[33,2] 33987454894969050439
[33,3] 15164902122770418496593
[33,4] -1564306720590632720703627
[33,5] -14108516053227185551013863
[33,6] 859893165426050809480378644
[33,7] -12421842925283789692991919737
[33,8] 47273152017599999242274938027
[33,9] 203398451670630218708273809635
[33,10] -3372606909161372853695912602733
[33,11] 7347780735277716851174296998228
[33,12] 167129570801030726230856519700315
[33,13] -1247796723742153049503411149693345
[33,14] 2512223526800341536438502680756547
[33,15] 11640151333063059764688799474141500
[33,16] -104065981541809744812338866303368445
[33,17] 354288001497040725407465345371721434
[33,18] -411835734171834964714223587681507236
[33,19] -1154681425466428205779946908801221866
[33,20] 5411419039415556968441582755126719979
[33,21] -8114519903022352132845856513736783553
[33,22] 454044378119843568273059307705914084
[33,23] 11927375743513906746495404014334101919
[33,24] 1536002849218731228082341155761546011
[33,25] -42559681200696842297227139429013264817
[33,26] 21840089177345821462517110410854446285
[33,27] 145712917643261913809436845638195665096
[33,28] -350965140291029912761984875166288129019
[33,29] 360417720297125771049107776766406849562
[33,30] -141454836986209353924936687029199638262
[33,31] -115028133251071499081975819387394450513
[33,32] 363454091265683049057709880967856455518
[33,33] -725214680504354826809613700244305003872
[32,1] 3705621352752388
[32,2] -57657151465427359815
[32,3] -34209286361980091188757
[32,4] 2010678755753371571547171
[32,5] -32262205073051498492912631
[32,6] 267021265096104184032112466
[32,7] 4869735901434348378088707200
[32,8] -22207056293892106986768437994
[32,9] -405215242408777671494763524415
[32,10] 3073535183201910378332446949138
[32,11] 8347355217697451197746106121622
[32,12] -139452074741349186952588181108267
[32,13] 627618695565587202094026931711299
[32,14] -1501944499885737885803223218835927
[32,15] 196336884605178023396762180262660
[32,16] 39645060289330727250982961030469361
[32,17] -205998887091947296404454134488092281
[32,18] 423604257496507063710872628576173552
[32,19] 484599316772291293566847836594864371
[32,20] -5553331691865507127524153348911253522
[32,21] 15204285030487698323940671194748348670
[32,22] -16977709578436709796167810359307504750
[32,23] -10445365176031191630749646528527280609
[32,24] 62252424275449187879386931709232517908
[32,25] -91307855165562396244756240674811332161
[32,26] 77683340844902381688643072373855372091
[32,27] -87617658449945356675131115034934609876
[32,28] 149193358637615047999370721910638307172
[32,29] -104940846542799539843895813673678965372
[32,30] -193693390138235678839124750417933293279
[32,31] 552741615461637805132793372641178380167
[32,32] -609514065075841223362816488511387578438
[31,1] -6186932459058043
[31,2] -7881578469384586443
[31,3] 11114591999283831150405
[31,4] 825973460746853245098349
[31,5] 18101446188880092542327389
[31,6] -892340803750990316056332364
[31,7] 8203044509589969573772734382
[31,8] -38232758673818561738549191734
[31,9] 121123664124169860559275206367
[31,10] 1263230828173199257153741960279
[31,11] -9113463839694859699027374947689
[31,12] -67715118672695605609689738932453
[31,13] 475604566847377380896262076501032
[31,14] -198256873664554043915803803821389
[31,15] -7669977326518959782800884996814370
[31,16] 42076932597973450267874118003077758
[31,17] -109951367007750596170160898508248657
[31,18] 101578368315028489269658037649205044
[31,19] -178628007296087059429027967857585335
[31,20] 2358423454619333389003832084979692892
[31,21] -10340951793799224810791828439879122028
[31,22] 19804673951966452765170288550131765413
[31,23] -4447120640940533813341835531477657558
[31,24] -66346197160608578926048086779940731017
[31,25] 164994904492620016798689892398387718645
[31,26] -189721692150263479072577329997408330227
[31,27] 77753345510158721027098682878093392085
[31,28] 99113248546529975404247994924984766044
[31,29] -254035390051177896318257705071597684330
[31,30] 422965752013373949558978184593210785998
[31,31] -599998961144548320792791310081999373367
[30,1] 1041646626932762
[30,2] 71288674303329486502
[30,3] 37478309346434616895611
[30,4] -2703991206867857689369590
[30,5] 15057022645071157760286128
[30,6] 624183376191201332461510131
[30,7] -13020818082316590149715649621
[30,8] 52263825417636192157134464925
[30,9] 326572236546131968315776469851
[30,10] -1527959538826748143607444502032
[30,11] -30359797945770716922170435926112
[30,12] 256546862126610493481315576207484
[30,13] -675159072099624655865944554794938
[30,14] -794385497557968950200763353688369
[30,15] 15486191429537319970470918591398124
[30,16] -94519820025797637060400946699267123
[30,17] 314616222018628729847920032438588233
[30,18] -608565356936246304556835923690525968
[30,19] 489876051403264356118703835192339295
[30,20] 389381868364404280357591794663888988
[30,21] 118685986899177184862708490659386272
[30,22] -5451880679341589993923666850182385684
[30,23] 6157777808790791373020573876723256379
[30,24] 31124940551149003817646850637649126957
[30,25] -123506365302720539137673947807421416175
[30,26] 194868738585310434368796536033384920651
[30,27] -101558368696608220883295600992671221939
[30,28] -182632768785088896283311096686843159663
[30,29] 467212080344379370475691959417815541154
[30,30] -546451347277862352374654970066229129944
[29,1] 3005688616361131
[29,2] -33554214961187665077
[29,3] -45742362729891000275118
[29,4] 287507472492300278326374
[29,5] 2200299064999206456127920
[29,6] 29292260136118273669962019
[29,7] 2638107697739031216713810338
[29,8] 2999358031325920294257824451
[29,9] -130830300537305367942129667420
[29,10] -3766097454223022756677933620922
[29,11] 46092542442943951531728220946913
[29,12] -138895175482807505127213827632712
[29,13] -113877969496261559379416632569674
[29,14] 3276206926679993204067399531947619
[29,15] -22402270643691700922232001509859149
[29,16] 96920043878108834658569795355946754
[29,17] -296274370225125968978658133384873452
[29,18] 658420150433168302192478804578126926
[29,19] -719858083158047643304231361458247443
[29,20] -1096376973829737139385203054584649965
[29,21] 6124135793932238103316487937067160947
[29,22] -11139437658803650805299871846439734587
[29,23] 9345673217058989750464539148984085424
[29,24] -6520551088670421406912318066536594845
[29,25] 29269591496668960343616026254547792669
[29,26] -77696280202132393628506148755375981077
[29,27] 65235971042326139110561891811811442993
[29,28] 108935112610194960182147558066573983898
[29,29] -371271594713184757817081542136939997798
[28,1] -2070816346528066
[28,2] -47214729127833989675
[28,3] -7516113409279641952945
[28,4] 2777080395918890611906588
[28,5] -26391932969967547440450820
[28,6] -622387709388278550028798193
[28,7] 10751017708443960157983694997
[28,8] -35461501195709740921591599279
[28,9] -490701415256450598470041223691
[28,10] 4388692307759310158207387799111
[28,11] 5221963444166411217085953172358
[28,12] -160277483226854368965774016598408
[28,13] 862294586718380166518587242274655
[28,14] -4330056375146509730522291166762923
[28,15] 19175617354737344083485423465871433
[28,16] -57431652556000893346213089595678024
[28,17] 153259385326070285554101245674554803
[28,18] -346684706992914869202113766856862375
[28,19] 437738725654465318395622923417562806
[28,20] 801218932783665580494921351153987838
[28,21] -6179153149200423003157162404116842309
[28,22] 16560237599158864819393766151836449203
[28,23] -22694420424293166801461129638361489752
[28,24] 7406834253788477202881102023223227942
[28,25] 28607243678098417447814682578874940744
[28,26] -50613358912993146136187137590320468526
[28,27] 36697350024593757852881319035691705807
[28,28] -36630352484745855837959454323435505262
[27,1] -448243121887422
[27,2] 51467086189202983296
[27,3] 53408511258610913952321
[27,4] -1514906079248555051650179
[27,5] -6415512801839529046576710
[27,6] 682067986276483430231070006
[27,7] -8840119491861143297279444361
[27,8] -1738512712098951244003956544
[27,9] 328497654320941538744643571692
[27,10] 3409541067576446334377628110561
[27,11] -55608138018157960846033828152680
[27,12] 263742639239248358024258270209635
[27,13] -862728138806694283604502452004066
[27,14] 2556157300632224426836348880461824
[27,15] -5224159316762581367072218978232814
[27,16] 7912238296754489130602186432440105
[27,17] -14093553330874633183206595274132521
[27,18] 14282823473064144910335171754027758
[27,19] 51087927707131803017484822297166664
[27,20] -679839174200950544800931866845132924
[27,21] 3701767662957438849733686158445578529
[27,22] -11536361372509333104884497263243321137
[27,23] 20582487721373486554870470709670021067
[27,24] -13266927605920903416944060226331024497
[27,25] -30010991829513022136568571571010156295
[27,26] 92191912182100310121143899082658686316
[27,27] -108360468777791041865070340230444901269
[26,1] 1138140848317587
[26,2] 11258840103826626612
[26,3] -29700579897424350044993
[26,4] -1994642133833795889878133
[26,5] 41964356725970506532572308
[26,6] 19997606638324720416657196
[26,7] -3932047870258297411755977205
[26,8] 13623010798773651389241167295
[26,9] 598131607687510756939243351748
[26,10] -7868121133189119705524588280122
[26,11] 36664003600531295279392015842759
[26,12] -98886176534198259131130517703182
[26,13] 206195208529190775930599302148511
[26,14] 665528900403752469058594216219359
[26,15] -7082583519184364141962671369643624
[26,16] 23757886357733320543494087387687134
[26,17] -63861095350040615521014968941696929
[26,18] 153841727887032159892535266307406394
[26,19] -346466771701574818661437489992502796
[26,20] 768789912747772119973510302865619115
[26,21] -1801113180402172697601689462955676317
[26,22] 4431412867820000900260731285465096803
[26,23] -8951862350482593833750295610846866378
[26,24] 9024456240811333726827938276524238288
[26,25] 11034456745209832412167391745645252955
[26,26] -57048152579473606352350975830448306554
[25,1] -339982776487239
[25,2] -38293208815162171579
[25,3] -26358324709994220373919
[25,4] 2251148426738104106494689
[25,5] -11320424304033029582894013
[25,6] -660386438613760186746275472
[25,7] 7162734227214867354999027694
[25,8] 34970724977236200005304723724
[25,9] -788219911357599080667889383046
[25,10] 1982339143460006424511295870528
[25,11] 15142530949102030973968196805080
[25,12] -95226895571547541240507563172886
[25,13] 468921777304840618896817130759101
[25,14] -2536355088963829517016020255669147
[25,15] 9813523972424596981686655363268582
[25,16] -30302043402929239171338671679902846
[25,17] 80159118771199116651708497057308423
[25,18] -181682596695717303765523138036042060
[25,19] 391996011546031103036186838009312862
[25,20] -718494533942510406888251164254783685
[25,21] 857279141595259668618168285011239549
[25,22] -365275561573200199433098203698341596
[25,23] -294013832974673403681125210259550219
[25,24] -107500946265988153346427074052074591
[25,25] -775047541531246858552511584602340509
[24,1] -275402365836864
[24,2] 5960479630235602496
[24,3] 39522638819904595467108
[24,4] 592116186981505737744550
[24,5] -33938303143238582458293383
[24,6] 352501744874375443728452505
[24,7] 1149322213871452401471808063
[24,8] -38350914122007670643496826824
[24,9] -131527099913986100852229663393
[24,10] 5063644470678772914855978968170
[24,11] -32945903683690350268245212479357
[24,12] 139112292831988483034908892513139
[24,13] -599292977991456548090746882869221
[24,14] 2077014620533183338825476412217539
[24,15] -6396242502381138576802610467576827
[24,16] 21068165719547797321090295059377451
[24,17] -59145522400651619987465919337745958
[24,18] 148084656348276915979421158959901434
[24,19] -313181752990921084232114850233455496
[24,20] 488991737862659195041101601924614892
[24,21] -350247132574179669317729108328734988
[24,22] -775797135940800812672887164572350276
[24,23] 3054994206710436416285746421572274914
[24,24] -4136981662155611454489239185309480902
[23,1] 236528329750656
[23,2] 19403848782100612572
[23,3] -5314124201196575016704
[23,4] -1898505620232778870732582
[23,5] 21865935566043800516442789
[23,6] 337620863112141321981419983
[23,7] -4566303572904131182218493132
[23,8] -29050500798084420134615465076
[23,9] 750575650633253330519394508727
[23,10] -4441941900422399042356177546528
[23,11] 14298368681856183662306429434854
[23,12] -64854870612152169448769197623581
[23,13] 263484246876567099406341002312429
[23,14] -735209565483792211836928789331358
[23,15] 2447049283788230619925688613567571
[23,16] -8988749293875728194037874566586631
[23,17] 31999328619983474772611007594137814
[23,18] -94573422731103587620015027124760134
[23,19] 196549105824663487293361757480954684
[23,20] -258726524267320054092743447805653733
[23,21] 77133481085033159224226538628469272
[23,22] 675755476253469222223552134507943405
[23,23] -2100086033428834959349319347659132132
[22,1] -14000386507818
[22,2] -6830821948670143347
[22,3] -21974258625340871324622
[22,4] 432938352612394907942753
[22,5] 14835915847178218865036727
[22,6] -349910615703080240772093312
[22,7] -790596210786837417296161342
[22,8] 56546356154007609180847763566
[22,9] -331323884284241845633022948614
[22,10] -183232980249955556083689645335
[22,11] 4676781941333920679889693621460
[22,12] -10844702687511495210670560847711
[22,13] 41856259713376324822784538153636
[22,14] -98400728433379724861005169935901
[22,15] -87338925051573853398188867383366
[22,16] 2013509981634571075775621723518104
[22,17] -13118177345103181726883832605161506
[22,18] 43551316880346617868571465457083434
[22,19] -90577825435294619998095632034155296
[22,20] 109600931273034780267991195074112620
[22,21] 1032594302099899386219518292078528
[22,22] -299705818017945444925969100603815932
[21,1] -61703792795157
[21,2] -9045287559680490771
[21,3] 15529687372367487935178
[21,4] 909545246558159727299078
[21,5] -16545679269792477121291403
[21,6] -120703524984987820803201588
[21,7] 3653412898449469856414312935
[21,8] -7638272958998457576742122356
[21,9] -261974244673567760361715492347
[21,10] 2097209996729430935700720295814
[21,11] -7624884519244368704953573521050
[21,12] 28763173916135940635462811837471
[21,13] -101929030677611055685625887188337
[21,14] 267274333723917309995504538860526
[21,15] -567313985254324543547805658120482
[21,16] 176387370947015449399529864935338
[21,17] 3023276879029384199379025393967595
[21,18] -10567345761836867613843642598615641
[21,19] 23372383628943513448048861685555379
[21,20] -30423284849656981037767592910898675
[21,21] 13514670685476811249868089337196345
[20,1] 28631892707601
[20,2] 4754792557733245467
[20,3] 2829332573035623056054
[20,4] -569148792785995590841874
[20,5] -3802286831290628454622284
[20,6] 240207369172339572622966447
[20,7] -352448546314959005265807634
[20,8] -32262741053462401126266401727
[20,9] 285769758633711849891903370607
[20,10] -924866518002605215426810624403
[20,11] 2478190970856218228890235762307
[20,12] -12519637692576509211487628048807
[20,13] 47318597196809168056652919521791
[20,14] -143769624359916405777929222697576
[20,15] 299229203588984153416416280843486
[20,16] -443598267506897867057996165795607
[20,17] 1163940465345663319670987111377575
[20,18] -2514721628419487317983433369443233
[20,19] 4400295736831587357610280509757865
[20,20] -849210760380238587195663689227458
[19,1] 3145323144855
[19,2] 3884936498747728541
[19,3] -8893467522320261262821
[19,4] -197303839972637166047523
[19,5] 8345276667199364364711004
[19,6] 8296446175970995931866379
[19,7] -2187703628362994481871169172
[19,8] 19023395944273206682821433836
[19,9] -16208809122888008838924151890
[19,10] -306415408194505667109584152619
[19,11] 904974248394117098523180220775
[19,12] -292082911361757722929431645278
[19,13] -5148715639466463249184678731877
[19,14] 11380365601578298592641081520105
[19,15] -8166282049283754548005308306749
[19,16] 305411626085787208389189930795327
[19,17] -1582648336431490738180209189148440
[19,18] 4638448537557499006721194642442433
[19,19] -8557896786211551961397368176699947
[18,1] -7325415695607
[18,2] -2935302723037857370
[18,3] 3489287616661784966847
[18,4] 287482301712982956203405
[18,5] 372131664317884009633836
[18,6] -126693272810113956234131253
[18,7] 969247977037564603609706869
[18,8] 6057921044050540745464350649
[18,9] -95794406646777771684875374926
[18,10] 398803040671870702663561215458
[18,11] -896319472610862744493765655092
[18,12] 2306430665853711844360760126754
[18,13] -8454399191062692299889964924501
[18,14] 30829891474827799569892873289802
[18,15] -48067543230968686305415517041089
[18,16] -105180887869272456260401811988726
[18,17] 887458474656631070823997661494638
[18,18] -2842577200362649097880245331679104
[17,1] 2209801321626
[17,2] -1094991100267487268
[17,3] 1709235845989673283764
[17,4] -22370877327708962834960
[17,5] -3545846549036420443303695
[17,6] 33275727974621776433641485
[17,7] 619133235473223926241696485
[17,8] -9504008400823343620654946259
[17,9] 41680216843689962305863600756
[17,10] -62592720958853149300372520747
[17,11] 107744906068162243014650502321
[17,12] -1210382621897769444960149554527
[17,13] 7121906825971416331881601573063
[17,14] -20120036023105903930790505354834
[17,15] 23696154916254199704176531097191
[17,16] 31265473818641474744774824388493
[17,17] -294346180483749773940115566617634
[16,1] 431126442273
[16,2] 1235040279149556261
[16,3] -2076346417065480935220
[16,4] -81442223357202948513374
[16,5] 587948305304047654266913
[16,6] 39114979786784519505826691
[16,7] -569624912121425014070812582
[16,8] 1625059907233887148622427368
[16,9] 11099087349319787737642074697
[16,10] -73486091214668740297473118028
[16,11] 96307971931054907782945576525
[16,12] 455462526133689711497024747966
[16,13] -2538184741466470615197371661522
[16,14] 5279944532263066658939074794848
[16,15] -4236621994480146898464153048467
[16,16] -6948600281924035123947565744694
[15,1] -505092348724
[15,2] 206426644853039432
[15,3] 398465790383357202153
[15,4] 30361722452747702873451
[15,5] 1055525628315751464075518
[15,6] -22642508148919710137409330
[15,7] -129475651565747309242283
[15,8] 1983260979476290709821286546
[15,9] -13698794104811587930491463554
[15,10] 35935861560934969309559911237
[15,11] -19702497605541340199149959519
[15,12] -89543916830769149652000571086
[15,13] 27215845997257277657044122604
[15,14] 618178475931963371735834276574
[15,15] -581125388548331983472688746031
[14,1] 127197111316
[14,2] -350948646054983253
[14,3] 413852836073232293234
[14,4] 11764031922403630333914
[14,5] -469486579961812216505436
[14,6] -3399242436301885448980248
[14,7] 139884623018349861108036065
[14,8] -1015700186541131149186732311
[14,9] 2250059171145189544738826293
[14,10] 2627058558419058460908850976
[14,11] -12147336546477867447241071687
[14,12] -52289308434311236749248904605
[14,13] 409420883463998462951834452214
[14,14] -1057957018919619642148455419322
[13,1] 15963402446
[13,2] -56898524215492012
[13,3] -246388541846763530213
[13,4] -11389234191218538432059
[13,5] -88856468496760814358098
[13,6] 5586308773762565372368832
[13,7] -39944772161159953303751356
[13,8] -58396650481230898188146953
[13,9] 1651779221843349964179940762
[13,10] -6535450370281800214489031237
[13,11] 4328136898875766032019107813
[13,12] 50060211375625845992820224253
[13,13] -216065515116839987008980879019
[12,1] -19841358091
[12,2] 87951218575947027
[12,3] -2005868302665272628
[12,4] 1429826482567625146923
[12,5] 110110311977681463926777
[12,6] -995999839353946026620526
[12,7] -11054156698727370181096572
[12,8] 172958924489454778802841943
[12,9] -853427672183550088792083498
[12,10] 1788208046301485299522748014
[12,11] 832841254630807482334407044
[12,12] -17062076828374184109449783898
[11,1] 5637687865
[11,2] 15093055877427357
[11,3] 37916684687546258589
[11,4] 1911748020725861712111
[11,5] -30495857326284916666713
[11,6] -328038854171584954279140
[11,7] 7273610224269052130215950
[11,8] -42255804458382864051320892
[11,9] 83725329047217411940493796
[11,10] 108605524260355956678426476
[11,11] -805289732734499565876880998
[10,1] -336928930
[10,2] -14711766760803065
[10,3] -8459177534048214946
[10,4] -1073054185991245903841
[10,5] 3070032461639001441092
[10,6] 124897211186372983653565
[10,7] -580199999139787241289055
[10,8] -4901125111264918517028050
[10,9] 52629863216657102069055653
[10,10] -190294158616863217990910800
[9,1] -299062607
[9,2] -3982000325424191
[9,3] -1404569995613657997
[9,4] 114114847652780883033
[9,5] 2017185782216133029805
[9,6] -16824740303315035300602
[9,7] -308887558976790541643810
[9,8] 4436176564234031100867952
[9,9] -23685837162551182860403965
[8,1] 128749277
[8,2] 1522416831546471
[8,3] 667023401500378824
[8,4] 113557490181349179522
[8,5] -2182871514778999702965
[8,6] 11561357158383294596592
[8,7] 45789546906877290151223
[8,8] -889574956649287725707670
[7,1] -29546933
[7,2] 893352036771911
[7,3] -12658874860544465
[7,4] -56042218685747452915
[7,5] 951103427843420908200
[7,6] -6391058088333035469141
[7,7] 15906170630658901776397
[6,1] 4581527
[6,2] 167611758063131
[6,3] -19434494168695302
[6,4] 10647906174384477375
[6,5] -203919107524596195136
[6,6] 1619900099511452385150
[5,1] -504644
[5,2] 13916797035396
[5,3] 249356237631943
[5,4] -840602992114161915
[5,5] 21060197607087127530
[4,1] 39329
[4,2] 480058425107
[4,3] 284647941678088
[4,4] 16218634727905656
[3,1] -2077
[3,2] 5443848825
[3,3] -6805686182838
[2,1] 67
[2,2] 11249166
[1,1] -1
