[1,1] -1310020508637620352391208095712502073964245732475093456566329
[2,1] -12517973749203927811738210692363908706769459221428670807189366
[2,2] 1573573652396206439060833716451710391214713924419117013831729554021858
[3,1] -56330881871417675152821948115637589180462566496429018632352147
[3,2] -3024325290367568075692335951530484342770199680692366170834893483765202786
[3,3] -292379025778213045864574869183623278125962769524567953023575486222315797268144
[4,1] -158652581792608354405925799712365259046289835710818425895598924
[4,2] 487124981567558721449417735763474472875516429560608522055132376448989631584
[4,3] -462526058901633380609888857678264394381908311079055407593734705281083118103196978
[4,4] 2197555833186032593516261406510438252032992270751485877690220064082777492095344935128
[5,1] -313480068167110372185133138407140581146135282228562486065960819
[5,2] -19718729279501891418856304039003675803443175116513556357796295940069402930890
[5,3] -78194084536705416853920171641922728244889984671729428101199127889703731480307289696
[5,4] -428963049163065840694516389097338777454807519825400301019450916083173912522363490487946
[5,5] -34710684267485186188376504374062560546779495444938377756728365856405744704024251056573299
[6,1] -461611544129203115228755401606496735767919793946935752554534990
[6,2] 305509519698275159929949370358944208787294747334788514232648172127715979483484
[6,3] -2723821506286703414263947006238922304655041134260400849402951900181334290247318709154
[6,4] 6403686267223047493773726692853942706543979485568296897236259919962551442355438097563928
[6,5] 306359487198945292826700124779179591473953620308350427833408785232238254442399761650054364
[6,6] 34501972085532187353228563752367527518876461713403156926854446544560947366949111770147353054
[7,1] -525206686952517716186362478586568650271991237748896646915078477
[7,2] -2248249459627389877051897828294752813899615844192993644049838884203098222638462
[7,3] -27397607931154457959650836099629885027839729778599932497257118619446880181303423682017
[7,4] 2622859709630793222700139237568628354528960924090205582681769262828149394239269142261456
[7,5] -3327603222607640186261051448766707857070122333040104715440144158243105927267676424455587770
[7,6] 220892267863113996849174336405179151118651629734709328403676679132004270153907468089825747316
[7,7] 748939878119936798871005889761871600323916500900313141615584781748620342622833450419249185755
[8,1] -472313972024860700168359057987049283737224741690396913053417224
[8,2] 8948199224330246705248591329533044568255350015170165418268596019640369242849148
[8,3] -97063410557417945925235094290605100167192848135175323424228710985700934622781190041092
[8,4] 32580672023822729814703146236139053249230793356205310457442373880432930993010010917720163
[8,5] -31943333827808555567393607977985318406443908285296375130540669981166684066859171549974561576
[8,6] 815325453471806596392951732070248815541118214490042920645780138570035854738759002147107235112
[8,7] 832479845629662993917841677186439681601966909386339730380053197003164383608148349370555662594
[8,8] -15559843796792519770123638798396065175558427654732313185797490280079116179432438487932463650392
[9,1] -340510527514229815772707244998947476465431740975105016660182174
[9,2] -21009084777766488166936099018022046453255490714615848197285664181050533562623196
[9,3] -134085175469338618156209878176287418093686789039995404474451535420452396901622207231620
[9,4] 272162352336964411199390605733742584032561375157226305287440150706624552139137617224204988
[9,5] -51385096281532104157587425024643739723284912904184801846121782278596884245832621260138518897
[9,6] 1607530058509466162904649522356235527569333362296668851416389662173337140701621249201603661174
[9,7] -3301591349421047040713510064386479272167821906929415968453542688962512065345975615657146015142
[9,8] -56775627080106861358487119295198216702314129078767218721882462278358859050864529075718800965174
[9,9] -132684403163431731583651655273149536243910330573578144361554345601063941945381121146585753264918
[10,1] -198376017550531351504572603820616328138826139156378346108343740
[10,2] 30989941184230862156586501121688640994031363522378620277105356589682630928839096
[10,3] -66856272864196330967177569344107762495162122905876061917033125518409254290006740215188
[10,4] 988898766959610651780851342849755196208171130238370586788272656652784159028268684823790056
[10,5] 7769776089312583860436052558636367944126729341025223187680796801410423236197076997047167866
[10,6] 2758946082864617217162105940614837630780862734394691003069188077901265357579210880797583726627
[10,7] -24461934674317799378256225096570193808441828343226035693064649882096777843629272476339500434534
[10,8] -100830093185222593003368542601294718342719524020426471554108664493965306001571323666536548371694
[10,9] -22321331484156542936580592916218083541784695784778516669146033555914056009227344852289172341694
[10,10] 975601657208518816350486773360295944606847320657940800531290700154028533723844488723850992580716
[11,1] -93650664223262910783222516405864373735772497147010514989648766
[11,2] -30159880994020136572923212478483671426090452696296095768502874222857599985902124
[11,3] -356769965470864938536155563795476873844576231193583901289989294395362348977334142577
[11,4] 2063599293540430080391017387070671396567341760598489143195306655639492312777682164648743186
[11,5] 83346349285354015563608029857253374533146667646034057882637628312347478839837442791876147544
[11,6] 2680561894130977508156640283295966031551131468668167696049918790284258621181666587161737741134
[11,7] -47520154870001889833180021657862267974713470411360964790572307440599022141498703288331424816509
[11,8] -61672173144163977760008367304942290489675202174597395728004146956488025569042347441325874547480
[11,9] 254806110037527746985513265172429544825615989427555495792337602999329046834564201125219770808955
[11,10] 2021642573701037808462098867424012051606053284573791843077258039992030296007288296994579154919750
[11,11] 6674185895568140444638536987399377347305957670752113311486760386979525397549809517055199704404909
[12,1] -35741000930046626821003618970106586861067898706943510458290936
[12,2] 20159274629354182382638736256319133820412616219169197382324934429375739700839076
[12,3] 5395227447974588700647536287973088692748486183103747854501201228501788040793151332690
[12,4] 2631144220031533735525183234530141485650222064516433046871166017514950855701748452412337936
[12,5] 64441087438105321874343332478448283241197533926762293319445376152097732131607127050043444786
[12,6] -439337957540615297022412221449247672631783509017485340067212628178918217429891392869980075994
[12,7] -61646457862765419847368490533830055214153252796297387429802867015762443102944671012581054711052
[12,8] 240869033354850980929448212286848831120449291952610978937947523655852036278112317858645160889304
[12,9] 713530714503385401801329354609934028884597938818323288334198685923801751694416089424279967982020
[12,10] 2162672322685538089651381905161999654530030831857339025661670882240046130633454859089955961373414
[12,11] 8892306787623928422867624840597884996715669278464443295108533934415283568772775918600604336302492
[12,12] 11066488314148566308555179999455250964178943652643472475913880850199442846101582827211867330001512
[13,1] -10933294631094575571996895146744295478309427258805708586488692
[13,2] -9576787741736456338758775251754489131419610072081133305376271095105753619827008
[13,3] -362925247074873090042573455417064065082607134500654704207224510166596026707221987855
[13,4] 2091089303620877062600728172552365147074086045333870194431453821436153194062490851599794170
[13,5] -18119223919289995211954747196930406441610639489433182884967883320286179710861789769708265588
[13,6] -3071884483334580727498286943526738276220058416332606952169329827370249248480814703724750890930
[13,7] -46833961369012634399651581429550825503866854617212649375031923759818063507441231256868722593189
[13,8] 450897253364811611308028385395032191054228506962530170918429643417665117594504685532262244427104
[13,9] 615055715652197360159708432518649833702967571610272714891512014658502363377359239768884615332335
[13,10] 5677602236535063435563589464566484026509846834816108773227979753123391619990951318368351097531182
[13,11] 12262264502555580901298856801520814875164302451015010150299918332242336479383101841426595462791205
[13,12] 11741004842801425743158684531859500031189165163419409696954486633312918901665765590343047321178284
[13,13] -40660629313884040378389149401268916784389402555375869855715518425594642777394860529630841582119088
[14,1] -2633976679252920112692354396678452866947692471044100724909792
[14,2] 3330862445393653672965164254399289016977908437874094371107553065038561570429505
[14,3] -146305354659608332770480584841676582521170468122388440105735424377415741193677548596
[14,4] 1024781809239201137654843106347443530425874187010833470734982462871041050195571373190624466
[14,5] -64815712785360765575628980256686833752680390080940174429256317578446901359745129738701568098
[14,6] -2238275811947537385134770912840884185247798464258472400660984542601252971166880762535667440072
[14,7] 5199204119367259652986270111406878251928374971872789078168099145473247289819612911697259961802
[14,8] 457587252922662954287716838740613349366217173705735565868945259045845659130726147078619673660326
[14,9] -825780404962652154039080987709417142819954224702746140752346671668618653855911955695649860507078
[14,10] 5461011761460841009803205528965854599777489020002600534779398407635370164740756279461052677885916
[14,11] 13978399552509288247590276709617154590314227532447204522958615466743996705985619139304029750813990
[14,12] 54336870999212113384329382416339801914878811607217414994910054530385305800166219019913801967963826
[14,13] -8521225940798576452677617776320059323542962781888245673684562447717890597901461023182050112139592
[14,14] -116540528744743833648970001080872615274114667790569874119653952183696289148981707746489393807496534
[15,1] -482840692358294564413813437156689418238552901946071124249240
[15,2] -870292667729737473774139983171628715437385196160956610125016790845592915814588
[15,3] 33676293750224267925355108692047321852127002492071595679057569756837959890755325978
[15,4] 292403363237787677400014075694244602386263147757752185102970065743969439475341728238477324
[15,5] -51485989978675382943362480232744974511439102186831982161514902596364791729207597497079774237
[15,6] -241362689969197534717480961490270999336016442886759364863944837609606922524689317745412837910
[15,7] 33303096418958885432917457378909000914428886714026923070378855017581389764173829446250181999780
[15,8] 306346912065810567760569809949589351633326521121331194836921536061093359185647763049855221927966
[15,9] -927868178208727679892058083113526965075577587112677498674224985613964496958978761143984032953980
[15,10] 2515698438927357698103793233128174795600455654644231869817419406407441400701250900218600389892370
[15,11] -2382949126472350378772908873884981171595988393290159335747101897075984159626752704206846233167181
[15,12] 43065483480127347647705385765243293074948828632305174377762866987567490797376810486735623991730652
[15,13] 85870591395991671560763776280233540700323003541091829536617417290888086420112575764452444802064140
[15,14] -33111845046278636147684908897563041354951052924313386109240191926968376153923687914455652522106080
[15,15] -106882350737547819140470661469944628921478416696254269909061794389057610165040263660020933051791508
[16,1] -62438004867619110565134003569124508299233459721419022699840
[16,2] 174632618698435996543828250774439037623914235250721069127788045389132773114870
[16,3] -7494678732116263517603070436391138713519797331658369802817187334692369143254421812
[16,4] 40369704217149351779497668734279877952837110876180485462919077917431031439420564656329312
[16,5] -20891796811036757072285438097920038380333468057341527444674583158312633243593067098276903304
[16,6] 585002432488272823680693589939034728345031503742186399388420932739980172020936035463361326634
[16,7] 19437296651972599703113647893111313007215975946666923382252599459615117688731252318517812268326
[16,8] 6979412085486455661988828371478599327972685013768896255524547709131076058127414110102233916666
[16,9] -583205425319257636068826375126457505303463384309112226093543956098476860827410856752605246941338
[16,10] 3141997266825452571664939788249079789908989215101552654983506431513040238987019826402053331352526
[16,11] -2470895888605962994203272150867497330769393327289059984605474060332240830280697209171970078971840
[16,12] -4170114885376979598472351859334903600061857683061720106710865411190893989752509343792408526692256
[16,13] 60520393020654925754720551644805647918142994945211707485492829186892322152154573266790315558212228
[16,14] 55485251837321184553119221728303426268696495183939483363408629933559762141750845654423338845086674
[16,15] -29631966591751918270953254094169765489634829848809589024545027710061742572811603359464832463252388
[16,16] -45444213221191370054296695733255263618397333583838504244292282864734633608380846547596641691587068
[17,1] -4470760862796517451339224161669093538681831856098530870267
[17,2] -27415968051678943504810472306406472170480974093107985189931785778178151713374
[17,3] 2146558240124509691312548926465117366692160465433427932069263735569610485854173333
[17,4] 328011278359476960523362462325848122455264500525740125715853955694966688136815842940960
[17,5] -4388315850805520035131324284612509742364136835633039132597533700921433990908019897498052482
[17,6] 427705750780089026921233781436405082415865514822742110381807774039950797252370283695282647496
[17,7] 3382047832937951672922574110633509491652632157383695249797028461855146401529266953674249208505
[17,8] -102479159164049498537522342654259390141786952389575781054448845476683815582190369206950165391546
[17,9] -522478455246780808194285031595754958679827698529741313380041304906273825578465018792864757300074
[17,10] 797617365068283336788813769856254587627014500555108753900135815086616491527544960280368019716518
[17,11] 2642618230153506952481329599733312256060889085185157050518968755357943159097920481469680492119005
[17,12] -6209370117532348804301412789319726121669582899181779333130871366383008150647595656172528501489236
[17,13] 6645532679783671065942855518741851213404183068605958502389882638683549345399291905626114986629622
[17,14] 32635402743108705324303634247314299728807859896595271418026070405659160520088529644191735456477084
[17,15] 18521789085142942346528389094164540238828219671836551075292778192517751611820632920257908073228246
[17,16] -12800554566550986200704404509320143069110478172397728906676090644524424117539677307464693435140404
[17,17] -15112521049427885295549862531636888163162709331356819966796960813080935169641971386445585547677188
[18,1] 108055602268850418150431512555630245857719633837186871982
[18,2] 3419501607334612545537621350155938891127628711364388608928406985728339555895
[18,3] -222253315833716146873851741676031968469545368743628374347966870359407126175534234
[18,4] -485776241236901504403007034133565697476667751266477606555921864292279037302708670048842
[18,5] -384478840925313172596058619237964087970261686908955010478283447677591063604939522192544344
[18,6] 142475674380314425351647036519636388180685193161449280210937413761066370343950912629260600708
[18,7] -1243948145563624239406009220178996978490177118088144141916757880069745527030106804698870795432
[18,8] -41075528845640402426203346264984432468487132839361124461553287732664131642154173905032010671110
[18,9] -21106666985487821069635034922993782801273122858257557494734660276792032539445748871931711126802
[18,10] -122356771736956857672596041063889483383555486335400985912785213922455193854223400070499924023608
[18,11] -746023458827515671534469264058707175586068901148995687077030435213790799309308041252895387618918
[18,12] -499987092633591036446528923371046159752702471128245305280890191429000341130746873680670886625654
[18,13] -498773532935486622733824234183087203605864000194337367671665549752900176916216062388453095902060
[18,14] 6356948024913797779870831858674047826070840820155733296654583829088823330616946499923043975170227
[18,15] 10190744600787127707607366024545094581899415657421467892202920007223481583194759097448969282004872
[18,16] 4302343098764345873217240354553903741658235010334568052147677979758930881126788589628425951472660
[18,17] -2163774218980049350643927868382372891549891916357223234191025820004585293044515721321729808215924
[18,18] -2381737091709619177532983037025008783258947799991132277673116521577928865700765002958003036124040
[19,1] 63384170944885669875626862654489088647779393959347670539
[19,2] -343076639228440886624730874703183394296162678950156922065996037912126754246
[19,3] -59469250044831844102977543436945450304993964885694670262612764652239398311732663
[19,4] -22597931601156354745678791959888436050037991708582378296233922320738653539493437341460
[19,5] 8820607615260452807527829824795804848216092249271604488913671884624530960649455301715732
[19,6] 28697712434411523640034762917386335153160455872793102485018395643046495914880252386310743248
[19,7] -952663517778504921875231067843088199733884529789721440415354248630699819764597810523299355492
[19,8] -6259118192627774794998868573251277466317377262851455629291601336220849781318085228069917210932
[19,9] 117118746680984880941042737039620840700294065619351958807991797335054376509109659810777587147051
[19,10] 430149594691994431509749519213586744500312162727904063717176740282931300564671839382534530495410
[19,11] -414884214012568371963091661981283135483444132068229721330035934139473943567843403782258985370431
[19,12] -1196300498468084327884439111533067655632693150546732631714619548856466814565920595336650187857288
[19,13] 73017721778827206809580384466878826674893251820181621189625783807341366694095410573800189797336
[19,14] 1338275007469474144146387713025317642922046037623713442028114573888169392066884652006545450702176
[19,15] 1804558076280907039853706773349382098125452231321896793899287044404069416849713457254854036691044
[19,16] 2493377006765975788958082536998980364825885049159745661281394230738188214966045687972308759514768
[19,17] 1056398447777326786285139415671920888719897930815306335926991978191936502545918421979600314813026
[19,18] -406806200516082294994034564700552319487751020554797289336657804092574295941829788022953624032132
[19,19] -276354069589918791299138727731631036741896830961915196699727250501581961746141092686378122254612
[20,1] 5632053044294573514832561420137633256241270826675134244
[20,2] 27959849254830146430280117867266459025182503246801653188487468629545656500
[20,3] 20116410588328950573978234593374386558269220622596383388328817367106023355257852
[20,4] 2654447707851356886939729187473751402931444150964302748152619384312871504829765358618
[20,5] 8883758601548232023887291415178459109266495444043614468495896321070241460889570718119108
[20,6] 5184255631875758869530184207091218019865397680106370218285489371853725365798014151579646222
[20,7] -210247176546126789027585566953125993200187869752171903541579520761377070379701907488437731204
[20,8] 529230906205128481734601754332681276517345464059617859645256114035676412765998960719479606439
[20,9] 19569559829249417387857067901862983631021161673193335477430551386510295075866599063196804385608
[20,10] 100224367241441810731686019772889821780003082259954515577309322873721601747490737475582926696638
[20,11] 145137914951979543221987026879218929809095425819048281024059560643054022687347654359332711464744
[20,12] -37979688440976055670198767714106007290314178089379100404064038884655181422842313453361183049206
[20,13] -8005207738868148554854315754422122626155149131874649496516005542711886438815495280215921639744
[20,14] 372221350497417374870292611936285257722839819786934068540000211322897055387078928248087913769224
[20,15] 156430161760551389667814361243221453744615854970398598507123630494548792495932397272031747477424
[20,16] 18502789357850005759811047946081093742256682186169547133887042442347054315948789346248752440295
[20,17] 254897445230843641554359870026339472354472391193837399037724092141874887418125592299417086385144
[20,18] 145763445578111634525866720044803055258045969644619593591016026475775666416300051667945477858040
[20,19] -27406285741488983121228618421170263725130679133921487293911585856818914703881541452183971790988
[20,20] -16687193695036810069272835919349996646282513223011123188247108850352977880826862259797746290576
[21,1] -35892149447183163125701983313532842611835184204697393
[21,2] -1864746713812857064648713474386029023838238356984987847347586781999673830
[21,3] -2157551493997476291571240727684718120717384854212369321276869795637474814597775
[21,4] 89245044729037841294510039594151558472178398219171548761705747333405394479356664244
[21,5] 2021028452864593166499517644535904217045149308905521348116232309043639634044442356130515
[21,6] 889523001020575690379373416535720459459664242844305272744033990841714639805556556393169962
[21,7] -33564558711338507698931630348951735218698117684706262633842073967989279081331855123833366031
[21,8] 755179506935137353445820782120066149778773968897604919501425136686478601386534952425655273880
[21,9] -266606363956208739153013778511120049766598530881551666522182546237026751818177289437308249744
[21,10] -42898260943382817964114156597708302914543447437016762926444519337716421634618785433203036484396
[21,11] -114792407195782926878650000846502663063295578180854267121114139232709925365780728910350068625764
[21,12] -88900008330868708031820616473211813225372406477251610936459042396980906579757200950118160747088
[21,13] -122056273442911187371281104961347174005696376643718387967413817739397947046439961388436678466561
[21,14] -238522824994802711650687608225656918896511993658767457462940767430406648958362325822447703640358
[21,15] -146107405010033178175916141543034032761635045854372167154041003468578196622931931604644913060775
[21,16] 19664982300144375307595986631773889092841661073871246458742143793165839186599151993993908144204
[21,17] 86837052134563521069917931007201866921864153729693926913925435251286740048025598588345176242915
[21,18] 44471438398893301014459502072977242965450747560985693422300508337870587039652684562059915919486
[21,19] 521720738921164457913773059354277110547527034500139383535920111643083438267367430718126908303
[21,20] -457176245158705692842169072524831940323205794600682849152756176154536637115915701784461941068
[21,21] 930109729272512927427329474718183046683728883698425285192022341564151188740330546879924650262
[22,1] -41076358413101905334141379899920762677042437098390722
[22,2] 102318337943357766976364497471126842564221579416422632586075086615767224
[22,3] 41450446467545388607301338287108294530788260661728444665121058824749416262346
[22,4] -6288099077546244961078945820059317775821367207876864355715132567338013902108413824
[22,5] 68988157279538941124963780270240544910021353553307088036233876078612027473559318793318
[22,6] 222797121414417843323400801135658640130448657707501308606071657297410168271858385840584695
[22,7] -4985983698411848417971516536345817718293697754538750191801077726754034823891096393150497674
[22,8] 33068750613325899761054066248892870408695103770224037209719193957326298104135814519781356246
[22,9] -3751812463509583566867403770719517523962229089506395466978816469296423669352798160256489820
[22,10] -3635853210619116724586062188810753771116434293366679366070746585173298621711258302198575119638
[22,11] -10920818366142684808937863238870361887751445648799646437019172951836673471993616752174295922396
[22,12] -8343592251545591449445667179369404830900792317104799512035337354283612460766822159498714075206
[22,13] 26091426659482054779087562097099531918671319211595766809487401761479261556197395428926557726710
[22,14] 60278162136247760598593815564257615424499249266032306304729505604263407248445875384488287435233
[22,15] 41167736628269877844032443927129373441183300183035288911735457596353650790718146775448072800422
[22,16] -1362509090512378220013069108714793436698724995758049376028190980131698948976962562134747822272
[22,17] -16593614836207610351735801722158251792261757907654601603991980132094482677289601925624333448910
[22,18] -3182314273161535102478589335985270157523083030240325731289232051832248929511405385701750526164
[22,19] 2067590424078021865636099743797915388350588600302904780603310116657649358513910108460381730230
[22,20] -131078189537892888592848668433280634037820054568239768057311635200438128593441700527035207356
[22,21] -52870444249068544260713488994875097697260715585758413340183037697850354290624565258780499696
[22,22] 50781894863011671156528426619444402360152272902595293597419714875293031464152536378562921108
[23,1] -1923892309767360748321786070282005578778966574377227
[23,2] -4634484916884721297783627932510176263640153696986199846068321341439770
[23,3] 11121343590642865212665367578326647698977153190796286985339605903842662608089
[23,4] -374805573097691190854538077074195545884118747980500359681889620031648326382994328
[23,5] -10098807824017085868173727126061117974456546470945331933611269387287876770785675287633
[23,6] 16347248964279501999746367100633942294808728432355883877863644587352039042111249595812226
[23,7] 1376383912751347033170271167891952105304476365482399439205479264594525660871727255984263335
[23,8] -11752796168520321057771446778469800394364848155346544744869905599694340397926243323015655680
[23,9] -178435867188911500112592983971310564439640930844231887065266065132586817369923879329878985836
[23,10] 551671702467203770855518260770892872684897176668329855948190835929355773577158138019489092772
[23,11] 5887134867921889075381214246817062059008891988389918290577807482846735208708756662179799764014
[23,12] 10635401916204347312206041148991069556558843670866851152304806237502714280549613263615492344868
[23,13] 3704612634037744663737076553309694097419413960092647028740738575689203740836237374058047739803
[23,14] -8039953913980853727425655734623599254177399565608624141942933191932842635633153332723861450942
[23,15] -12103440777848509645430621368549261580594777734962622587684904264920870411261208885582718547471
[23,16] -6113824049981599194498657113027492527127352724205990751626889746706103274752036083325478521272
[23,17] 394891224855451894013041025755421279222845852296856550250123030497620719600914091706809827043
[23,18] 939534228588665957209886381933169142604262657959421790743524764330887648763918487634806380962
[23,19] 201279643337720891602311397114801967196955074552933608560670590447524431132014571197521770031
[23,20] -75205045058069510542094278207680967650663312042917572061761614966567509190358781393095440960
[23,21] -44971405539723063977769881087764252287007428558331801081850720813619810612540968565285835428
[23,22] 1958164601817353491137536629439818433231878355028089382969742136957420529282391305880759248
[23,23] 1275870684873131587691809979037288129881658276678223985174241895149727282222675647297564678
[24,1] 124619193900978706497572096431133047371149591917560
[24,2] 173556092413285259123665982033218398108640766882340119707557983414952
[24,3] -1030223582742344153948032951046903758729757238693219847705731312041963320476
[24,4] 38921064956760167382266599297005839214699226286245298689532481725897144907739341
[24,5] -293912583392075227822873693891453220121909702022528823278194878309114824891674125484
[24,6] 394489882506862694766754248917565264230662624312966113643447611616636985944533290195160
[24,7] 110071670182817747156546226077813447504696620353797054029512645816443813556529853216952816
[24,8] 3765857479936687379963886033923175993697978064088222661941841892560620302305106326466497068
[24,9] 7779105084212950583730214832410881848491614452294586859609291349539331607113853921348170112
[24,10] 94060704134042076206801464980544091997332440918404126970157947612633496467492368303556685454
[24,11] -73022615344996349845484824237316578304669692516114341343433741089020952877224616561564056164
[24,12] -504878563858062261635295420259732928823723312773850649117764903445730969000294014514770363089
[24,13] 246246061682282863776398157548951052434858838769833604776468416966345565526394046189749296704
[24,14] 2192532790709694644883630648882840401885612080840011137691447998543087258138283579782007630642
[24,15] 3374785845543287133348092316346924469594736097192452917021196946331745744971699539024056014760
[24,16] 2376868897269787439667484053591442193977267201633400258358777279008867649425600693525818663896
[24,17] 714694418712108859690733807430054941219654562873045152969671106258577282741937661915665548096
[24,18] 49211133063033849471628016935534323442539310615961484302702241337487417221366678117783780716
[24,19] -601416300024169405798144205584801594687528213424207719255162478433487216689998441357049252
[24,20] 23314039801062339969059853252782862755279215365515119532336435571612749880249611397679622148
[24,21] 2785372039187759649707195489173369172246789334922873039324504258021018858902177088633164480
[24,22] -179805472617137021389367172062113352589602269640932466470935027709791671595941976031598364
[24,23] 23226959567073398000415031881564392639496306183035251188983192407383866134020002122870596
[24,24] -31399898944636958889646895740731326048013821332962874878391220945228121053563541879150736
[25,1] 11246586392194311274117357265071218267997284257229
[25,2] -5372550317010200056929061867173149873008166489002136519949742699314
[25,3] 30579280481251216530710486621014539170481101463581849474822961917144131293
[25,4] -1937397754803964759528421854659224411229008381768115701620307639785651500370632
[25,5] -4706895024663029775101652510017177262344173215502933618935609342964262144623117149
[25,6] 22627120474972530756791615119097641836906588665801504830111687766972982757460262472242
[25,7] 1428700860846964196486314344539906819691615438393224076992916460913137922768246604712203
[25,8] -229987396650340580276312407618639783566409112727027761157335248417186214482518969307089840
[25,9] 5492482894020840251669573117464433526432485995205283568012247355438786916712723565035661639
[25,10] 3394649506267897893028399376625995360930110894000005927251924417153308710831810422976988854
[25,11] -37793885824498501417127046454098157056004109534934875038034691450710026766119609674410464053
[25,12] -111680022365185218990091885397694267381231849149782894323734026818415270447283299528077979704
[25,13] -234636805091392686484500929243675805333858993305486939280366828608470032865160935853643302652
[25,14] -449978784601969654182430581159331911837699307841989291474659707116409896686961027099686995868
[25,15] -607272865597987684950695534754225251031215508954356861607819696996314737972801377968539502604
[25,16] -474777397699687217009169968424184247648649563508612835227631029736760270124386224008063785352
[25,17] -208716803457828331819399212818032115941935492636728409044425497817188543284080808880485983476
[25,18] -47274667127966780925058655923074485056710387828408933937952647521795636132579773369340087696
[25,19] -2701354282872125341361070216395882208806752375110392031865806686167240981883588984058836286
[25,20] 22274677778672940955486822429066725729167711608303989602043054756795822840370312642853676
[25,21] 276103763151880509742539639389303110009540568659716884171015899104971784817578286965050439
[25,22] -105044476150892743262515863628406004590285454468470496398074994495638335544068999058089810
[25,23] 981709613901005865023159785101783849096187600317136584373279652196731976395060657190783
[25,24] 1909991175041345178502349929591868128013560833164608795214268644769870952810659477560484
[25,25] -713318158012853035501534168296481182599242527314850394243674733737641742912933788296308
[26,1] -204130327390141734939438582181459663812534637146
[26,2] 137205146519818828391558905128387215683231441634767486886365286352
[26,3] 376105659628487133346290934065329880543328177762477081545233237389029498
[26,4] 84374571146808010682758886350766905411793550372974110477594676801776307712876
[26,5] 634962085481943778491496328051309877152065708887709390961993537703475668940802910
[26,6] 3422839283157070207852534521485642465391948533704284055190121132668801530445687448786
[26,7] 99818892907471431033540974805118627150267369534611235714581350710148723867270582788506
[26,8] 14704873928275962230735941241692148684878887596981866401887959897293611605060902220533276
[26,9] -629282531312429453577657432833708322724040394087186585414705154622707132707791649897026406
[26,10] -1601482941841297102910030113541848135572487944259386988852775478949093029115387395330865077
[26,11] -258918796761692037011365611236534992738221938199281612599765990014867388115601802273961598
[26,12] 7851963780759782358580056734189434319601923352584618863777754689788413787536462496243995694
[26,13] 19284091163520964283353686986168329462405231291682774275396056478794218444024030590409947284
[26,14] 38160531539837643709902407205347741114799995608963942540122819530672486091056412776421922953
[26,15] 59634496644920370506033576450980844257037267612917769644724958732183964667551319446127177472
[26,16] 57045831719973267937205980417541479514350763349968308008747193337353054649017011791714267196
[26,17] 33104992182994275476112290937381606649166444214563897678365783520568901598494716314829379416
[26,18] 11093509055806436609675923707694297883174050797349892841993627862310798361229755272681835600
[26,19] 1750913597332102997224394663817573520618903252904034590294542500807245782688139754420003248
[26,20] 67504983625560836037898514314861897726391372587052790538686202109036237615043454208208204
[26,21] -47733283980524612976166559057723372585696421173572209050628703161656640185130238664573814
[26,22] -5988085738890178030070298181708355504229223997095304523529859479852418103818496099664404
[26,23] -3099291005154141776405652505307703434516005125755271354278099951297376660093530786843898
[26,24] 376240931279480251045438952106642597464807726378714042640672074717699472049089411138360
[26,25] 38890292958693920212747003998135675523207380223564071303631084864484407787337101070444
[26,26] -8433031195623007263795230478796321511351833800523257665308169413855848906808747080840
[27,1] -32634979393723042322125681271037391376301683841
[27,2] -2879790480045180462162346290810551875522386348871899134761051470
[27,3] -46169278258719770442223389332348449346593363465496464720582860477269040
[27,4] -3333447829776329768486854544918784695956731890635469313071574433442815868886
[27,5] 23324550049371704211972198814735805792211757646354693600470895360212413609358914
[27,6] 15061216469710531437939139482143122185083626753281334931249014541118461672516021238
[27,7] -33614016775373071829219428986388818505176607193508484634075903857075683669944206416339
[27,8] -1951354700414866858293308552082587035744784056653576870463085201802390726835051220422944
[27,9] 9067230554835821562253746425260073922260808179171483404107456526241377048001064604373481
[27,10] -48540103425448810795152063662439905051079710885499784610084251538945513482567167022791186
[27,11] -57349655357980423677812551170394195178890989953179441820284758971472254589341884096455945
[27,12] -259543035491900453774256350738999016692513040927843632510252747665007344031361591945963972
[27,13] -398098768077361038093124069209973119386731931629202644699432748924113096153564941526343166
[27,14] -1142725890096104093630791755074943498464453634066270494199839768700457926500832734837451024
[27,15] -2953808686590222824490789776761975358602359030848660758609627752600672048081714135971015322
[27,16] -3878099354073678678258108621198969511041446078688459720576075587567303492511404321436517068
[27,17] -2879376312507974196669628613452653022780239424457828340157719475389490168471421565509605318
[27,18] -1226110821592380573189344108791911357376534970909773988087621611872922281425730233882569608
[27,19] -286305628885909920191219770669454205681667342437213181130899173960478111500796720000666644
[27,20] -36310238211253815967623523214451808221290177456335170094481080437869089200931649744229312
[27,21] 743057507522851819887891648847983650532882958403391063636646458398243115606274434427923
[27,22] 1156437548602664325006483192215145849942560635988134957177712569472677095007278388913130
[27,23] 224141609956420041248561665532361317425997450872284472579676691418575799815341203052235
[27,24] -24367957781553663810290734599235833504815582200359224240788200098206080376282834423848
[27,25] 3740396493014795991963894822733014294175372845271225447722056016965688597050353142946
[27,26] 283751433673231458174936685284359336789540575617660897515108668455017686490756461852
[27,27] -73400543751833844062708543585770305159685730021134301724207433514846213944247448612
[28,1] 286394226668551853077297304933256150324347220
[28,2] 49391268593083848939790311634262645020296117245468370226344444
[28,3] 963992444784092115819306547233658766329011177589145484418996015101330
[28,4] 128746542205997364062611118210261663491192261459006954623691380307625251680
[28,5] 266101783844560221986485965386144841565663702879162448677606006650824389999482
[28,6] -1907707672266066807097362509652284651976193273012524105013450029335672543242328448
[28,7] -135354634978089798552223175271639730421985614082510230744348477872128902322051239484
[28,8] 90251841076438088761951566465844593672587691104538018985497991773496760418594093640785
[28,9] 1156513661429662927153384170721236206921108127773751203245688959320475159812300168107868
[28,10] 15028130856307117840839080568177747879004110914007669001855032011331031109571919606429968
[28,11] 29875273661411092161787455993790369372678538756680117036656333569018336045634831453783228
[28,12] 52511240544173367975509515803700323392300017456954819955213363815957599150585069991222362
[28,13] 41078094102640096589545014037032446570321713169029466696624658685252579871766069538378404
[28,14] 27473555932513370177040028758480176787114568149102107422476058682675222988742870839109764
[28,15] 76460006083464484315441630235139938559325995220767535638485685821527245100719643070882580
[28,16] 144744523516863568967583787922169525101261829177166724116809596518324198261562691671682866
[28,17] 143633309410136247342892911896258130038572076988461471132447243983974203426348308201352484
[28,18] 78252169711897486882312730339563072036146451783221272988679277554668113373137190386439324
[28,19] 24121190758506691917348471697616432842993931997592482610762131267426727131249617639997144
[28,20] 4472498164932301872959527122656028033172576450882412644787995805759938825618649471015256
[28,21] 426082910007124528335061138317189771118270731297233353845480338447109823399931164326696
[28,22] -3516874117910625578744414595777337518921785769977822148761448133249604537505404269248
[28,23] -1879953947874772857953942516770089708111518829931735954092538283591439755191519988868
[28,24] 65512940283760836838687032459213582850537802232769536752434048768986671627949706695
[28,25] -326974641878862094083176977996768952923541707964638485437306625822890939161830578864
[28,26] 20896204003514542143993809578777942018583304385434516312099767586566088620202908340
[28,27] 2302647077378831491640503904268765870952624650621321185815801819673225780657801148
[28,28] -302770403027855236066285461211328332312165745595966039665446722584360346580642108
[29,1] 55803914226858673078380387299301127443660951
[29,2] -686702511903942206229018236912208152755037074977310004983254
[29,3] 34991931855389579599899865075081488003521034446897581315458207984
[29,4] -3560364690990788616370485896540126441012534713619702380146241702353225870
[29,5] -22934717247422225774487280747502001436983643329142416461302638055849777932963
[29,6] 30084072207225655953353906544827029221280452139966261917318786928454339872446696
[29,7] 8655183026644202390597006463842883074849398297362994523073095724669976870488497982
[29,8] -1354825723833864249507778551540472965078291622317135251555701353633808763292745848876
[29,9] -43097298771181887447331422455278221718438910780270879079528922081495554270161452227198
[29,10] -574335643231977698815519013081608935721698451335570833624802446050603128533213267436576
[29,11] -1180151781744072465128466421188244079226329004890965012724115677007442936398967093382766
[29,12] -3635738885264046687169408433547080462347762140586277958727012109037147384265556806113756
[29,13] -5137434333383002546886469629561363089005814847195229225342719942914362317394112584701070
[29,14] -4321831762969946624706517760046152191759775959739219761317698359252657701107698670275128
[29,15] -2576545897135610145302654454854078819572500248407600218117313910829079555072537143540334
[29,16] -2831852077165351270942282601301479205900962785954353171795766141538046114841468261884540
[29,17] -4051863767613474382017544275393656184639724322151798022784125860906271670893983725611818
[29,18] -3029746311279803409339713278005428250624257867851332095957169066310215143400463315862784
[29,19] -1142691033619889479642510710980570281613980684505630656287000244611000539989954440791244
[29,20] -235194628102564685473819874666894451932452840985898989868789096363349887553923064594680
[29,21] -31241096228776144168850660266832871558826558950945474098776702191713124421928053695639
[29,22] -3935597185806602236587253785786852023679539244620981935664706980387577146970086567874
[29,23] -517323389155731318384523980523333077068511119829968203169183756135905027728975248775
[29,24] -20513823614284050999159189675772733657525447070977472307410458294671598241821326352
[29,25] 8764622632952177232516338539869425613072791141243374120512110872612612741707604356
[29,26] -1833177472844384811180061325686213682830062760948638841840682566847864071573371864
[29,27] 123400740129672396333594877425986870704654943296363539629300970192350296999259126
[29,28] 7311921854950548846867372222399725134784412219429530125590636312979499411993964
[29,29] -976817201345959104735749380825596033669652112530168989625087107832906043409012
[30,1] -591431372602062272355328526774158454976498
[30,2] 7659074844200857179065580169225575123217525606042103860569
[30,3] -229857203140417383348446840051018849109671384961310651647016779546
[30,4] 28190118045960664747041510335950889705390395250666729335276226941820670
[30,5] 114785502287827437698592025473664364962773934136589915597444780136310293620
[30,6] 818428036213144058978975408954584938038676333783922175010598662786980052805767
[30,7] -159799526715169106914339911337194976952105201404037233013100259878435031642161960
[30,8] 19507924442852789402019023067598057718320382332939666439799012123049563120736947792
[30,9] 301850009616781627833197729466241472214091986887871290865871891966941831448855620504
[30,10] 722183510430191900044268428348494178007981982757490609119848069349986774726916494102
[30,11] -18518959745892603756418392571081272741805309876352867462952580110087695067887530095048
[30,12] 78581960783720587945673683673196155086355743899104049538260926061713845679398045877400
[30,13] 211619893021973079372725972901362888988601461452032356871822277238505726509626031039840
[30,14] 269252193847011167382410888635489170474452007968323160574814509535963452334652896024382
[30,15] 160067843072960986100241398520227858954065776286637768937692531824172507448433284084264
[30,16] 37686633652281714920493866609712176662708598284090682335358105188854901219126023098916
[30,17] 58056489869232540447634596101963293119161389730542625321335150571582478611026405265328
[30,18] 71805772493724879544300133420921120340357623158476561913971296024718616160695943249433
[30,19] 31359795181749359319314745099353693757838092325916482103804819915301555490391081850324
[30,20] 5659310369384451024436218314934914043448053365190014867002679351176719149043982492578
[30,21] 768612087751971650839642850884296211099689342450650338899740228201244863417175888714
[30,22] 213427260078029687734435593039369987041873288701969380564652535323591431166032142593
[30,23] 31279230967068194480403983026898799219253791763520777645119376182205242747444988434
[30,24] 1807855184002318708703088525814927433800221920705049423727428864767811567356239176
[30,25] -240737619503701384847770879388279976637266696792137294880132106016071378801473312
[30,26] 42352932950168498173827806031555253319616869192541033126853049970650756392222787
[30,27] -8053043453041412221731734306377657122594372664964066158296701345555668505453652
[30,28] 507089786496131950188507035155029569848837256127110096992745845008300523648386
[30,29] 11207968937363027122844245815692612302051689039854676622052795980501845062560
[30,30] -1461022006866112921890816327711521770479181146091294805153142706669040084694
[31,1] -52155568713353805186416443668504352374351
[31,2] -67593111090970570195481894120514979949083770539073976854
[31,3] 2158461682368024247071808226319870459132722569786756114801625709
[31,4] 80444472476952110728492567678615416583251077370364521171612432613344
[31,5] -460196019572149527631865967351142337065452039701837770270495000043220720
[31,6] -11027828944100398190900678445494630755188077020102606576105826344833359964588
[31,7] 5259003040709546355726730913879844687213145612207458335761720839597567312740163
[31,8] 29636313491413388303650378116397930527177464333245815017601940645779253413137598
[31,9] 1658825106166559696406202944668726473155629707203404015281602644492475878343259335
[31,10] 205815263108062967480375789815351872950537253072080954841481508685306841528010309880
[31,11] 963404235569923732587387986574246865554413113956697083823495968637175187196460652510
[31,12] -1675388928562624292035230075929463509346898817654585853755614821305965941590405038308
[31,13] -4827003778456990505466151015489639726815549169997865085033175847292562239543190159722
[31,14] -7837773815628632569360221218568995888466720794519716921178602860685397278134297445920
[31,15] -7047235025216738747443716912978550190680130105891946811169711855849605373654475424830
[31,16] -2086983391893517075117868924301805952869060263630008977118562144248975251321753266188
[31,17] -749093065979781458512090842087782311463985525447232420342865433649479615147429237726
[31,18] -1343941469794247344648180309912687388830747268184452953482523545437587576811532097212
[31,19] -605638606510025561617885752148941728618433996415421744203019754612074822055064144668
[31,20] -23540893591591169502921244479602019461068750564429062785679285534001634755926706368
[31,21] 13116944779205012838811112793251017640965406942382564015736389851661974270944621563
[31,22] -3421558338326919315160497492242946309415710985906853310957861402846089738820563330
[31,23] -592819477950130540847088059143368721173652445377556900628791698769150686633937289
[31,24] 1440028875927195536443200591750952782086289755583088848221989541907261555553728
[31,25] 486477891993565929265615428688992573453569976894533263896868097415410664803416
[31,26] 123076309662046712636140785916068079777896819834420819027416376410923886922180
[31,27] 60734729250663278713608540168947105169245402425235864674005568056619636599558
[31,28] -20485439096023322444165160934015479086693511357113157600624441879464263247596
[31,29] 1076525266561484663279503597585866659564042299913305983724007597303275657740
[31,30] 3956563043260769629998346506779237927215067151573418209931338842983874136
[31,31] -699240124022543879492435043722003341564710236644160960125895021477448752
[32,1] 854981667113926621488270175175724876528
[32,2] 464189791184056150210058896226431554218428920532490466
[32,3] 3456162063833642782052586097319680438378303415431279917144444
[32,4] 16947558891374959787832645094952197773813720123643722101481172992033
[32,5] -124234214806910116384917939669456308699966628568519729697741235338013264
[32,6] 36852376861343406199309504288265636033833697004279763747516793217812459382
[32,7] -34875332828523375780739989089517319026341458751121424971868906323130851821082
[32,8] 3986014442498326544441504123148105417233371234054708126109576992628370855927444
[32,9] 69505092732266332282973791493814942756071625467241508980520598922063442717076790
[32,10] -706943581546518736819401837584416139074757952892988965856770793601568055625289572
[32,11] 6513876107129936538053697957782155259044783266327550643923524542541357683271773508
[32,12] 64759046379578055235984701128488829493112567937203477908434823495999414441333156221
[32,13] 62051441798615714519823336145535685531366622876095772361319067455776516355200186604
[32,14] 107794184888505607607234133982436426730254792728537790861811969906329006418927360600
[32,15] 184714671811413234119260703833108797558693397377751255333384753799580723683663913332
[32,16] 98809163282797842047394754645765613477883749008741929875966219798543204514866316282
[32,17] 18088000395563261632001402667046278625439069395867129984900783569438936640356062796
[32,18] 20267290976342199492139035357496114046776507353447222724913123244208216844041158846
[32,19] 10676505869147487427350868335463248255789498999174750363707582620373901197347867368
[32,20] -1787626641847451276861749176577734330483880764549724719192780579131792754274473969
[32,21] -1394697522016201512109087117473062858508062662060041314508431174372603786313861164
[32,22] -40524291486774708609178601165878574163901100660642947145514470481942919931691894
[32,23] 15991912170504104021507734926677136655556982015969392051412608735445826394188656
[32,24] -253038280587603339428682526907924820967795806478102142508835154643031749668886
[32,25] 295196599009119666484191121212585923722660747782728519824360508703424660448664
[32,26] -4569472781663600370029347309245576364696447939763413986400076286332520105606
[32,27] 2101798534652007600869252681482244813279211612729254625839915776696080818652
[32,28] -52279062780299189588365291203328420129574120512035671817446797291582113696
[32,29] -19996101683188163753793797370930731163935787144697027047690381081849772116
[32,30] 934430210688165103263209923459682015008699757671219582475275549893076354
[32,31] -7478142698945201075267794680279040105209790607475573773522856871156068
[32,32] 261056521322243228354340864726171608856479262124979845045373437883112
[33,1] 19915624808834010688762600635236594592
[33,2] -2422320300620348864803594993579454180794939433255604
[33,3] -92081383163734029160884885263439074013183341105674258524330
[33,4] 95535648814459381300864750089557763856633961365127076102573739572
[33,5] 992709926248187093033176327610136876350327344504219164288168500544675
[33,6] -1016724226633269882811226794236001157886194791936856892672720378020856486
[33,7] -42361944062833593363788771342234615155182849062146996925499967464168958020
[33,8] -16844288427368196061076928176933750363154461261452627425917695940644807135314
[33,9] 1092652892131111001730855557528654916577713206467165988774068647790150389767193
[33,10] 6034576420692893492669974214768680252033073977695776966040502732965003128697324
[33,11] -102769258534042965121098892692783095615011194393003782809943446468612916630078452
[33,12] -241254670634442094001988813251190935520177158012131505330500908983013247528584204
[33,13] 1321542161275615545387363493243136989786574916264330704833327803343175839775666190
[33,14] 940860628252431222700726137838808755870817958459222042521596306969856986632501656
[33,15] -2220663783456813578795137035321407417241667475582360060146122856549349667035413326
[33,16] -2082059188299923622181637667161015774419510751354100841036626244007180201644266804
[33,17] -148029484723458762858080412908658001252202719596431674062248057746559332305581505
[33,18] 24752395233407113950143124171572487650178435203196227350160347163457764181923466
[33,19] -133817044404776783184707047573997597662417520876117034362236100980863638122905813
[33,20] 9575986076994049163937184507247534283310511040145384488118655411480389119643372
[33,21] 28593435802837535373201233170542471642975947064363548581018350869050199390345886
[33,22] 1964507893985653598678074016647064207539274109616672642998254053413447624862452
[33,23] -764800200677645403759872640218821904236325468709254175837481762378771253787684
[33,24] -35813927132825853629633743078694154613082134043388589202877760116590545792632
[33,25] -3791702128722032695778881140835328873800804747878714710238619773770165521959
[33,26] 252520140191421926183524137216931852397686191465847100647662317893074479426
[33,27] 33129448026242854182632541080064805800841893893286122255816621145701330205
[33,28] 1147282729565452598072036168591889521076908811521915821804751401600422720
[33,29] -40979534032076020382190592770724037630987151549514171910615145138728149
[33,30] -8903195932214142370846574168092552891980699738297066618759103174541730
[33,31] 289264672197566671999799601168454450173856827105249296455075201985205
[33,32] -7769183698631635233424863526916411286908574240178698619410707216596
[33,33] 215971023958608993531114212608620388357879895441652748875254425221
[34,1] -483071402256120722944908342511511616
[34,2] 9384877381711425527936759046327234664012200353499
[34,3] 136801033802776700087298714173426606075329413465755026620
[34,4] 484597814335632874324499531320817259572294928091095468440860350
[34,5] 2753641570784824533492297618087760294210045858229246017535840590062
[34,6] 7981834727951500165134419490238935847069696937444206824808857368606052
[34,7] -100290553836440297636764058898988988124756499009482913347953010958549998
[34,8] -30216523911337013380440768551143437096073230832292651132988583959913091778
[34,9] -1594624245740951482185373040338675142741115034765624182654598641036926932512
[34,10] 102285827782992203248949345484584939995323857786965622080647001372813622585555
[34,11] -223502830396033092321110156102543713038261999173917665408907508628333449211012
[34,12] -969744281956815825541017609855166171570312692582975261806269950070738073560068
[34,13] -10456498659150686759151338201257525425521376470664073303941548985688504878728360
[34,14] 1358915684770636627667546215569544273038741803431595622317149164911978516386422
[34,15] 40026438475904659415209744761856003089412904504543156745304882528725228237468768
[34,16] 38790232532867196501935860620365248361978374649172643530102590963719090008096912
[34,17] 4640388568478514194885553298313411172018500997599610844620946356293463820484262
[34,18] -5670380519670025138407436331191194040943096017286796110934468799996943436952917
[34,19] -445165052699301376607277127284917263579486561167021688471286482950710771106242
[34,20] 456846796542951562191652055080577324894259543409996674582104742423349562728446
[34,21] -99238296806150432306492548864360261489210975998036806949376459594848982369164
[34,22] -24223738599482171052989910871238707635953769728760936458470617806363779284278
[34,23] 10585484792582154150479411876646616835511635088979478487899428224366299158788
[34,24] 915968681825241580538553680750062920466864292761511996110671600806440893582
[34,25] -145600563453621329216896536831497371743545142980024665997036634091642732870
[34,26] -1533937919471214227620274781685261744384341068490301902678370342566729528
[34,27] -370348516893855745137646597028685480428092057873522705035451411643222994
[34,28] 54032871492801238586575940424330430451354492457061685022678771807078654
[34,29] -1602311911603274831313109669374545691999256743626037671311873968225990
[34,30] 128824311098231928200768381401783731425012041056449870096348318914716
[34,31] -4960505276852829327483092402473473725349475223389925445148313821066
[34,32] 69982251517370892711817456239083505912344558475389828027875744566
[34,33] -2422912882961096113214502253104513226939023383835991160051753250
[34,34] 43305413474330890094996694317310803697115940828244768295460076
[35,1] -687407430971357778662942367524436
[35,2] -25677090401823958662013468315075671326498398944
[35,3] 514674536085876065641517729843503480933949312014583925
[35,4] 686779974685739629891128321657175676312290603195808129184858
[35,5] -11813887707984677296219733852439796824013326324170276226980822640
[35,6] -17005131698512785906002863373628896915419250670136701518328164760042
[35,7] 1488119887417970607584465253687465991020784924957064860647234945539403
[35,8] 50560689580217000083495792760560682110644573302789189640942023691897936
[35,9] -6271150100517001056468824291111587061365633266072882681835074300231776770
[35,10] 59060157249664869710569371864395375657078334620949043802022171890256553056
[35,11] 1498837986462429357655494591946028692150498225606537707509010490795816721217
[35,12] -3531224545662060269418980414256716087795134149633770714856505559216757746130
[35,13] 3121372092417709014558912362178918211345435725138640065936957525844780282935
[35,14] -21036446163933017883048355492598946540952003305051129738723088244069170665672
[35,15] -111241661179106837189840577727623026459085675203592237166189014028877430563982
[35,16] -110561626264969527831859022430108683101712290027512104769383183448559424309556
[35,17] 32104399092995732565742695767973209635785735753779464859296918325566201877001
[35,18] 82522390219433703121888562542492088282193508832292516555445354369884882838738
[35,19] 26676636522139881583076416644830695123944947431825369917036581828891938304511
[35,20] -1399356058650211890488813424518257847752860460189016504804835100575271407744
[35,21] -1188822417509008813588322838816496175542296274669032608440593592871546271916
[35,22] 925789365436432726738789297303706360933479830548705522941271485957421460
[35,23] -2436563946279657786037347179146233775320992599210079418083784453104153616
[35,24] -6624065145797284156400120367924464814100464671120722961021639044437231256
[35,25] 1468270893916069595411115480973393099970516461573457552788118741445069291
[35,26] 9800216440847839534015870370684100318408057253025686217541574693252566
[35,27] -8985052765061787149049220344234385955266408730666213930651114409386746
[35,28] 371458273949218850156949308005634515391914587291794804990202071872926
[35,29] -21888247831888131247082711636748508925097946813529080129013324017980
[35,30] 721482042186666434919800527290640784574115421934342053531684927314
[35,31] 19902683979660503132090112430636856145930376528599139355582178615
[35,32] -855157475929940557394292511230772361886254452820742676495952940
[35,33] 11310439941783077566920828707090366242614862308077235663865755
[35,34] 36696613944793159453688032677275982100181513700593362292442
[35,35] -8079081832948902955137123570582283731282838054979034133062
[36,1] 74064888565015470143525533194984
[36,2] 48971439016465254336709939918448224323300468
[36,3] -623902760766036244390398333928827451654433255700966
[36,4] 753228338658563986255961406860289070472471008047047370642
[36,5] -6126019284264861837508993564541227942637429613539931661909422
[36,6] 29062194977358317986831273513096534793600699966907442475284041774
[36,7] -1029912408168433021260578788929323811156541445937401661740368233036
[36,8] 220102246570409003583262183551308395635449027425250724343612307412580
[36,9] -1872618132600629632722066398539284522616465677881081097812667544144368
[36,10] -41449278342026081454651260015285921942487285092308163419737426556808082
[36,11] 855778510764019512324184736926980153592158779731373643546090328742813958
[36,12] 7500389398820050663086785030037399104008481156054403266043788478172310484
[36,13] -2065405643190341139129996320723099712554932883267402528819926189902774714
[36,14] 50353362810537336867640531700423458291387326014499110396298663809310206928
[36,15] 129520074278687265232278844642037176254448090104050308859891119838490291492
[36,16] 319555249783549598778734705187750619953855119836806679964215848553137647985
[36,17] 255895318925057778267893234230952808780437018197495714225946013997790761312
[36,18] 71420627875881857907855882168696305450853274158325842106092151981534083324
[36,19] 41371629953807862198687043876045901114446765249045309787310176751222376080
[36,20] 25089887273352661231289572243667439151724182677849576516689563866700352108
[36,21] 2900095304012087821413313465827423136536548352309531109317408436197815040
[36,22] 302221313464887359030926629008556251917099822898379278675269561814923494
[36,23] -255619354464616244649269081472883291767734203822534341536328793945937160
[36,24] 6634756243237499219882866301271226220401793298704793440546415336221799
[36,25] 2906224514688945600332463349867588359794271244840041739204363618555356
[36,26] -706375143940771044670682771635332998185924142451806224164324767731190
[36,27] 65271566289025267698890540233933990198097425255690996932514405017342
[36,28] 164643108833545059420876489155049278446127964357872124822734045466
[36,29] -267654444700484809528168423358558078491258338557170810316738477658
[36,30] 14807137396298426068101730686537579959865057597258417163941973494
[36,31] -540394616873028444228370786829249793898222759521595148970163488
[36,32] 10691795166113355419847323246002598145905206459072494825469144
[36,33] 101390005816373195275593683411785628840417999934534759773640
[36,34] -6139490057952699566261988076092977132389075682399253095646
[36,35] 128038420314189009876266026134555969698059093594980474258
[36,36] -1299630324917478297138968481750752615023651993792060632
[37,1] -378791059128296834989769314086
[37,2] -55978697034140186932098557666896223484588
[37,3] -324942612530506878939878617936089883974393062373
[37,4] 204147692151196160042133664078109593023543029138006466
[37,5] 3245294547284463558840668576366542031709096604461769248795
[37,6] -5880242902296703779617489272254741820049794904871060201099336
[37,7] -2803132835240861333014067960013814783925121680616186463193467652
[37,8] 38144904006238260046688103293678659672464497997681543027421045668
[37,9] 2041316717994472712735891980366894363540171364824505981683449856707
[37,10] 5095288006728664209559724579535080431070289031625408390385256869306
[37,11] -79711471382210994943537986986767327238927461490827762490097616601220
[37,12] 2430521908638990815170799357018434855445188874046045804873423900728526
[37,13] 13574406078222533955158811732024437889791485994968785287351492759066667
[37,14] 15276685558699781785402864406240736090382014359982719315171126528779320
[37,15] 30645459871108297230619376494372610451961273165033355897635477961863422
[37,16] 17750036668545789239086000686246272337951340952912045576811130946367732
[37,17] -163261119764597584050487576383786261799889571253660097436776583921944811
[37,18] -17956072201839799119713049026481550123109282807833901481066367330829022
[37,19] 9518667059751525740066969890903444223438276845535007004843088533750043
[37,20] -27161054205719857784730564314490989431625921012912206578981187609476048
[37,21] 12579022376975628278117277529787215897031874705915153136339839589012815
[37,22] 1687696663713366645389511932142894644989163804668377805304613272104718
[37,23] -420785450831644504688735250009919099703646148790313526816078731243471
[37,24] 97621658485723635084941596543466479268368490282886161350958957545932
[37,25] -16382937686007071939221788345693089166731346667403071099793141496068
[37,26] 792302010531618482531373295052592609444951006808016064505019991864
[37,27] 79781916101010395009887047945785574720926432729406313078166042505
[37,28] -16982312003016707819680296742181315684427755270238259023435988338
[37,29] 1077660099244594465042358316382540151660992187762921391555314820
[37,30] -6231179935480633176737933779349338261867110833812340521924494
[37,31] -2078885420847994101397743227126150444302424772364093292522629
[37,32] 101347729496314313326787456383262222001596212780382188872036
[37,33] -2893476631433950146872552014183619369312375437137893202981
[37,34] 55165704627258192902593492048922273101174650962810985378
[37,35] -275764223229369390017445130449474972771119774516045382
[37,36] -2575280666177846804825257282138103727299069911889862
[37,37] 85809235141437320753590142443656948236456553256995
[38,1] -1345903427193756075168495228
[38,2] 42680176606993997238062815955178827505
[38,3] 154638526146854983232007656772730643993710704
[38,4] 42335244732064272436763205895077255401731161748146
[38,5] 280004972991749950586906492200780854960804291992171952
[38,6] 1005645607523101482388435213866320477418018993347624580418
[38,7] 217786774159137177022869973046471919261103514995224451892568
[38,8] 39865836731630065825557302487100870773114814769420360048400606
[38,9] 863950195524705883554481703684849713733640739223527994631314574
[38,10] 15019230221137436075000648219160613966686230338728488815896510372
[38,11] 70857259485567080671108035910749240892438343348162817744426134898
[38,12] 95122426169214313802875573491585872304842651221473637000950647238
[38,13] 1054250151031004167030197980733961909908184676821242761252277605796
[38,14] 2897813190541430887485320062538168769847843235089652871619190818407
[38,15] -3945142956529516167058585607341270627553440641395781283577273956408
[38,16] -9265613593251241855864514452407616193835219711562003527834399188352
[38,17] -2709309655721683606867121627220184198540964118496575293698543514706
[38,18] 22804541124232332082670243964099587404964977715339489902152095010866
[38,19] -5583420735956256157615524178389962942659180411376747654746657747926
[38,20] 3605314631747504647981282867298780242594162129585848226499050665240
[38,21] -5533350930668727198953605230258639589815328211093033238984515414582
[38,22] 2793118419480028964966972232236519500841307526455061753738161261495
[38,23] -413022006037618572349588322609187875724991848990200263401217074846
[38,24] 89153552519158027288439997297990603340939687888614878012246194238
[38,25] -18278298288020989583487537740367364547611040057593155488511200496
[38,26] 3360976207711035243801201226319346679098912591308134862803815108
[38,27] -373685324419579045002913480040212360986513679652794720999497048
[38,28] 18930185095183703521519510680299540207771568729849444995686746
[38,29] 289270110651614353814472705296195783512211385817853674090770
[38,30] -99353520763100467351505265524773719301072878415220876373192
[38,31] 5050225567768774766157170398040203656022933516086152271990
[38,32] -26751051567977366978477127189970587311605522252953314346
[38,33] -6045109990501486363559938103578667171957902666947367578
[38,34] 230439973622503725625358359963344252955526439196766067
[38,35] -4972902469305930661410088178727526793561021312471202
[38,36] 93415313562135266766389793504043111474576031392488
[38,37] -937354406009940566893403265787935128007185356092
[38,38] 5422548765725637462810893167708542830104369374
[39,1] 10634158406616638743121346
[39,2] -12356670588428093117284871746765632
[39,3] 13209500763236436802915721023181624142456
[39,4] 1225023461923806840162019497360722429847248484
[39,5] -8907373415445525876829774812825091334474671123172
[39,6] -10370554555249998169885425637065957591140899703413776
[39,7] 4451707197921074840659353328349166024292313586367310355
[39,8] 311234023485488077910328383099183454891908226060048349434
[39,9] -22229913965961747957383291564707647366336670155615159965040
[39,10] -191906015613929655651980852484984416876494206717574099374666
[39,11] 2562357837115287655922545510003052203959009882165058039272075
[39,12] 11876674945476993219357732587020399171502682247288904446923888
[39,13] -1629418881984067861080681470125470694166705835637715537403120
[39,14] -15052656859192079719083352917100954031105176611481517620831260
[39,15] -111392448106405291674554134248954088923336376462477032597526587
[39,16] -47868120999703527929572779265187229210326451720575527767767934
[39,17] 155398958818337177998473151739026117646519339677236704741852834
[39,18] -156681910919565106463047424703903508746947345978166008365184730
[39,19] -43017167879386461346246979296419479776789643921429970685520661
[39,20] 99485942276983531436451417442170058196019282972350647751364388
[39,21] -126604715397484423807547661229773609132021435229134625094609553
[39,22] -32032479294793212242501862312094036184174049797163055341797394
[39,23] 34755590601535035257271887191822257945066349138057095721103435
[39,24] -5658290360564084454333174211563825537092084650503076074244716
[39,25] 208076588943250947717962555888186060158549929866270222293332
[39,26] 335918093552853471989597135189178941219497373587522645380872
[39,27] -142002198108026385006598476901461790608521776422221166198258
[39,28] 25038552462316755561248128554834021599429244470274438924888
[39,29] -2285381608044203062976237601215860814676098590343306485757
[39,30] 106558033571125708790396877578589822418535509704674241414
[39,31] -1103269783812945434178917245245046602296305537597411092
[39,32] -145325300014070844233967421066462115458014683609497062
[39,33] 6961473676537746703151914704447259301899632846475224
[39,34] -24035842126848291423858623139742634123378396828718
[39,35] -5887409575059732327877046693747078330838529882953
[39,36] 135551257614403233024025326672110266065766502712
[39,37] -522987228174768426212814881543616051301469370
[39,38] -1783311115881484188312246054866745500139092
[39,39] -7483335111142132886433570327580390832811
[40,1] -9946239088297818417912
[40,2] 2668407175253549286041139766710
[40,3] -723073522387378124575791097486426980
[40,4] 24522656154543314676436933284239503950970
[40,5] -45371239330511364450445166568915645549898092
[40,6] 58073038041240428582665577359502407958478959874
[40,7] -10371777277406704264702213284464237820634203583702
[40,8] 1417332006108982909214684992050461049246239955229362
[40,9] -47862877269030988206358039790569112777181607156266894
[40,10] 1250831662482447783819971202712557774847821556724883150
[40,11] -9133118830735086919307800173672373064383413188378460924
[40,12] 60006326188603435906626962782903232455253069964562755393
[40,13] -10549268124278559559206551662474104710086627491536900512
[40,14] 136917592123402146189344476484182059626730535869103438830
[40,15] 640461575901995214984438039440911978728781665959700105690
[40,16] 857769113141456997704473855662688480450303305434209482080
[40,17] 822554586898849974275424072387446448460680673031491176258
[40,18] 771114518755029998503936219991454249754142511488729991564
[40,19] 655786285083504486202660720782862667054625543889494022424
[40,20] 487937827680885330578935326848055869774636021837245511181
[40,21] 174029170125199415571266578509803663609438273095707121224
[40,22] -108136328754462020472521251140500454464566574149702810496
[40,23] -56842424357458352157863350673938283861418553396867532988
[40,24] 62617956570515969575055152008944992508103483426080361018
[40,25] 19743749964052826179723200330591392715616420351521009980
[40,26] -15719309272515715804780197648556654710972748194353407098
[40,27] -393117340538972118429059330728672700315642260476129120
[40,28] 1791947276885813418157117193688476483414549312021812832
[40,29] -480715648370367892108080667869072322842498253994066532
[40,30] 62398412325547092118611609551648358920492915457325794
[40,31] -4715751898147255555120996636207288437111621814667390
[40,32] 219765369257062868108136315859703785721524299875856
[40,33] -6383754983729748484971933898035431050106321817078
[40,34] 113302348164622016667444070498292963145726648744
[40,35] -1154918560894017446267977226562715997177676756
[40,36] 5120585061958687736518185837219347934367203
[40,37] -15267602509547412221920355098572722688368
[40,38] 1380581549904456543326024432527842571992
[40,39] 3425217373083699791642235499030554222
[40,40] 649896814503416720151388694172248
[41,1] -7693499843211819978
[41,2] -47927066095839976382959272
[41,3] -5421271037137109064411026539640
[41,4] 26780500829162152762066336943941740
[41,5] 18120028481805811800981784668287550264
[41,6] -7856451056589695840675082902643430574288
[41,7] -611436852878319284624029041673656876256053
[41,8] 43480856121378181933327627946074739466527538
[41,9] 1328464938481547540562620398332891167596325325
[41,10] -13078051108593785032183938021985222450172499540
[41,11] -326033120724710952654395597763099364682355837930
[41,12] -453231641276373348125806426674422866148051205812
[41,13] 10483509709275727992979172349746393037469803289941
[41,14] 41348209897781405416945698441519898323472039409502
[41,15] 233132461970738949583537541686999818827509931504
[41,16] -237872751482718236302593224718491984087838044991990
[41,17] -421949413215910884017999337201338821464042001168560
[41,18] -127307328975202250124472475460521104280204548923486
[41,19] 383360211408466024967328980166442693888923921731613
[41,20] 478351892332532369852247136828476487983090933263508
[41,21] 191253549264744619685925099124902494421428683887681
[41,22] -26400836876354908674270097803191334451171737408942
[41,23] -50896261904192386469607604820431323368599524467775
[41,24] -17575651959662888849717129087585136237293256972276
[41,25] -1924374751797285987684602232419567895018510509247
[41,26] 266367769070323363790222902458005164925614985598
[41,27] 95282322911692007397984451305328337266073969013
[41,28] 12321367668767226154976534424966369440866618716
[41,29] 2050531385390984263597415718152767046599978602
[41,30] 329942749336660697547468677188722099641446332
[41,31] -30313199986872772695063151514326941451063455
[41,32] -16690163743113594097331633075151423728178870
[41,33] -40876656128049450614392835847844425523273
[41,34] 283704008949251078343300620017290029184156
[41,35] -21073676627553056626695564485811368921220
[41,36] 565003749598284168451262481094272051276
[41,37] -5906696618613464440003035552424423113
[41,38] 21749380891233005634403638897935478
[41,39] -23124821533994561092020083901536
[41,40] 5066137026479120928678724374
[41,41] -118610510914971755190576
[42,1] 3382103193328908
[42,2] 889156960607547528445
[42,3] 1775076522068147273442936
[42,4] 3660366495546706839562605990
[42,5] 627783904304633090346231354304
[42,6] 80310282057639506997131978818305
[42,7] 3901251644751770077825339425985284
[42,8] 126403843903220240725858822398131412
[42,9] 2454705869249218186462940252886188448
[42,10] 33229093170086260783734983048482251579
[42,11] 317656459757982937750149131005464566492
[42,12] 2254539991409956377155175071285107067634
[42,13] 12159088803173855671619668461847408997298
[42,14] 51028305102614063570422676910283425402889
[42,15] 169449269898863407680922520906040613284162
[42,16] 451395767637002445717082515477328762901916
[42,17] 974775105444860611002982090060507761615290
[42,18] 1720086056583863167133905628207802411770832
[42,19] 2494574628113825274316989323226762520939062
[42,20] 2984641055284768908949857850367496107954408
[42,21] 2951820564644604088976505151532647802645790
[42,22] 2413671673679596401123862481723085188090424
[42,23] 1629224015437158925461686564134041148730290
[42,24] 904757129600446685092026702596456390548500
[42,25] 411172983712852282753559853713263539724962
[42,26] 151786264288923993084195893368309804955095
[42,27] 45072275201385093088007875764348743786682
[42,28] 10633286079819123864838578127088781025830
[42,29] 1962653767432897420770944172419569768596
[42,30] 278209080932723152516942249727916093105
[42,31] 29625841928615823787069794993568027584
[42,32] 2309734048737678003797551509260670724
[42,33] 127983191118302739716277277655809188
[42,34] 4870575713813406575244285130894776
[42,35] 122293370971592496387807438933588
[42,36] 1929157400669612488996753732572
[42,37] 17951996385624391023214483434
[42,38] 90350224851633965953218844
[42,39] 215983040512854676539870
[42,40] 197613843159196074336
[42,41] 45440353259974422
[42,42] 875662010658
[43,1] -32431928786
[43,2] -125263081234404
[43,3] -10553497727313882
[43,4] 505321296971895464
[43,5] 20010045153867764706
[43,6] 93798323955528882804
[43,7] -977725933148302941174
[43,8] -7080534196854257995128
[43,9] -2433907726282027961556
[43,10] 63348662607379184997568
[43,11] 96728910110022203752608
[43,12] -153799667565717140409936
[43,13] -347484562723718909049631
[43,14] 145940363615155682262294
[43,15] 510002099907787429090239
[43,16] -96941067217937709560540
[43,17] -409131686645122971135681
[43,18] 94781492120001943427118
[43,19] 193407347510554370918741
[43,20] -79373113928184221790120
[43,21] -45384282667552294120827
[43,22] 35888300055771570774086
[43,23] -1161439670616742480617
[43,24] -6749943860531085685068
[43,25] 2813523029829450055979
[43,26] -177645080171253754026
[43,27] -272222220584498979603
[43,28] 140808017840822905280
[43,29] -40329094179103862040
[43,30] 8148220347740358816
[43,31] -1252674182906797908
[43,32] 151666624735573032
[43,33] -14718732379538046
[43,34] 1154741968191220
[43,35] -73411240372686
[43,36] 3771369178968
[43,37] -155322630557
[43,38] 5056120170
[43,39] -127170651
[43,40] 2383748
[43,41] -31347
[43,42] 258
[43,43] -1
[44,0] 1
