[42,0] 1
[41,0] -34232923304506758565992
[41,1] -11284228123789310369586
[41,2] 580363685648701307764248
[41,3] 1592438577467731583941188
[41,4] 1302343543695766386107904
[41,5] -877647051635064176144562
[41,6] -2502403308766967908786608
[41,7] -1676455259792869674310248
[41,8] 150646803593706790268984
[41,9] 868793792527802573708670
[41,10] 455468415754354196271624
[41,11] -20566021620244137313524
[41,12] -118413899648097558296184
[41,13] -42789401532203628938004
[41,14] 4949136092484552161112
[41,15] 7713318930770825562762
[41,16] 1550339778688806674484
[41,17] -437103734956473247747
[41,18] -243682330132628867124
[41,19] -13899665026095392346
[41,20] 14954556665137398956
[41,21] 3357859372394046420
[41,22] -335124215138860332
[41,23] -211624998607889914
[41,24] -11005452006399060
[41,25] 7043835583602258
[41,26] 1073804844714036
[41,27] -121129448859696
[41,28] -38704997172480
[41,29] 182313800829
[41,30] 829040693520
[41,31] 42220122198
[41,32] -11387056444
[41,33] -1068675537
[41,34] 99240828
[41,35] 13991250
[41,36] -504300
[41,37] -109470
[41,38] 1148
[41,39] 492
[41,41] -1
[40,0] 522915964564951559298587765317623299319919620
[40,1] 4346056823443100422923563990008086327638755912
[40,2] 17503174998269022805097025491570323396209306561
[40,3] 45503774712190883350304352433918123237536791112
[40,4] 85828051687869104519383601797445927640993481852
[40,5] 125157137154825282474764094983176407093728987544
[40,6] 146822479461831969751452195922562241926801962902
[40,7] 142357990831256010715898188837283339267482211336
[40,8] 116319576977644968767406136849011998229844902720
[40,9] 81261177170915772428919901120124587405897166112
[40,10] 49075639828511450919860336633417872116781423373
[40,11] 25841636552585994052300509778539395057087790624
[40,12] 11944109681600987706504175903328044791720449688
[40,13] 4871278819232196430802202998084116368348240192
[40,14] 1760161272579961164754317723638823246496098504
[40,15] 565225085823960310035469090090362714607158624
[40,16] 161667743906231412326856682856937488862657152
[40,17] 41248440089655855125822647506094842792686520
[40,18] 9395639085845889289918189242127692155383647
[40,19] 1910960424382472281759848458683015630737112
[40,20] 346881926427136387702988266744137863228088
[40,21] 56135574964939806928113983749349497066584
[40,22] 8084550508048967589740768349703837788372
[40,23] 1033621642583676532338976254819530782104
[40,24] 116934499826202656655245373309461889720
[40,25] 11657406911787025036118383573249926840
[40,26] 1018816006337043431569916971243467024
[40,27] 77561974439903202113216831266554936
[40,28] 5103148928861691670129818022052312
[40,29] 287363917027465636109398270362672
[40,30] 13682457220176281028445964807973
[40,31] 542508173033246241789033186864
[40,32] 17566610746704750629688355920
[40,33] 452850465731297905491305640
[40,34] 8982190841371921296293863
[40,35] 130727630871916706289624
[40,36] 1302831691329826356204
[40,37] 7985250332138665152
[40,38] 25068198243000885
[40,39] 28168798966512
[40,40] 4557789928
[39,0] -453861851029369320757954972371561522144013083640
[39,1] -4568167927885178252048444641543092061948991741280
[39,2] -21288364730869944707145625955547922745897480558232
[39,3] -61945261691827866517157817676834581742812778207734
[39,4] -127374124827942946856958968929510811014170116390376
[39,5] -198024500043818191630744754218262250348291486715938
[39,6] -242785546506468231579020636920540695548653751826716
[39,7] -241490687598081975828838426550669912638772180515977
[39,8] -198800379301421517911441047747481810156239353451188
[39,9] -137416170081004143752121786215852136515786095006366
[39,10] -80601130575714742020513338777320081817482797508740
[39,11] -40426321246566110784771385783559625275804716081416
[39,12] -17434261977996106586437389771168658262259045211340
[39,13] -6490142619843555249639204006136944086909535369276
[39,14] -2091521613126560235001085891965208769134406866592
[39,15] -585052804737206657061197102232338183985378237985
[39,16] -142628610088938700415178188983364239170039160176
[39,17] -30555418034858581023834067657802005781306741298
[39,18] -5852713469373281287463384063902569800617665892
[39,19] -1034471466888800811401812387162223337793751157
[39,20] -176127523865992029907506935483600327306979996
[39,21] -29800040980350779157580067163769961120446170
[39,22] -4957291939599025475469708591881142661544796
[39,23] -771351135494674071876630360059565319613484
[39,24] -105687255927309216858784819301327703443172
[39,25] -12031430089004679368730997123247726495370
[39,26] -1056401893865847449364757824587296939980
[39,27] -59547068771390859924809835586235809770
[39,28] -8987746394077003927642619210722932
[39,29] 449013201079427452664263411304511708
[39,30] 58483075628565300633802070460292664
[39,31] 4552862766904454389370160426625635
[39,32] 240158696992006836660799976631816
[39,33] 8289322038969495762254329398432
[39,34] 148629124889443408773152465376
[39,35] -699969448512122736286611762
[39,36] -89447770858559926309984976
[39,37] -1137946683421812756341688
[39,38] 5915353490957881155696
[39,39] -2388286076830757564
[38,0] 1727620833609892967569699597454729419261585043756850
[38,1] 14008699972060129870152265163125703520050195260523880
[38,2] 55044378129075286216783812269332737442526659881679272
[38,3] 138353374543119147055862022923739946761195319573549872
[38,4] 248052570728278695969292523129212467026099262554869668
[38,5] 335625357370065117085708647498967373186933598030346024
[38,6] 354017435627720487178903002786418828088299312573267284
[38,7] 296529787930657935089928010471176063629030904371274528
[38,8] 198755630043436031462337858537028697132400414823390894
[38,9] 106176945890256078980688697745222787176171222340658632
[38,10] 44178852350033052521583921723676965443109231047958396
[38,11] 13346174828658028536904082170715480756847174347900816
[38,12] 2191056709329981881383036924849714580302348879994106
[38,13] -352176361352295366163544829772176617675894079484992
[38,14] -403010784604325528493240978427485933375902659435600
[38,15] -154306605892374881673465840515884938800772442578840
[38,16] -32769011183490157772650965121580124587398792518282
[38,17] -1298237445443091569495475165640270894120014411948
[38,18] 1970239029641990323476223195568010491291092092168
[38,19] 901632581678666366993659877520068209466203278312
[38,20] 239544926015848863255138201209739081261199627969
[38,21] 44561808329331477465224992592738427279505633152
[38,22] 5788138475950088783795353810102813482763381824
[38,23] 434151283649320244480730369112181568286085576
[38,24] -8423664587316109919237367573183463867777491
[38,25] -7526225217002632876880977489422052498743336
[38,26] -1086756367383513304851760680189942071187096
[38,27] -76378767356905272515090511686686431463008
[38,28] -6107021211934801923363517085821480701
[38,29] 619540584094609880147364171995877527892
[38,30] 73174091079878269791124548301376236152
[38,31] 4772720690792518402487532689015881272
[38,32] 202934378635389432953107387692039060
[38,33] 6898844396680259661379050454899276
[38,34] 282610002294867824814382685863140
[38,35] 11960059132216612263899117540680
[38,36] 290948550349374027919839454644
[38,37] 2443316482179692036653167864
[38,38] 16255647987817435506690364
[37,0] -1194383091844486149082250456721981133417958281572717240
[37,1] -12098279542999176660726817270466391414936174183296381340
[37,2] -50724546704589286038626196551199242543026272292211787552
[37,3] -123530662905212916733587164674797577147598677854047855652
[37,4] -199113840557739900265032467995309351701562985853396503888
[37,5] -224660111893964811070929164536544684157739274946094543200
[37,6] -178303026617501834182195491851873353003769165520475184016
[37,7] -91540107029989715157879929763862477270780755122006017206
[37,8] -15629409755870601191531322882568214356408691230612360020
[37,9] 22044732155362733792562146154866798549077767229639470573
[37,10] 26903225840192775112011274766366980532949872268099496708
[37,11] 17728879463301374370536832431008528406927087578905885912
[37,12] 8241602599763137281579218273962070698739176234359255576
[37,13] 2824427354543964728329692562097223938660722631755381071
[37,14] 682432362270708647848372238384467574502976260767432616
[37,15] 87610610940213196408320705954645850472604450256653312
[37,16] -11787669175276401440030277001958079991597014849223112
[37,17] -10426783226059254505155003834658974530834093987700144
[37,18] -3294536409965793770886628464159217789971960590394168
[37,19] -667027303859283170146077617286552396859690145929072
[37,20] -87756251711407539327740204852612103241053303397968
[37,21] -5205240989614755581482177451349522325738396763382
[37,22] 634729270769848354410799552470705938494393065680
[37,23] 200893625504007957554444866377360537166793995482
[37,24] 22678773350598526883533927664127468395112739740
[37,25] 571071058608201184326095255613169318585366969
[37,26] -208586275212778819650568396171532723915001660
[37,27] -34249903496239675122882616908362731380405504
[37,28] -2266804775427552313807256686751535505104024
[37,29] 13419418564545802610084055545609167235163
[37,30] 16374571701512161134720352471528160562840
[37,31] 1534426424420861702703955885835381978302
[37,32] 71401436708895164899681713917155087668
[37,33] 1344964557719061868381199356953206133
[37,34] -31306015971208404567750972972756772
[37,35] -2379349090222645920040190843532984
[37,36] -49656650413589095741716579541800
[37,37] -250929523806709828063537061547
[36,0] 3277721646620714468658366898879059710108521724786984011860
[36,1] 20243226619081587933718608163600271988086584242568439028600
[36,2] 56207273278614011017202967061011566080497165396027979243998
[36,3] 90291753196083775916666926238899941441956341474895292915464
[36,4] 86234109661223782550158184384831688711377484376341953558028
[36,5] 34688739010844934074572854474096415353055127184930473262792
[36,6] -31208398037497971295267343275474431859318092325985193963881
[36,7] -70114259209499588927426748837199316214549331082566858804644
[36,8] -69824285373890452757751954107703332930777041279956566820168
[36,9] -47015592085505348040853578922069336107227260637108008943712
[36,10] -23131267993973468271226670283880912742078222410439212479771
[36,11] -8272187724369822426106235172956965653574319925710542795776
[36,12] -1922156438933753284571319285922137868539973027000880954460
[36,13] -106656332897149079391373621660627933649832444272569345968
[36,14] 138110067411518739476122307828834914651675729564710285162
[36,15] 74531556639977471712906495310869931895354547002485377788
[36,16] 22606509733935758519880734059728874740273759675091773684
[36,17] 4627661877004066791309919691447933314259886866734042812
[36,18] 605107142994035238416077900757165654213251647472750499
[36,19] 27003158858423358430481199029246143950506783982590004
[36,20] -7881382868086304456222552567097537569531101783270092
[36,21] -2011240849643759446578887573794904855619714591819920
[36,22] -189365184651244437925784105219581890552697153354650
[36,23] 6689430348061776496034197843082585982790634669856
[36,24] 4373375659382151820823616121848266162096082959564
[36,25] 572118168969032887664169291757665114881982174288
[36,26] 25818746960459222745602429363754814759228592139
[36,27] -2751560807136311930002962417803195862578560792
[36,28] -562921990523499570962888486163478413703100604
[36,29] -41977473938882297253269557085848012616152572
[36,30] -916226799741100698273734839319886407531163
[36,31] 106118200498250534607274195729296725187492
[36,32] 11230651346549343447305752663967058148980
[36,33] 492394479879909245005245449286455623588
[36,34] 9509790161514735148050727223912246667
[36,35] -37892927407014900462706012667568144
[36,36] -4774358685290878631589539751218460
[35,0] -629746394480120605250626120192184839393266554786134078116840
[35,1] -1413565710161141721487712416437903795592711817764926062489040
[35,2] 3210756315840053574485080340268136995901374209450971107069896
[35,3] 19519813227584964016467102014364534437833795175226536882543250
[35,4] 42736123567126462381637452722143317069764730443486275578224456
[35,5] 57374936942390264751372429445102039747965490285978170611724042
[35,6] 53173986809131254882492652042594793605603235743947588067340892
[35,7] 35087675093620517735716382111614128904826696487570251237699901
[35,8] 15858064228889521755573119212715899856676382763246502276752068
[35,9] 3773888859648150992408846585613033864710098224343988456390130
[35,10] -818785132920467878847545794739717584290535179499903869918220
[35,11] -1361204624326628907217647785178527957120211678215944309305464
[35,12] -780432131941155285960572007424998610049293674778121740841652
[35,13] -296510514293515510095901433057782805686003928146571848958484
[35,14] -81430200932238607641372737691795055143645849804954718215864
[35,15] -15867001926859258613900233242740061822501032411505120921249
[35,16] -1856337416131584529953601976551476127754194715308501718784
[35,17] 8974328368360379742210858380755224893411460000201688268
[35,18] 54403139097893366564734134180511842746145115908792952860
[35,19] 11175093885265978950726922306767528512672524223286339543
[35,20] 817129121192697574284439828891004699763756872288906124
[35,21] -116519302921072783651626469507022511322515369955216566
[35,22] -40355872619059181229072243208844741640377451948420636
[35,23] -5012865236469914910229367250582317835158509283464736
[35,24] -182854493887730649915854026645568570717217792398748
[35,25] 38849802945707063234382196973424538411156168775070
[35,26] 7188598396549828032000095808687600088329238988012
[35,27] 509148200423622679881337998076525328428256119236
[35,28] 607899209687694331434473714232853710921486372
[35,29] -3127563552349451220640656506492806972602101918
[35,30] -280112881249471084478064815187830836143208128
[35,31] -9883986720282774661631970926723498323202331
[35,32] 129330430942787022525113065834210486855384
[35,33] 27178552733067959295776179679992415407638
[35,34] 1077514456131500138137495748514787368528
[35,35] 16236640407679198207660249185097023118
[34,0] -15851792120275157251441674607855174266263012744144678147620545
[34,1] -198252916499160116283231998333282839110338720199103256994330600
[34,2] -362047727277581870879204807499128185248035521873466632907929632
[34,3] 642675507959427158745626086544092457076347406250520238506520072
[34,4] 3740171399758835154708658222680781906619000468229279091614497330
[34,5] 7733314000554132238960065920440191603516800821351826076502728000
[34,6] 10020990768811295265751571821910917965457333123216204022068223172
[34,7] 9280784076108518269839488210437486903392029514994523166659841412
[34,8] 6496838258404694547583576656246501196698660173040005391370069185
[34,9] 3531111119284835414321953179659660097038113085722436921968261284
[34,10] 1503541208881225847570228132126450334972983768549583944445363932
[34,11] 497195456139445962052277909198799903807082812530092916793931008
[34,12] 122815984381092540560034345196485760656257957040956785092207537
[34,13] 19903372953948335583119517648029562216033738578159113806998540
[34,14] 796970750991699750997596297335930963343744441698348440351908
[34,15] -642195834533827539142605778832820103683044986961762831247900
[34,16] -216912481165343595647994807825001757336258239000238678958633
[34,17] -33739385026795483927763363552824687386272601985224318085260
[34,18] -1000091908344207340210608860837387023337537136808479117048
[34,19] 814236928972707692210985457624257078894949167919011331284
[34,20] 211050551629676575331579705262806172207328310811628665561
[34,21] 25184550007402914278755907408974594110800055817796316720
[34,22] 705996929469951359527520814134715237796422944752948884
[34,23] -280398283248530475538593473619956381757094351362847968
[34,24] -51314114196994112548144501442172185404695969388739658
[34,25] -3704253101672254385222238625662974678706142839263820
[34,26] 48540991728659370596421809253918640557179047499232
[34,27] 36083356486345199018155761403487465411374004111208
[34,28] 3329122764224888802591473440511270529340619580821
[34,29] 104685324014535446710193647905585907889739480456
[34,30] -5789018259968156047019353989582779342322250236
[34,31] -722422670740988574923518704779144220513308484
[34,32] -26629641500911281275657702297049675912392337
[34,33] 40654093042985367078854774188266554699688
[34,34] 35377602337687234935545432951721652758872
[33,0] -100445802067421472398071018827866986718202469280684409043459231760
[33,1] -638394122430135855854587784669686793942028225378747222444873595830
[33,2] -1889915975630773862501840164432749335301409951055867118546109407960
[33,3] -3462661739681742067111079810456492091688245607578688487186124908252
[33,4] -4393173467826573192312035898734922374349896743583204830453589154432
[33,5] -4083175268886553570736278185541310338481587015865619544404997873542
[33,6] -2858766496041946183797076688727817096934984811052539377840167338264
[33,7] -1516853023896107757583730387249079622010055715438567426826685034236
[33,8] -595908630938941368139302399651743275862104232354583636411986263020
[33,9] -156993368176684987416906943809205865511798326095565389341650314523
[33,10] -14864013990989911449551593599986399800567843728096591408160547652
[33,11] 9417641462290327092006076075236612675605245770669952159869388704
[33,12] 5985767390804156110148310805789179594752385706898901039227930720
[33,13] 1920115007142689125609798043232866542213147697818747448967749319
[33,14] 382364905203218409261781228532417825181181474790229108441495048
[33,15] 34940264403783187221989951489849653881490307577910050791199552
[33,16] -5789793432089593453690604722622099639995040044126691753604276
[33,17] -3014778753468935122312118462066274504004631059547653946095113
[33,18] -612341760050134614354990518193437732554015610958090202367636
[33,19] -64444722176821521710653804258216897444836074574968834384334
[33,20] 233018373030351173758626117946230733211330909541297646776
[33,21] 1305019375939806571736797363403338324832219769035884826687
[33,22] 222235030804950377846594357414705655885869545517309647488
[33,23] 15908815319130839992721740886691623500287815974998111756
[33,24] -514529783607632051206127010557402794021576787768585048
[33,25] -237042834984272674451414868416146663793932880066172156
[33,26] -23293152130383707662247552794111887873409834768690560
[33,27] -714391925656579996745111532560503808259909959977658
[33,28] 70533534174348498676448388509993018282670492377124
[33,29] 8898650059672619574957225592655059980293228441037
[33,30] 341557912909413382858454624054678340688244478924
[33,31] -6327042250559321278846711537577273325338730222
[33,32] -1097994899469704514749954631101547090929253912
[33,33] -35820334230892890739794628806230453775225575
[32,0] 10933460867384881320819055635396338066254333827801933197191316441736
[32,1] 45127671774362957594813872716794843826111506309374043955313382316240
[32,2] 75366052481877693772288565964043878309947513954468999702652053400739
[32,3] 51070455249653904547483328089416801833690705639332567808450689781208
[32,4] -26819886978390389346571660910055347062481905396935690156304155957972
[32,5] -97947017024100307315809944671389466821356761614015084727317266141552
[32,6] -115278760896614841545662251914493303525881277799325296846488545237832
[32,7] -86699394012649975272448785473440736765354550029845227868822340122680
[32,8] -46954278764277655171697461558885352378595033359910340381639589395440
[32,9] -18946802645034842554860332775964419986174062032817565102016284535108
[32,10] -5624139758100251993865992856567448146047325086750377553016052926996
[32,11] -1112404805577741592603433197597135455191912969855009124463826283208
[32,12] -72335589200143096775560610847484229588549732537569549342648102572
[32,13] 43614143787604699720563615716124520540072958614147463261200967076
[32,14] 20807564298988856856123923366756093064263636980691163059082949679
[32,15] 5181662197663957957615406755940821907100132519950546225640716808
[32,16] 799220997924145478082764384904871600629243018503300444879561292
[32,17] 50616722595996871976122758286613149358750395834418282755885668
[32,18] -10427923462990488906340173794809364649001460658039822898109790
[32,19] -3709547929509677445560745264955575829251181865187079424677944
[32,20] -551878766924925049017157013021115742299755233993952776849412
[32,21] -34721929651505741450849904959234150332003607065062222755184
[32,22] 3021239082608216997837356875481955971103997106663603258643
[32,23] 951260846811187287864708595591028655380425707982420722856
[32,24] 97171906965451037784000549163142070878637113918351563260
[32,25] 2810706659005274451316873809264358854091573980956345820
[32,26] -466543528053821810420549129193946260976495642931968624
[32,27] -62372392036450554834685968368594702139831379642871136
[32,28] -2622571063093601225116163479786626765920896462622724
[32,29] 87059064544757500839199001371969686000896453730688
[32,30] 14836594407890776547163922916679553454997280974078
[32,31] 559549062907959413922595254720370025172827533872
[32,32] -6007298523460844796493036095743583813587748416
[31,0] 3028989906694110003707419458374463264089389368777251930104151934149328
[31,1] 14063037936881451751658691912809619439065929109366906258666717450807424
[31,2] 30135123944453433311811620513516656820076014733119596143388819124460624
[31,3] 39266543662307291915624076805434489530589235641831849239244284890253604
[31,4] 34335126496635157853093934903328169055961602042273237584681308993961104
[31,5] 20742551732255906956247286997896570921921155450230573142198477973795924
[31,6] 8299638321062803201427042713666611938308303963754919233019455853726912
[31,7] 1625780906757577544422367719877336878076421391291946025069677113501144
[31,8] -419838234593313051320125240249732699274363581023574495918263705422880
[31,9] -507333033469499518466234541619231621753457333162554664317014717162342
[31,10] -237955540335359274531151681142291594721978760888425722124654712111664
[31,11] -74007898644638771005309882173746150962574389355652361123184402260146
[31,12] -16372802106504740972310936700055538430034995800210030096980751331968
[31,13] -2384027505315974822000574160943265139717725769542627487548029122822
[31,14] -92239419327252340558678002263055987535420780745217948011842250496
[31,15] 69280023895397185487362911075628153291335863947899603686890228062
[31,16] 25747627036620870075244655646661366088829876031211497056119239712
[31,17] 5292408710748470738399062629184138829433802606351703611813702200
[31,18] 661051850211837727210730054687899314768986647389574879867163316
[31,19] 23531648138639039037062594499267747164887993937444283825456619
[31,20] -9533862616202280239454734789985587963737780959645002581020804
[31,21] -2268293921087037512593305593748284559020431194435277792557696
[31,22] -234470063817555154180059414244903734222093386781313113880264
[31,23] -5248506915076276328712109234334034909315904362306936576633
[31,24] 1868770278914001295410766275725858908705647501470534890728
[31,25] 262042107683919320522105293400411587404065040591023673006
[31,26] 12239251363541584456568964340124977558948267822473299112
[31,27] -564611283557440885757938379889651510942534905449502670
[31,28] -106716597111502848975978099701544606159425518689580520
[31,29] -4749561007969441924062236426640878451787342241875356
[31,30] 90369552743987747009519704990189480775258730190008
[31,31] 17465083235140367655698465323771800073925388533348
[30,0] 270229407764949459068400641609236361597757947271097480729883107736784380
[30,1] 1261139907844750609158556093759096819384100469781893819597857963978544912
[30,2] 2749917280600440936761528000421163344150539634171155902524847374627494832
[30,3] 3707341600312441230527238890104183564151232628149668200834784463886149440
[30,4] 3441592936421567166449763924049772618437157240628842899315896763909013790
[30,5] 2313267791198700639755617239222265807369506937556974464894484582591678800
[30,6] 1147043259182341294063060153960527878266022676284650285318963144596918160
[30,7] 414899931814169573986766796178404957588480439562344411218342263526068520
[30,8] 102152294181584278815276028247632257529803209228597032471060149619147884
[30,9] 12146891425388813800912462644829825069844081130485609229591410935120936
[30,10] -2306160744534664583009364077276014907739082483573653341552863710008256
[30,11] -1647379022817570497542986624629426519881473820254716250608534851334928
[30,12] -482180440768829701881853089943438721249973919709967612989512493960836
[30,13] -97426619545158685237002927604587176899348924522705666138485877869168
[30,14] -15815556362997683868445512375891192999308217040725188075132515777488
[30,15] -2176773258879107333901305168380929061109192573181573079027062480256
[30,16] -183820045364800894955493129313309927823274530419125786607646832498
[30,17] 25031349930254908334467668909540750143113956499785442066541047872
[30,18] 14499192010097201696266452484442632925800825724153471168246849988
[30,19] 3030436079661420450100579291531523852570459263399448732832919752
[30,20] 322485931314558308190556520874100205201659539468494569093786944
[30,21] 2809919038116250963638346214934955236684906356755413170149348
[30,22] -4537205370963022756802356928477748850094100748912575131158932
[30,23] -673003125241241254979196244825896555393073443210644082872256
[30,24] -34774296550502302280620532572447165844721125767600744644495
[30,25] 2146638285729208397630620712526954573739337641390692365508
[30,26] 453181254236932317293153653309318926530757967033193969472
[30,27] 24064021979703041870528021024195776264008391360146402256
[30,28] -566420763346163363576173522491936382757546195300461125
[30,29] -136816305057467818798480323304016350468631172915956628
[30,30] -5682559883713544633684068899489967654369617082386916
[29,0] 12511575143481237187125558047923696183669538290221858251469813861248766480
[29,1] 59388060958043392495296617384588879499612715073478760469695197444856627800
[29,2] 132360980129648191009641108729336970058664433255260500171925471159029293760
[29,3] 183431776841597392267026746641384674904067971223581944763009852220341228296
[29,4] 176306305344189055836053577741068496773597067671038985803988471583115247904
[29,5] 123956985533403059416790989706252720998640445386799788036198533726347209396
[29,6] 65370582711854286394582615300402113773750058581792488042029395916385558992
[29,7] 25968712290978427503521214728089470334276393998511137954289179195818112912
[29,8] 7610284176623226937414668130944215022833742170728824094234657826804694816
[29,9] 1526692504274560561397712343682644633164638517080978648196574688632905798
[29,10] 152684910587304932133462215211672526179730284149332425620969558481681528
[29,11] -16991521618953269594707442359124146875477570334236919103974829604483518
[29,12] -9523299550832654044887000835056382680043274396445859810080898304359092
[29,13] -1673739556425522296899718999987752287017355902467166332731434266582347
[29,14] -146590816797341755048318905979586626607975328531340174964839053381684
[29,15] -16582539495832867033816577796225367607130179903020698161866188405660
[29,16] -7561962407159764349723239631752394965931589451483464750100203623544
[29,17] -2136347009618807046983505773382729592988072126797697099845853229461
[29,18] -278008199095301827242493254800231054192348056987749184327739643264
[29,19] 1670551957568879723746461463957735137562075598047215622638269790
[29,20] 6778168637211243284507155752296315786829904372505244521817311684
[29,21] 1113250856873881755747949127591514135054344103867204219167554803
[29,22] 64339940988065547124298960087200698504123097251497337455544060
[29,23] -5026369071174127792262401130079515165516109611458888859950720
[29,24] -1192839637157213775402783903648882482037635664212879723377800
[29,25] -74506794505226608558005820312401404863082477958453275174541
[29,26] 2030021537661872842547768823829175266488328099350957730064
[29,27] 609253577497062593067370045212961960124859205544827235454
[29,28] 32081395395015869437290780584269256519652063692834316660
[29,29] -561089764158198994212065228198580687946368827662437849
[28,0] 344636389556078266681941468429376756833959054118600016159712366272176887880
[28,1] 1696194424265801995588423542728542445427980277715233927649983935226027997680
[28,2] 3923854390454750065550499118645702068492229835131880747873511816458306346228
[28,3] 5652296046898556175616364511027300762819312941197313224464357579313081800816
[28,4] 5660322838039048807117981090541650011240361857754711982893006570741636734056
[28,5] 4163146885817628590220162747887861030957129255661034507028579204569669955280
[28,6] 2312757054753177945832445591199908728044192874911190718755627202892729995244
[28,7] 979854094863305070133851355747998231819203306773488649374967108289382286888
[28,8] 313716246607738200477540768580708706544837304015812103139564908168898912508
[28,9] 72871328876846827455246042721262336227390956801390627431410653619252355208
[28,10] 10753926820649732188290721677105465461921816724029411220017090573122179882
[28,11] 394588114568649102836707831679522957736451990495700597105355344348388600
[28,12] -233704812899465830246592934361818742042515763832787271590076477707542736
[28,13] -54513411022682020209240183302958635391305182245818131746988102872957568
[28,14] -2371093994448899271601736997091748558858247548798802049272214728347958
[28,15] 1190486419967371508783976356060220396219125139152388593218214392780008
[28,16] 242475159489505314288403418484129741981604631540748731549243431789872
[28,17] 755457932633695278013530734245554662241160991291682554640996370128
[28,18] -7209846318777528365820581890238123867582734179402350043010254571245
[28,19] -1342513757730909165985651448178871907011007238932724528504617121004
[28,20] -84971539285802502721791956609389079660737982009599081830466654836
[28,21] 8182320400565385263013489605041704232801542903972769641598177524
[28,22] 2131070762996117315780615661864720119619696479054578256814051898
[28,23] 154260764188282156671516395835331607930670456954909443229586764
[28,24] -4096573016318289953923934971196843401054949864710558720295172
[28,25] -1608851298483617450635107760607301967206215685630252288991948
[28,26] -103028150112155932496699507837999342287270618713712958239236
[28,27] 2080388154207791436508623226149059468913986632057559337696
[28,28] 672654938774192442193387999180469753493909492377292606700
[27,0] 6024898849870245011516883525764441454507842498112385610782763467227939709104
[27,1] 31652357057977654224408290648131664607955469696441817379671368616941508245280
[27,2] 77503897878394966179248403657478868527343040565258237866277590672152039385168
[27,3] 117455238284294100853557567421398903648365006460325164513942606643089037278804
[27,4] 123295760831767537303975792932307514562593251619981298097080233061655890021264
[27,5] 94971912459331404834489523142342093424077157760077458033435017458048586784820
[27,6] 55390319610457511047053066905897944873222517322559639183954060961073952382280
[27,7] 24815776263182251304973918534548968691857250571217137975873340633778525380194
[27,8] 8531798784485290824997072799920732533967527001156230090769733266740923100864
[27,9] 2200387878511519510171175571799976969570262503541326727324931451523394679072
[27,10] 395955108877333424083358979520458918991164217179916957069159598833696792488
[27,11] 37151592266452784914633964894792948960729465120115855636894147262537730280
[27,12] -3008600324511119343931538646531114037716496193792312109838083313081586912
[27,13] -1687289268945731698724115826810571319541443169478997771869659498198229172
[27,14] -239390058928453442971115399875051490366515310476547366826152160296513496
[27,15] 3128181405426722011037111824305156039930723200635044165488768720615504
[27,16] 7136645628518932868241562645379393213184391041016906564872447166442976
[27,17] 1234155649453705986710736438644741811381859219690638204565832070357732
[27,18] 61260382559068345278436487701442504087647723491550082539455903791336
[27,19] -13002010656114132403030958236018250475868974880857507051343521281676
[27,20] -2922570533881503297896801488585556162349591173505055973893644994224
[27,21] -221947030770096767029967829797976079895499717927339943640459223354
[27,22] 6447615017445351306434574035697814321969241632704343428933127680
[27,23] 2865757647234096166784502671609417473812981732519011560624197300
[27,24] 215976442636302791992707914617825895732404866239761325907307800
[27,25] -3874096665318352137728189513718271816195613794335870027026178
[27,26] -1836588493948428753057877045448039866950227218901440849636128
[27,27] -112253317700619891663198366616741731832030798995441191727742
[26,0] 72073558446206676103139372852350925511685413198571353303552999669862411066767
[26,1] 420999498037253341137271166446496103716317821869529913638662433675832595708976
[26,2] 1110021402525792945599545233859055056836605646793955813346717514355458310895648
[26,3] 1776463466644517702311419501486748197398614241547101510803900581144277023734832
[26,4] 1946443795343393847832682177440581203535103009337577725685721159482054409748388
[26,5] 1555426724068440582029606368067186502717094877405919319887501522086259643653024
[26,6] 939827708886259683903630196792460398779664692469491058297663721746073546839344
[26,7] 437797638461382235624501196867692824821667243030961863848470167862898969632968
[26,8] 158155044801843945719194814064461713272374608471086486195604022404723552544457
[26,9] 43863076076233591976985504809612975041819420965828461567304742986366228237024
[26,10] 8977960735456971648255307991121355380086914313249396322922970178573410670984
[26,11] 1191130185438709537586134037538625034648928868875907753221645264545209035760
[26,12] 39080199985430751251799765196729747394060254313148109153563761743484020308
[26,13] -24315500950432769821869393512738972875879605340308777627513752709363518316
[26,14] -6323894848180556529294532906627167436776083598593470632776024598976331580
[26,15] -687734656901468023349352711563565898730469550248142039915633942427604504
[26,16] 12966986846624225710263284328904614689397343953857121816496233291299568
[26,17] 17038200693676854570512823824436984964550829274468200805158810089273476
[26,18] 2756656582214788343730496622074658231147737410556184616048947716477056
[26,19] 170632584038198817469804325068774652592222240588577936666943677090188
[26,20] -13404641745149598268398229869860739737471770721198782113087482974055
[26,21] -3805846365441820222971391670506382629485121239939691267622697486120
[26,22] -298339302318762430366743127909207610045256663396516657371300853132
[26,23] 5732447464133303936234961205261096662238509569209395427200384428
[26,24] 3201199160863593828030360424643685323639450477140094149396772271
[26,25] 236419928854982096035252882806319235461372824059146416679383912
[26,26] -4090779792023986040775989008897185781044862848343338839426808
[25,0] 808965977778213308849576273759190737932415924036266348365247325499860159212920
[25,1] 5062734386341474066865124529116451637498315377822192409194351100765536724197698
[25,2] 13784832075654865376562524010269555831187364622159197851950656828405098259855272
[25,3] 22372426346273992551529341772068708175311887217212649793280015744885615148683580
[25,4] 24623221869143974057436583502242009297484681918118473951083349385813696677589824
[25,5] 19674351047633013797131477695848911296450444803914083521996693542340016469119138
[25,6] 11874523472855103097639020881121383712092923289341403767211596883524381654754064
[25,7] 5539569947167274860469101017413044043144816958380568279217596525206061774193016
[25,8] 2018898208906672320639614767075786751472067651895471639229192820301531036522112
[25,9] 573815181141958302854725932819374426402965066994360969760717494681302381862094
[25,10] 124587592071385212155175932284787536063996857534257066345014073102060327986376
[25,11] 19334768629064770741390518299359905499368230219560994955004030758990829885380
[25,12] 1628627860394583413755939350331463632030451509295188450180213145766866512152
[25,13] -116647371551202699055717425818713846112751606862168579859886229588234984638
[25,14] -69357704560517456051342344679553271420162802984641960106569147298218811808
[25,15] -12949848099467934873005472884402081856989550554409831350271713907287744976
[25,16] -1284049129459229954677895376505984860339861082455067335664306311806914240
[25,17] -7447680891297256475247184774532379910051646737647512391925118521910454
[25,18] 20600534633705626722989448989348680565200116963310619172552122127050928
[25,19] 3547179194344126613909065807536171852479655018275688635018860879782592
[25,20] 254793183043361456527151108892925520250674432766771374385771132308988
[25,21] -8046757422973501022485907629634015227159155462657652201524205476135
[25,22] -3609456785392271641179700741947730752651406591076834935296978400356
[25,23] -290966557596054878817149051000818253869217323892632732763016292734
[25,24] 6739306607092610092052206930647168889081699314465630948936004776
[25,25] 3288724859386395323547587663844236783006157330578063881203624197
[24,0] 14338770842081683728250816736157030856988464495673490226960586861399220888651380
[24,1] 77937593588187063068330588476279179186131346558264306490766835094166431052456040
[24,2] 191164936753784194485815167032960428372589645314760941212944405218486889924579927
[24,3] 284378740711141229518903227750886462820233046354438691989754817099277753684523672
[24,4] 289337852156511372926665804396414695270386361906964732576739837312686110432139716
[24,5] 214494031347665644946069384582583248447581191838264552911838683671890676807727864
[24,6] 120171356440117742932920308638483505558544619862237667863240965164893216850328018
[24,7] 51951018274613727231761313815266517033506382091266202781483698102218582922676248
[24,8] 17492899439044667800156676941194182153662995913118919096185694409821064486386408
[24,9] 4581770390568653191512906523447108208877402120950061978315980018479583362542456
[24,10] 919196291584454833422059490499059134686699320100663722413529455191982307176844
[24,11] 135022733983050447512583982745397381704709725643161661067920651841872880901640
[24,12] 12378796471757840418668569695108708454912597070770641570829172818075519863024
[24,13] -37757585642743670687132587265248178905822733908253810676721385681787337884
[24,14] -293179674104279442554344262169524709118998170932649871548930193764588129604
[24,15] -76708884809137878385760913588568365414269218571631917729861993581227963632
[24,16] -13447970288563857603873570975092471712661041234484558420032500774613858900
[24,17] -1604423182734263995239922295719679994863140851250924290791385981108216396
[24,18] -80913638413919759784919257564205225340909450185945781137958212405846748
[24,19] 11952279869225245735595784487744519652232083983598632656914688576313764
[24,20] 2987693438281915305919026606225402113734029476525217497302580916220452
[24,21] 247102097773498351238297777633148112599448473953885583793963287318592
[24,22] -5254989539629024594450697673149078247611740316041475982898553027568
[24,23] -3274163545242773184714327914747994269576919302259814894359830793276
[24,24] -275997070329749765566738049492518923537691898746060143365336634752
[23,0] 293456258256663371886892715306846196928133603558901489060580923031459563858538920
[23,1] 1357343588676283002405324758300950848912197781967557755991002041999156272854782560
[23,2] 2898762969053193583031512863693165126226633559043814433744565298025292446389843272
[23,3] 3792766351878747218780021352156585106591894289253062404741640631810186034422987426
[23,4] 3395473369340338609132586097882364323436157991058104035826093593108580031314586296
[23,5] 2193906350248701171407887573910832710234760806721549925415952415459829601929863942
[23,6] 1046644150757288630571336777216375960409636213642151901044794897622338292309884404
[23,7] 367174604153075411610078631397738821136598162330868529910547711427719050766374207
[23,8] 90216498643789249467416002206847880804090523581746747231197893564442269314412060
[23,9] 12634416778955699391967834404900028042852784737952188777997593941192653196430182
[23,10] -473016856869483680368227112168621955274714509708794244932396281821438106218196
[23,11] -740657254058568659311026293619364123774046134813580067584813846803958097622360
[23,12] -190841951635018737667067132358714088542488598805914803496480172466873228915580
[23,13] -24123652314827386923665527412842125343024692279122755441686305818383676792314
[23,14] -489570338004552982457923997645049150727385177950817781008448025556585018160
[23,15] 332512064578419069971852755789020270060152479757149260299882003637946653957
[23,16] 39587653659163066987671702366921541666304319336239762374997771043799021632
[23,17] -3385246500488730973982993719952810892593231111641342874886476388530181256
[23,18] -1379428484015380845012571599001945031908640941053107624279527386365759004
[23,19] -138973163783942857345133317883099966787992237896317009071764305329652789
[23,20] 1515586732110820957412036175197589279860481578462683830092690165758004
[23,21] 1901487635244598867080663162808802242683662950466655700324606168822902
[23,22] 184258166126058566590052706943893438292599170718290313389404398652212
[23,23] -5861347684619000124012398136385524309134776654401318932559458198486
[22,0] 4630574883768616407427316319458180688145286813273556983854727042027355412426303986
[22,1] 19477047040080144218540318895484966198143391905458414489748483505049135160994213640
[22,2] 37775154599992800930008057174101819381075287438867865653900368161511971659371580648
[22,3] 44562165718104146294643184142194696373991205893989735410152984172854095370042228048
[22,4] 35384025794778371377511040094337965991952935568945283358431217820326639221475711888
[22,5] 19595696204264285856558461822948473050337538427247026620730412629728210529849207912
[22,6] 7402788251437033266714289980671449874229282383740514762413815256118261710865671500
[22,7] 1599406195576367247497361499566607505952114120818467369731065345372395332667743984
[22,8] -68351175104370812364841023986169673874876925565103985059889343093350474566026914
[22,9] -214546929032709984621809329036498231349096446192931694963543087929997390510569016
[22,10] -97361899119940414219625475460144370602430074040037310577191952859157502844865308
[22,11] -26979360548584754651383628915127865935564377480596295371684085325764828968012992
[22,12] -5034801229779068270174307942446288857210741956331734989103146456586990587574699
[22,13] -574647786790562682956607197715440472304222638508219465771095431493723969638492
[22,14] -12957554660785826090389228787058881409361434058384947651580064938232542587468
[22,15] 8983990953630311152805900313915863639405622731546330438337267920620944499416
[22,16] 1852360981326934764913543488077900612883660039890086368917434646605979020889
[22,17] 173945355910114951349756756513500822832093539165330243733270756539632815124
[22,18] 4307672602291899417649240969820007047251471023296988935054468419764017964
[22,19] -948562054715775089894680698912778799859412426015749839154608143624780996
[22,20] -123820709475267419709128891306384094878756148088355985539854720350430227
[22,21] -2363008216348875479885149226857526790673559281063963113880953954366804
[22,22] 1383567705361038167165740685105069259371452804420627908855703915598420
[21,0] 52617216512035639565359572940153318281248914715185639161834236852650871721012311848
[21,1] 205134090955309841084687955672858638717236676182084784221989622153189063889641132164
[21,2] 364776375067665667416531898443459292616384956373880182567862711020256598132104090336
[21,3] 386706353804590377183449027394339791840706042636803125783484607090476082132729167612
[21,4] 265130062152894308699052526619766450742765374580539828652148047222330829650753388592
[21,5] 115059417048781872500067145143207616189415195152614179241833497625343673103502152280
[21,6] 23068078605173451900951435005560373108033636727489058978542976204146548353079861632
[21,7] -7313505334403410237446401355736537461904898792086600005615620575018544771275456734
[21,8] -8531624163816152297960739745183108824877099087398652252846414189445911233977618388
[21,9] -4054918740835498330556650175494605324983463752536064038089117965937279184406516907
[21,10] -1281900503132297054668612367366428722980694788731586236987867414608681703470865884
[21,11] -290988945251718296017938900535987546366059002793432414741358323778483331556922776
[21,12] -46278021251307809752030605106344731378394998856215321832806736758764723266545280
[21,13] -4207000127675188428534721815267675702561565341099191158376838281969509351402401
[21,14] 119651391622269473296060028653046709303636665344451487007756711844021161859208
[21,15] 113362914637815712869527582159000748657894641777777716079083138869667291392020
[21,16] 19727506623081212769508975595354233103237479898470944711958960991609642793648
[21,17] 1812630239312730558317671550697514546275909761554173008936572278227340006792
[21,18] 72500586888513986675924247671059553326657709560789650834945859963616058448
[21,19] -2879084477306778803226270122478512367596605475587918332297739753102535112
[21,20] -772238312377144924955410457766519831514220419908032677283335966635418524
[21,21] -99336559614769170902129698694842231622829185501888654976504767955880559
[20,0] 430456577747985577349235945584392826778344011216446697801582277201192780201315709540
[20,1] 1514286336815094642140066889253338005506603063419196927906571216903395004471086157592
[20,2] 2344393013957863705535798171369331217722208805087438244045335500768020247340321003022
[20,3] 1999643546060245173194813178511861393956769114582004161438836472441106827302443247432
[20,4] 865142349639908843019835799731455031519538522130311734742658045214845532945990091628
[20,5] -57560961791986842797149977012485443546022073294541126670439722266091574660934229784
[20,6] -358546854576362316565911257759686161721984901164449658377127135655433117807479033205
[20,7] -275599916441172248867860988803281366618211064442436761413300157769906737284093666388
[20,8] -128140767787385156189193446913661056469911418427171979457979744087146482409126259336
[20,9] -41610524538958900411554837850064606423032031127466313852020497832957279121209536960
[20,10] -9643397044002116727097765150433319492968745732737053314403535892615734866086131151
[20,11] -1490671223514031065404247687274706288536874555862809701182927273553531783524304288
[20,12] -96051042468550475827289420273793406771263756434188216843534434852356424573654612
[20,13] 22300039372975277837583792747105264667093067102261590133996964699821093199051876
[20,14] 8701435168881492494419429899146212232169258448435382382091488625008266181533451
[20,15] 1552665074752044294303567738525528865206158923782996138083492799562171027287228
[20,16] 156724017336227998161917529073247870161261248510736706807220703541738699708856
[20,17] 4019746889621466708163963462286915249559179798136664594256039520682578928292
[20,18] -1258337933514588266235069685537861007625629770936345953599036736120132236121
[20,19] -181437606083879770123298229502854271689795717575853391874575975429512411360
[20,20] -10446118043190941060289949640673001899659909837884584567285949979458475868
[19,0] 2471906028215991348980962932215969894520724279363044910162967009804536872892010103480
[19,1] 6940259902543176253541839803577542781782253890050425726745323852493359650815505606960
[19,2] 6777913044868792828264956646525767131836849944649649515517114706388674805281548098536
[19,3] -376906566861696104346094936661006522301929340833061563979602672834626852837851987942
[19,4] -7977214643223883272590794696736756329385077174739604660406547117410734698043888896856
[19,5] -9971062552979508486479102633134235392767483261413562267080546125334084426581236848478
[19,6] -7163029370236088246222638811184263275317458524591100907343111152816037721634334380132
[19,7] -3496789483625831985798388688475395850591031150452226411084207526339937320325374831663
[19,8] -1203456120386279310551509579871281903262142901081850050964113917628462788924793692012
[19,9] -281242672542247045696740127594291239651967419448062115560129994231906608964832633718
[19,10] -34908964584945566901518230651321407173836458977553067204754579312378804942130522156
[19,11] 3083120721640570414652434575725722264228666646644921934992212802246292762544235092
[19,12] 2776022767884289569359722552526508105240690758899935582766820486603755305528321684
[19,13] 770087541952669597894096733519524117833602971680546751138359501810565515847941946
[19,14] 136998142612708001074252135685358951488286264066786171727293672956000378569815240
[19,15] 16475589578749657274456210563102848851549757109095204316372413670406358103088673
[19,16] 1020875987320782585450835416647657713870079983803801323647456274585412633080544
[19,17] -75645001400916456739106674891548240426035383768136988960340168522563591424974
[19,18] -28529623408705091499420226136395760422950740010754537157235373217123628701784
[19,19] -3433141853155490928803697388290633675428270868217008557545155030525063326050
[18,0] 8896943169412061437237825197084769941235510247046894723260880910964826166038018431505
[18,1] 6731162899624600095582927017738365270133223838240973549851261791634184675084976738360
[18,2] -42751021795444492963175199361958532944149796690172101732409216399795934349410001590848
[18,3] -116002736194449363445850975519668343965659097057916335184317562469548002972026548857720
[18,4] -148460813646092711695554288742687436581646506737166329193751763343602885489446569109334
[18,5] -120443828150511637513390011408437705531721743159170173161026111253640259116308237472288
[18,6] -67471581382744486763520324512948712739967947227436855193680802740567412853855766419316
[18,7] -26507875321317311320929000459952177784502166459860706407794386880057613424087854951084
[18,8] -6865930009213147196710557253898243932563107897242628068620362853175728329880112010109
[18,9] -785225093863401208768879017635263215217134778814874658482357134389704910199788939132
[18,10] 219222603478669736900137567657651407389013034426143135362942041631745420572343247500
[18,11] 145064360393095654887264123270382351707334041779043696668275759863956131853698363296
[18,12] 42510089602185712173419781508729106909280140616814906938157405188279039212708444253
[18,13] 8166484333196859984912371232378639674084555466666798346153631176353683328911020968
[18,14] 1077334894429568373856132981800285224597600783032208934469139502129798474212578008
[18,15] 87722034435151596101250747750492321368633570306966802508192856837286805259930684
[18,16] 503262379763674200332850269661367769191378470242078428677306552118300260401940
[18,17] -1281169565271426617478822196274474614599431643267112539575956064694835040325180
[18,18] -260580182343513312618918557746010340437434001315544538883971963287855561962608
[17,0] 11947096475699017584599013993150846832424906514250250279326910240923960765333014559872
[17,1] -174685114323069937918399879245828060324039431532935887008792940777386762964654506350490
[17,2] -707720048413396015038629192653385587516141779881731499943446864791438436455388123353448
[17,3] -1214390679121781731066734214600910920064444775987334575104883923477286574330376867077764
[17,4] -1239813642493068905416180222681374502541320942854453048053761656080691448027126454921280
[17,5] -837728607878360484088528894123401607829967143166229312894578736947283991008110968301482
[17,6] -382956643749937225337456367421331228075166348316390185758326581456139552510291989157320
[17,7] -109111865402383200792796022829021064840109317703951052670059567731472123396695264367588
[17,8] -9151841164139970103283993647271837439902419576731402548009923343216930210853453623500
[17,9] 8331020713803107172531057114752741367262294263609851951336257581682347552172286263173
[17,10] 5065337429171429206528279441355220573983752165896475174931072067400213309996696532604
[17,11] 1626474894533376748803222767150284283634591483222794648057031275055988999492045522524
[17,12] 345662118000299952150145469872182654266712605111697560165671382899419480929470253232
[17,13] 47865777401724435350231372509683922700530644853049009806569035889609446036638762287
[17,14] 3190823122929290668861934626199756992112632444460933648011907666693445898376837384
[17,15] -258688751361988562731704748187750736017123425104937156003227609461532556236161076
[17,16] -98290141554532726040668737122529054913961433729991930940887315815763961547694548
[17,17] -13755096349624945314431239807298354420170345797903298765967894542311141149721881
[16,0] 7304004921290602006618841351641113224527579033335945845904916712516208910672217235456
[16,1] -1439715130685688840970612396350008128142257240979285826474129386467570925986587493926912
[16,2] -4882639470183358703545906731460017935604676064019412329153917158412887393745837110777755
[16,3] -7425196507313174833777008097347724477779532017886616523303317422773923355289395717767544
[16,4] -6586681661070491009904660933347533231657077403154916852283108834343963820920456122484044
[16,5] -3600605255159289278533976749084664019361135671911689836194587674719810897400465070248096
[16,6] -1049612782940574641057372682920981051384220267561820697016010008124314833277681493353336
[16,7] 69882817661178064619422819681660371211659981878818732872700674774121878406489820525688
[16,8] 243078011141279729310852111839433889712079820403619018706600559448194700024649280827656
[16,9] 137354907803423744949409599539565482483079772854130348383895640994326227501175786085996
[16,10] 47431123696448828407303146038315074991399529060073018518118884686749988788915778600096
[16,11] 11167438804966470862681203509875306212466982596299564472543064359006480790870649437112
[16,12] 1689308503909546029260511405272364310804931797864153433429962183349779056592890935700
[16,13] 91809057313713134882570572085886994496471794716260442447257601338117426991794787464
[16,14] -28109773864447217558509681621042450065094373885784893393681370463014104507553175449
[16,15] -9063639075658814332878543332017307922328587151189930515707677073126509718527684872
[16,16] -1327414145600045999096465647473893072950319651738145133307983594530472959289593056
[15,0] 1384997575602483954237381820453118203535656213374073071281437640382793969805669071585280
[15,1] -3407686166807455301763400694979605238970477097701054163465558831799751769224033861656576
[15,2] -18156713057506869046016095109724255658661108781157166348989170901708836945499468503334656
[15,3] -27850600865364788741941185156188008488403427102145099006747464011043189684024111963911888
[15,4] -21004699217480919424349630999765699820448029401781224880840010552735666593407409294880992
[15,5] -6366476650583816093527702180254493282552544171935720128748628654952224241918644777644824
[15,6] 2978524721318977198001809336783363040089629983045299235087698170561514052527396164687016
[15,7] 4539904286888414158381468355849443690169782787390357858113444110463342827927420889249074
[15,8] 2730255999390792197585035412848127324514894714079141783416563461975661924738988385519992
[15,9] 1047447846063064400312582754484413887300589596213655372177386969701256402071327780168286
[15,10] 274042006034440699347879128477569643722766556212129908583835490124618420022486208389768
[15,11] 45262707133394798964186967330337214769586402503126090381529743577650826337766139201202
[15,12] 2111670306752410710425641063381186975685311376661325374583489952217165386313739290608
[15,13] -1286215930101638342279299216556911870699731426812607395233597799927246645503573095336
[15,14] -460534173636301441049959272951170627714650578783832578630587348159769446536089938208
[15,15] -84943121605746923053286107929604527045187611042231047275950356279279363666620175986
[14,0] 23353939745244956805555727223041210873818764419466542561852894686312406147567332674764800
[14,1] 40977435495641036783494279675795720329554122138322467640099486794053525832146144613171200
[14,2] 10163032072332534553859513520597771342824221513375687525132081217090590930718876496121856
[14,3] -21885919627685976952916017551350718466956753665426599571172891396824003678459827041392256
[14,4] -2652618671321948473840529676607743578964738177790462082482785052641144645820748507177682
[14,5] 37421579788666172743436907364534980085659621516257549918175902845951794638781787307405408
[14,6] 50559652433503024877483715762038528665241603831344101073209249213053510171586933558635472
[14,7] 35730442574831368668041380736292655706235190393632669022971823975347345680536632506738856
[14,8] 16283532100942293812444649195973294011355009154596600102237108943554381064858044255647448
[14,9] 4947354647991328825344502690144347923982658863987178004253421073960364207362168841511368
[14,10] 899987095503303960132687656906013300171916730999762858986388191347102955931753594348496
[14,11] 22223576822321437458717344245380615341889327668596186843268512695113921917736370335904
[14,12] -44703143826672700987880446167716951544661347316891554675677040315798487786885167816183
[14,13] -16571050978243590757116047394236700426874901244860754810096173751868959141270875052540
[14,14] -3468434535925991921304490946797846884164828319470666638618307523861551125311039382748
[13,0] 225738311802792283485469627918561590808756101291107393151646554809049715290591461376000000
[13,1] 611908231345803494198540817298964746449400348493444528284843015019680827267574990477721600
[13,2] 754230707963309228066316996135216023385966620839038306769483213185354810862179918981365760
[13,3] 630955849888964768419176898119787882985430748923862651018712946252563893652873156726685696
[13,4] 506689397584983114347398965593608771862857837192668094285507899525654361532179815138680192
[13,5] 429990053043672099236801667708786361925388352350547751138826276102503634706614618943057812
[13,6] 313382831614488253941439264615039044612509717530129470042733836637748795865674687355936192
[13,7] 168213053275994345023269109458309125592061240147421638702040708948989975895313894997330388
[13,8] 61528527639466875755010265421937908585613587558885939479609862224195868034973405632521352
[13,9] 13047660535037352448315282412472092131692039607480041463729771192887304950894518157370968
[13,10] -2910820136179110728291867989581770872440226131195922481150699807186185850815280782624
[13,11] -1131263308193379585766435369776262666810548180837981084730745079835004471524683925867890
[13,12] -463010777634837038271611479836143725556149656166702390202293573160785911348830148821484
[13,13] -109356844937963511131668949910766565536382811255692297936654963643661042870340799681891
[12,0] 1594696189013275522565798141196436076121156054083195420083085197940237554038786815426560000
[12,1] 4926354613040497104743124937094059503407552227323140711969449737881005747550242574696448000
[12,2] 7080444380017964467438895961312321989478398090703981573987470460768759378174733459390464000
[12,3] 6510992529365924238416265891035714454436955582814871231122239707006285133972914339942563840
[12,4] 4559860203927703500941266463179493659644600335947368871331956950652077353999134411985178624
[12,5] 2716728704312845936432939213095142504724315220112436677114880417762983204802299007613635328
[12,6] 1386596364838467574681738699748164177006672772423299900723166768977580540380606573285041098
[12,7] 548027354854107592003908717119201431538183204660964812579216339253364942737830291048920944
[12,8] 132355672353917338718793898329768522911279243586141598479811433585123043570629110454145684
[12,9] -3009949482302323067835706201453311794265567370854904064077299556144993492674757529236392
[12,10] -18716082548062018901168284113751345294151126001686326962961074186465384063768794580330504
[12,11] -9062455877239727076784310309117444187130744877770716755417845078155620100475281672513816
[12,12] -2558101496902514543610651968395644821950013929346131910773678400499719757875093367581436
[11,0] 8924571023178234338987412000856276834760350439142876979097631436923561607550544012902400000
[11,1] 29503801489413458229563337610542176708916307859314390718571408338322345736434324948910080000
[11,2] 45289302237720911078182308914677890561655964403340572205456989437241445870765643552260096000
[11,3] 43220035334592533017293296354172177255401587997607887856641215284170586359909061029894553600
[11,4] 29068712954193373128723698238005880649997335962549818970740428796857107716801253271772528640
[11,5] 14727659594545051005188329903922156685621963152552596792559038409565581234172551415683358720
[11,6] 5660733357412937468797408832050217775167702482409146548991868593858479120072180259473877632
[11,7] 1440387901018658529662902551399317045509447119493943902442162372143468285384558306875287760
[11,8] 28952565208985851126718836946558132126062254448379986027175298916515378004066401081707304
[11,9] -199459872069620976646992257953811701197339576995845845010865021644495242006495775481150940
[11,10] -118783488503016307019658948853217337230269773106822386466443269819486527870172930799973872
[11,11] -40757679196992491835788142794697556446958618937613678805176420519617785889423618821557812
[10,0] 40866874108737248572970979561672967531818026734011365136614407042392222757335299260416000000
[10,1] 141751226093777290723462660875905283019276684068709534737759144933135907105232340280934400000
[10,2] 228154718165229737889499528803311384726820119021469733474718539875894217420877251781591040000
[10,3] 226068815046013165096613747559923491470701975977146883686408398589290390003613757656268800000
[10,4] 153799471698006755879121981940769255074946883387085793495782396086029158541496726400060620800
[10,5] 75062999362184278054247769229567914139220051674495580437145696143258049220545197188733009920
[10,6] 25763363701582796569915281506397776406342742528439304974912256514087694642418567830671564800
[10,7] 5000333949799529361454292336468568909694650966943330253086872696947233506758446242267880576
[10,8] -570857603858677357784118771166505758486349535477222420889229342027458108552607805267030621
[10,9] -942930656547054300354129004428080526603874873769014396813504088054316474365556473358426504
[10,10] -430243130265367501773866987841673707268319595034993212490123942758512289520158664262874208
[9,0] 154985130055435924077896781695659618843742885878599772024481813411083661954851327180800000000
[9,1] 559654100186269297349010512626346584038174956075706751923786258165269082264675299622912000000
[9,2] 939591749388414233730705623273633246239710156781017378274786994580963349073227939420569600000
[9,3] 970886270332891004177152462703776261647889445488958240117210994913520951227960522618961920000
[9,4] 686697721279852241308484645085006041747727404646948601006881858281341941541287872125992960000
[9,5] 347024599183849626261745375566630526637858865895220719288953960556503365825225154406593331200
[9,6] 124305220582779994300746582395941275598332180277635563897022624307761456518443023081395650560
[9,7] 28027541294459256835176073999336274654618071744373669713983550515310873381043966977477877760
[9,8] 1114275112149280630060503665709937862198609369938070276470555257976349513680295562823780224
[9,9] -2068643183217016954851984371984054742967868828905724431675098187558071268221523545308166678
[8,0] 487636121668153654752151471949593372082265446269918008798225652214194238810977468416000000000
[8,1] 1825666729590288561993699669321263584738125680405210564101181787334166508402836986920960000000
[8,2] 3188513627153124677818569794725401127914219562515362488040859943121260748759546877444096000000
[8,3] 3440287172492311954467538659966068620522334524679507699054852045785819738651985397468364800000
[8,4] 2554502628995270272064334845110808429562674845563791512158309364882992029561457574485688320000
[8,5] 1370555503271076242695070537683493703083814128037852752483710003291519344809744005406392320000
[8,6] 538149411191398375443171854098570501317663189354754618040144982426010799713944626085337497600
[8,7] 150165227866715863322366884233219866500115712782094170251573897995172977308985046135352524800
[8,8] 26095243960140746307058519905219461189963545599606677352037785586377582652060297468834787328
[7,0] 1266761787999678929654354860458550703198663392314213850323642329724030895308285149184000000000
[7,1] 4902924586069397193189581187947871507520739656961984745130685181502163270257276983705600000000
[7,2] 8885427198642763532364230645228944460215130972306640705408301371279724189383627406049280000000
[7,3] 9996011999132000023570670954670237458085310642081952516676370053691085336022362156433408000000
[7,4] 7793941570735737752612819323824463859151803241262608047215897053207212238502305825030144000000
[7,5] 4445681782316584861508710315442625407858438882331477475922073177164755606993675295517573120000
[7,6] 1903747049652411285297720517367410554023395109201303423102161876703966702356928484738072576000
[7,7] 616367500160879166042346934441251693139187818388291065521657155258570138056814037736148172800
[6,0] 2689267722747392353492351647106359045446847939344443945209274722750299124928987791360000000000
[6,1] 10733817558168440444235653010561860591108863730682737524913506059085657325376412581888000000000
[6,2] 20132090801137993506164330330046048577819576683154892025207339184627207813419272188723200000000
[6,3] 23547256948116091278647658519696375978402507281429821538855357613094557316887305256960000000000
[6,4] 19210807486352474497695555654961080587359260964773055161180499650894720896747766879879168000000
[6,5] 11577827960228950990442917346228632988488157680253229249597898658863145017386711013706956800000
[6,6] 5323511145869372823526431746193191021920201932633535436492470427618045019296750010441400320000
[5,0] 4590492606969008051812079269942844307078718364922840487620506153294313926142669619200000000000
[5,1] 18852319743891007082775469286054837354672453201654546021827504768960071049542547537920000000000
[5,2] 36497959375684300206280807205116964772529929730640178753123032808662760941162443309056000000000
[5,3] 44239318741467041269120870506945039442157476980929310511961691662273150416414348148736000000000
[5,4] 37596015545891289654893407773252751184007465452467201487679906893140777371703811883663360000000
[5,5] 23768598624535926530626241541297540382844439898053998665659296075850988720974382881570816000000
[4,0] 6148324938937421238484930119540930957050648353378809254157982609075338917449826304000000000000
[4,1] 25927245676685264244777071101880116454616010920409517633950566337405159091554222080000000000000
[4,2] 51683164255450379928238934794205641127575691662451500827441051797698365923431242792960000000000
[4,3] 64715319634874103083847725169155566681573528022233739002685540264539882557325216579584000000000
[4,4] 57044519064145888679928986531943180273497235197541257684959516145480575747724325735628800000000
[3,0] 6223509052447451509651571293100614583979770662299132256066212330513608868133601280000000000000
[3,1] 26897847311412868468991084428798256424969425356796288829763874104517043830296412160000000000000
[3,2] 55082171348012917415605378685083243617375037002811979342046960899668618849594795622400000000000
[3,3] 71046988207581484069737927836099035809493455725228331513771331979516768581073743380480000000000
[2,0] 4476794532913624710415938108349002616936106526541051094324606026105155721415884800000000000000
[2,1] 19796788301123569448379090964355816720845764918616637244935759747792295821605601280000000000000
[2,2] 41562128742228805185498452662429025766614800461080959830459363038485890427036631040000000000000
[1,0] 2039795658107706080948924025766377197576765813768221983740506226327408168927232000000000000000
[1,1] 9214810193883984511771294152445015403991253000749155529531605463319038820928716800000000000000
[0,0] 442626528844680460958985148580577075966095483422376008874693066312974482800640000000000000000
