[68,0] 1
[67,1] 2479
[67,2] -17621
[67,3] -482467
[67,4] 831202
[67,5] -9719891
[67,6] -30746501
[67,7] 370312015
[67,8] -1057764510
[67,9] 3265327544
[67,10] -1992427374
[67,11] -12426174162
[67,12] 50781524132
[67,13] -164681603795
[67,14] 268397315293
[67,15] -328985137846
[67,16] 146260375091
[67,17] 822366655797
[67,18] -1891248077080
[67,19] 3788559003791
[67,20] -4481965423239
[67,21] 2399207634524
[67,22] 430353221269
[67,23] -9244271761934
[67,24] 13610606110461
[67,25] -16092875534586
[67,26] 13599551596479
[67,27] 2794517826631
[67,28] -11929172015304
[67,29] 26466007697889
[67,30] -28100789772441
[67,31] 14351165467706
[67,32] -3453378449779
[67,33] -17658019927946
[67,34] 25303866902085
[67,35] -20255109952908
[67,36] 13119600147257
[67,37] 3075528871866
[67,38] -12308400326989
[67,39] 12673370659789
[67,40] -10303660750852
[67,41] 2624398136815
[67,42] 3575056215263
[67,43] -4674920960369
[67,44] 4054916449278
[67,45] -1999358561252
[67,46] -509195616592
[67,47] 1359125309996
[67,48] -972876779784
[67,49] 453353013831
[67,50] -18116180317
[67,51] -227279293420
[67,52] 196410760161
[67,53] -55195657126
[67,54] -22342188835
[67,55] 25483909419
[67,56] -9239139870
[67,57] 618523096
[67,58] 929482290
[67,59] -513663071
[67,60] 154419925
[67,61] -31706812
[67,62] 4704003
[67,63] -508865
[67,64] 39396
[67,65] -2077
[67,66] 67
[67,67] -1
[66,1] 17621
[66,2] 2440140
[66,3] 32373931
[66,4] 82100862
[66,5] 1522333599
[66,6] 69445116157
[66,7] -80753158809
[66,8] -831043135094
[66,9] 9787058539128
[66,10] -19832733140465
[66,11] 91605983646688
[66,12] -185495935612908
[66,13] -1456830438444209
[66,14] 12696605275914904
[66,15] -73157160062394072
[66,16] 300789217494191418
[66,17] -1021930296296316755
[66,18] 3057448959941032221
[66,19] -8053913420977417047
[66,20] 19737834068100735240
[66,21] -44097700746018448316
[66,22] 91702606762408141098
[66,23] -178353344554452103202
[66,24] 319586844489363703310
[66,25] -546346121461562365392
[66,26] 864487432931204579482
[66,27] -1306455251113004622231
[66,28] 1871837239918375020201
[66,29] -2495538382552641551757
[66,30] 3277945164657294351746
[66,31] -3868584109521313365820
[66,32] 4614570613280727075813
[66,33] -4999169821947180180494
[66,34] 5129174620925779666880
[66,35] -5573075923743445866156
[66,36] 4353781274564364888293
[66,37] -5357394544054835226396
[66,38] 2875822043378706055240
[66,39] -3893280583720203426277
[66,40] 2341946616685321811632
[66,41] -691949251952978268767
[66,42] 3931854325402109114858
[66,43] 3697451370885968142065
[66,44] 6723675364337623204092
[66,45] 7214648177898654846726
[66,46] 8275850838257293102001
[66,47] 7885866915357833251180
[66,48] 7176045275868548985975
[66,49] 5836499997298767158803
[66,50] 4397981621153405887431
[66,51] 3005388995063341125470
[66,52] 1873795762344906131479
[66,53] 1053601921073410670166
[66,54] 531292616237955511076
[66,55] 237196876408404499423
[66,56] 92431006572060611790
[66,57] 30801326963143013872
[66,58] 8544263441991635501
[66,59] 1900840521659999687
[66,60] 322380371587989122
[66,61] 38907950087836796
[66,62] 3043129159896604
[66,63] 135601661939695
[66,64] 2865129429337
[66,65] 21318828423
[66,66] 28919880
[65,1] -482467
[65,2] -32373931
[65,3] 1409642882
[65,4] 85964755149
[65,5] -20216488076
[65,6] -10380081334561
[65,7] -24671910060463
[65,8] 445973030914214
[65,9] -892416234068468
[65,10] -19013078390372850
[65,11] 12369169535963474
[65,12] 137543541558589382
[65,13] -533346489751343278
[65,14] -290104423349867712
[65,15] -4002088857016967645
[65,16] -33511936872964658937
[65,17] 274460015084929181176
[65,18] -1138034730956386739069
[65,19] 3129397962668055066587
[65,20] -5265671737740489685184
[65,21] 3462698851634098257441
[65,22] 16308412946238983077009
[65,23] -83430977033503040716737
[65,24] 240452117408750402444188
[65,25] -519873741697127956243327
[65,26] 937599880848953101893473
[65,27] -1375710830189095722023562
[65,28] 1703443638477599048503917
[65,29] -1696928557036409457587672
[65,30] 1021768194131692300586641
[65,31] -38879790199350384909418
[65,32] -1684939655864115223061051
[65,33] 3065748103188845746179590
[65,34] -4026518545867023396989675
[65,35] 4788776735562491195807598
[65,36] -3666588415408868784468901
[65,37] 3472506016860071931127413
[65,38] -1890390125801865538385076
[65,39] 780988715457447258399989
[65,40] -824175153574949473767155
[65,41] -431303554126785649408335
[65,42] 5491965096714707115556
[65,43] 554121072517549962628411
[65,44] 1293920461250801952439427
[65,45] 1866304088771515060296125
[65,46] 1945850567909279325020110
[65,47] 1831372713693437290252415
[65,48] 1365731552280201924825167
[65,49] 893630512524353464486911
[65,50] 483072317384053876288298
[65,51] 191333390646809931910000
[65,52] 54399645473166339087562
[65,53] -12889564097469769365281
[65,54] -18696136721276289825507
[65,55] -14357188676660576369179
[65,56] -5450223892173647892290
[65,57] -1492176977768450978958
[65,58] -238212095592066162876
[65,59] 6052896122907996899
[65,60] -9280293921302364427
[65,61] -4033994804689946031
[65,62] -342500398700022154
[65,63] 21499207771919986
[65,64] 4754016262742968
[65,65] -53587751646719
[64,1] -831202
[64,2] 82100862
[64,3] -85964755149
[64,4] -2206210795914
[64,5] 15724658007055
[64,6] 738926611088594
[64,7] 3925829533980542
[64,8] -33335723749563442
[64,9] 91025544600914164
[64,10] 4680036312763894661
[64,11] 1343781163861577896
[64,12] -93352720902308169709
[64,13] 341326622991667961499
[64,14] 1456988076953432803041
[64,15] -5535106886967237448579
[64,16] 14674986232574109802368
[64,17] 7875679804792994364411
[64,18] -151123241421438002417672
[64,19] 637621419184324123607612
[64,20] 22580197159122343838146
[64,21] -1796888190033025635925851
[64,22] 8028380285876326107761027
[64,23] -15843185463927960846419545
[64,24] 30211208963330605643050100
[64,25] -29323321598168760938430705
[64,26] 57005067179690311736703659
[64,27] -55678217396164945759924255
[64,28] 143707193139709562866344520
[64,29] -172162354363837454608084491
[64,30] 354698289040582661777416972
[64,31] -270928586975659467953444792
[64,32] 453277343942411900604791180
[64,33] -72951959389012604712135406
[64,34] 156600970191794487758355895
[64,35] 293154534139954066877628230
[64,36] -149003610745346767325918472
[64,37] 273209949975029291128328455
[64,38] 147148064240089030767908314
[64,39] -134481222372054647372780714
[64,40] 626041300830743161350524040
[64,41] -290070613113510723207384970
[64,42] 568505080025966628413952346
[64,43] 28963274408099693713316696
[64,44] 191095080368377127270855279
[64,45] 302457974620678144946146213
[64,46] 35329269865143801438194759
[64,47] 211332617536836391936700111
[64,48] 22107575829748415737410536
[64,49] 9515924316165977795717350
[64,50] 5632723125149282847713247
[64,51] -23335254765034671915014474
[64,52] 2115517061547700871312835
[64,53] 408399736561292276304169
[64,54] -238566330834319600156083
[64,55] 1337387631102395756352978
[64,56] 119042817108461522661071
[64,57] -168891760024107110164070
[64,58] 28706238239660488745325
[64,59] -4126577773575758025210
[64,60] 3884737921337520451828
[64,61] -1487018059257716821673
[64,62] 281567640188899684226
[64,63] -18141756481155599787
[64,64] 318987392963566754
[63,1] -9719891
[63,2] -1522333599
[63,3] -20216488076
[63,4] -15724658007055
[63,5] -1209770619786353
[63,6] -14173166614650890
[63,7] 245052612847772705
[63,8] 2883471965938605077
[63,9] -18989877297389493586
[63,10] -378032644434967238183
[63,11] -861041849733766391839
[63,12] 4983249172161533267102
[63,13] -3060956191451316133259
[63,14] -67579241705131696817795
[63,15] 612928262130501152998028
[63,16] 148395402589966296626147
[63,17] -7883205155377765693498177
[63,18] 9892581078868940134131474
[63,19] 38635513921017777905914227
[63,20] -66280221815563954906438151
[63,21] 67959352830820748876281499
[63,22] 240618660455882309453393082
[63,23] -658944753914661227149451585
[63,24] 907368093336143540703682785
[63,25] -2422988691766315964604640314
[63,26] 807184168701290150517693455
[63,27] -2122895958633618684288645599
[63,28] -2572754771566918208220984674
[63,29] 2966639779640775080939811970
[63,30] -10807698042913540582131312326
[63,31] -538717847731168457551041250
[63,32] 3508460360281342130907724012
[63,33] -20439145944969601591449538745
[63,34] 35658761572779585804967157347
[63,35] -15287766042892641604290004202
[63,36] 27412432347665029357375295149
[63,37] 36263452690541347879297597429
[63,38] -26517407302527061768076008854
[63,39] 79268903336153652918882910017
[63,40] -35212657295236830171148254481
[63,41] 59256409343163026546861190537
[63,42] 11206058984534138006343560374
[63,43] 5842472561686976535076105295
[63,44] 31527319389820170603977537783
[63,45] -15567191282429621221860797924
[63,46] 13342094323411796335361749623
[63,47] -3584226420312307718161258947
[63,48] -2544510825479603306240933220
[63,49] 3225728488686247977948290298
[63,50] -2503594744151151170264986424
[63,51] 1532234141630442386020272148
[63,52] 67127864950052333421877898
[63,53] -339555302878741287006658291
[63,54] 78076679659385848782687211
[63,55] -83073515566441361002754975
[63,56] 45555420182714305935462000
[63,57] -8153500423452345811578055
[63,58] -4312771020969942723615617
[63,59] 3266759953185999160602573
[63,60] -784898329078739249430530
[63,61] 84145355288268324933232
[63,62] -5333198438085687911008
[63,63] 302941342163162478593
[62,1] 30746501
[62,2] 69445116157
[62,3] 10380081334561
[62,4] 738926611088594
[62,5] 14173166614650890
[62,6] -268300091711060901
[62,7] -14409369180514919671
[62,8] -75901641090278835777
[62,9] 1776730019358572448742
[62,10] 25040980959381145617307
[62,11] 95609922686687572518497
[62,12] -201969135739552202896124
[62,13] -1857299896270112537265564
[62,14] 371714565563386207020708
[62,15] -11615670273068054586103987
[62,16] -143847602455234119097469276
[62,17] -129192132702909622435066620
[62,18] 622303445064634770672751408
[62,19] 561208567201624501716407821
[62,20] 55521978374527157215188761
[62,21] 9942464350678709291454019742
[62,22] 8267199270426225452075768322
[62,23] -745194298653836282634600840
[62,24] 16481366999478080626680693688
[62,25] -61629252591723457692134590823
[62,26] 34415159336504878885896514025
[62,27] -218693451318150219756931311620
[62,28] -127901660709312424983603313079
[62,29] -93107044888725579372839508109
[62,30] -108787937338391331270259060392
[62,31] 374058979612692187398873551352
[62,32] -257337734504384394711873271994
[62,33] 995092782792715510750307383833
[62,34] -172523543839304055411806150853
[62,35] 321426924200295602166996200146
[62,36] 2155801644284791724666621539231
[62,37] -1341462510746580431595103383508
[62,38] 3850008692077768819877421394957
[62,39] -1493295567899373484411180026857
[62,40] 1934695447149740872484732171765
[62,41] 671266189228725617776157839997
[62,42] -794458046864148395028079106519
[62,43] 1664704556865345987818388767411
[62,44] -1149880928456218337188645842979
[62,45] 585198461869597560235943054767
[62,46] -70920088685901381412846043639
[62,47] -236332481817231424810809402806
[62,48] 293065368746023486258614509431
[62,49] -190497944249402917851087873866
[62,50] 75911089263373514291130486222
[62,51] 14430973345595115819950946006
[62,52] -22347925395674766570909921392
[62,53] 14245707247537510681720803324
[62,54] -10147443083278450318743074335
[62,55] 2858664412969194574232542989
[62,56] 956593240740161548276672870
[62,57] -725914676647383677961326981
[62,58] 227435935135537944549287225
[62,59] -69128577384032259363414825
[62,60] 15337198421200389166627233
[62,61] -1868112783650478710845151
[62,62] 124877548787366978801688
[61,1] 370312015
[61,2] 80753158809
[61,3] -24671910060463
[61,4] -3925829533980542
[61,5] 245052612847772705
[61,6] 14409369180514919671
[61,7] 251280214802193151436
[61,8] -181240588977740882509
[61,9] -58700394349532653316942
[61,10] -677012626163594655358239
[61,11] -2938509029295517012937197
[61,12] 2943560978714955974174888
[61,13] 86539450926527706863393441
[61,14] 184770248733633352744934459
[61,15] -514299683172282707229732442
[61,16] -1080878308878054407628968681
[61,17] 3462415955880585394627649415
[61,18] 2876657170295811024544972628
[61,19] -35032016710561346740256699204
[61,20] -22765235003975719034311088862
[61,21] 1507111385692104252006931770
[61,22] -271214183040229514155074005966
[61,23] 412911512680280807128328510286
[61,24] 706843627765447960737632669506
[61,25] 25922873121691808234881662186
[61,26] 967738014248406838204906951466
[61,27] 186024214221636927648170685045
[61,28] 38636454739994953818191329635
[61,29] -8181564494971258568885755376960
[61,30] 2556110079718976609834274582379
[61,31] -13350904830312123783534922060547
[61,32] 5322199500288868785017325876754
[61,33] 15845547895923244524345233408763
[61,34] 3155451251261271860788026442765
[61,35] 56874542193437400177818293306143
[61,36] -36549598087403465744286322075270
[61,37] 74133913544310167830770202144165
[61,38] -34506705461843087387698538151087
[61,39] 17517836111381474171754982556176
[61,40] 29731079001664377101453510542447
[61,41] -41735599810176191991861739900644
[61,42] 54105680750622314461484791183155
[61,43] -34214448429585232807601202425298
[61,44] 12980366561081394926724533235155
[61,45] 5493160750582896211204906349896
[61,46] -11072873375966708109014525105615
[61,47] 13166299907448893279951045691982
[61,48] -6560727407475736856941862374445
[61,49] 1210759471999146426487885919044
[61,50] 755641356817568141334078470349
[61,51] -1406272152552154253750432908069
[61,52] 943198216552730426263668140006
[61,53] -373257184901420046778181907473
[61,54] 14518446265229832855562749765
[61,55] 78854428326453100709883019520
[61,56] -42729741465654614585662374285
[61,57] 10641421808716286478376571564
[61,58] -1931124845571701902207713721
[61,59] 481743872789433066520745688
[61,60] -115393892187359451483876279
[61,61] 18694060157216935295509446
[60,1] 1057764510
[60,2] -831043135094
[60,3] -445973030914214
[60,4] -33335723749563442
[60,5] -2883471965938605077
[60,6] -75901641090278835777
[60,7] 181240588977740882509
[60,8] 50689882108804783740866
[60,9] 1329190969181884084581438
[60,10] 13709855571961413895847527
[60,11] 74571260435977595165594930
[60,12] 214424793098352072957893842
[60,13] -361660363199025124580272979
[60,14] -3219471127954309648392802417
[60,15] 6119141912311510555490728663
[60,16] 73235369468320954543866405744
[60,17] 163083723487170294892915126149
[60,18] -6443206112474641458803656596
[60,19] -206207583702849710264249573523
[60,20] 449192889916245732241759164574
[60,21] -1348574919544662363060551916422
[60,22] -1164147469288774188373523710847
[60,23] 549796235090551147129125353120
[60,24] -8829194338400417889865193532639
[60,25] 6319477395256846559281410475873
[60,26] 5616078419329840576705831837789
[60,27] -6875971447244570706557533428789
[60,28] -14135505260505463140536194760424
[60,29] 82385147566838281502171052731337
[60,30] -62584882550929850302169216499205
[60,31] 7741360918000746008730439072031
[60,32] 108025597219592324134458971260165
[60,33] -480182039481850790504009401629468
[60,34] 663228673145124340876608806914313
[60,35] -567476866592799426294551613911543
[60,36] 799664827774703668730729874720039
[60,37] 56308508388306100935838971639671
[60,38] 88740711382724995707636618989648
[60,39] 864041741671586748215059666043939
[60,40] -927376414954363502278107056129864
[60,41] 881073663599203879106669245472669
[60,42] -463970916953798051930651936952801
[60,43] 57603142872383010271545913246543
[60,44] 277889943342527515919523581730338
[60,45] -349391478072206297735759121802101
[60,46] 308686538152606650815394818583179
[60,47] -106560133538410176772980798896814
[60,48] 1658793797586274449830515110043
[60,49] 42743160105080905524402210321882
[60,50] -49804621760004219806353634478167
[60,51] 27057979570223160367492436979931
[60,52] -5673010642638245013367612305512
[60,53] -2139577834629236659953110155249
[60,54] 3047564555191780136380563047926
[60,55] -1464347604877210306332271085659
[60,56] 294788347530995569372512574807
[60,57] -14224596536437309449567704795
[60,58] 1876033857863170463961156825
[60,59] -2159280059728415055899898267
[60,60] 594897377444345295667868626
[59,1] 3265327544
[59,2] -9787058539128
[59,3] -892416234068468
[59,4] -91025544600914164
[59,5] -18989877297389493586
[59,6] -1776730019358572448742
[59,7] -58700394349532653316942
[59,8] -1329190969181884084581438
[59,9] -23312000007742261953976191
[59,10] -227896006505971073413502393
[59,11] -1248545092137551963003267484
[59,12] -4699035241977637402966738113
[59,13] -7573548401000892569416164066
[59,14] 23755747671060812033705368657
[59,15] 61729233528560261163602234859
[59,16] -435596720393848137895306227966
[59,17] -2275724437672919001679216454754
[59,18] -2524837848269431431108515676510
[59,19] 9470565347208563177397611831686
[59,20] 18925999237681198904218479745548
[59,21] 5436899515206817159779396083050
[59,22] -1185340617630272890106602337266
[59,23] -100578600360197025725459699772272
[59,24] -120915776686064550080787915891556
[59,25] 73468847860750837867601492622004
[59,26] 221998055066050578418548780941448
[59,27] 252061739969202764717884191113126
[59,28] 636764534460158396522253604009376
[59,29] -1445558698605149422740562259621850
[59,30] -911942664583215101788410884622046
[59,31] 1711635145629134425872680937400760
[59,32] -5937552820340477939126550284690624
[59,33] 6989055508563141855495769564390241
[59,34] -4241918302751134614211675549116643
[59,35] 3455806512347359237167109686005300
[59,36] 4485465562540127090547683956111181
[59,37] -7177018958073747216851725529012897
[59,38] 11527635648128881552598890059658204
[59,39] -8080716075226061458078810310244218
[59,40] 7602579767902369782913349138485744
[59,41] -411024880039136922648759196612559
[59,42] -2709425491821191862364458394536571
[59,43] 6538860841649486135854248698958843
[59,44] -5891540018935310834134137886082596
[59,45] 3438992499164645417072434137582855
[59,46] -980343443454705344696949275453715
[59,47] -790194147057179515613395001151994
[59,48] 1208125445805244507050368589567351
[59,49] -964150647084168517662194147245268
[59,50] 405140216710634942820800620578437
[59,51] -21599002189254583144581482131984
[59,52] -90331052666863911026737117259499
[59,53] 72553290732470997224412614883365
[59,54] -30567065679565935896779078755606
[59,55] 5646390065190721922123813498021
[59,56] 464114588636037782162110754519
[59,57] -336004910574495139772074896511
[59,58] 20474400771603106962844425458
[59,59] 8105193056055729840470092869
[58,1] 1992427374
[58,2] -19832733140465
[58,3] 19013078390372850
[58,4] 4680036312763894661
[58,5] 378032644434967238183
[58,6] 25040980959381145617307
[58,7] 677012626163594655358239
[58,8] 13709855571961413895847527
[58,9] 227896006505971073413502393
[58,10] 2447394227591437336363540529
[58,11] 14926035396684017976780195468
[58,12] 63348132357233859710514258033
[58,13] 187671989178524382339167811585
[58,14] 179751043987381201037256979336
[58,15] -767749145257199053590059722644
[58,16] -1899255627699031630222893534303
[58,17] 811936818565659048294423720699
[58,18] 12056175531421405409438486752383
[58,19] -27524865514539169012094303429337
[58,20] -185526010628347871339198614731889
[58,21] -49878760481797696964567434192322
[58,22] 262783215097217747091903722263161
[58,23] 290588367785579504288426923994638
[58,24] 1039306080206421937241171870057969
[58,25] -31095990349153307277035859396017
[58,26] -3173897439104950322990274313409077
[58,27] 4199283804096192992489442289816863
[58,28] -5101245316122697343080719258126360
[58,29] -4906824717270425535700563695933159
[58,30] 24953889985980142159843311086396633
[58,31] -45452743113568381042978540752741315
[58,32] 55463210738333926168964440894962497
[58,33] -22737905065806867964580564967058475
[58,34] -34646257782388984347173938170901797
[58,35] 76337548904100485185414951066514377
[58,36] -102984794151327441327054635285664439
[58,37] 74669235133237746187530556779068550
[58,38] -37561014966277726229050060538252079
[58,39] -8286059160498178768632676121405141
[58,40] 73948058757546212824372984436922279
[58,41] -53933500641599464712391083875851850
[58,42] 82745645106435345909040458180925822
[58,43] -37454684177923822842214901832520500
[58,44] 18387262131609797861524893017532824
[58,45] 6629304919228190930011902671906186
[58,46] -19835048282884125653945945885724598
[58,47] 17382213739124561002640925651337812
[58,48] -10125445725188925254268059676004893
[58,49] 3416124629782702398554438779867712
[58,50] 1181487293761908339033387396020422
[58,51] -1810553304318221270530734251858835
[58,52] 1073750554439119793253862226566985
[58,53] -437555563497881698940893726822288
[58,54] 80999364392816537837287825174903
[58,55] 17208854565189315930737044557954
[58,56] -11059754772513384069297473496969
[58,57] 1734491627385320947086287143482
[58,58] -115095265364206546827929979370
[57,1] -12426174162
[57,2] -91605983646688
[57,3] 12369169535963474
[57,4] -1343781163861577896
[57,5] -861041849733766391839
[57,6] -95609922686687572518497
[57,7] -2938509029295517012937197
[57,8] -74571260435977595165594930
[57,9] -1248545092137551963003267484
[57,10] -14926035396684017976780195468
[57,11] -100188822255118057487590361855
[57,12] -442522083801323572951546967363
[57,13] -1576789524990526968153890885889
[57,14] -3676773674780785758556400774790
[57,15] 137293323328057884088377118959
[57,16] 22047638490923381551791739229295
[57,17] 82309315584262322826264204313940
[57,18] 147075180732160421483630237317833
[57,19] -207767982899297182994916894320336
[57,20] -544000983831772376878527174605837
[57,21] -592484758682842376746687366171638
[57,22] -2026002235601340785224583073110995
[57,23] 4092253096097092649908770424417918
[57,24] 9949047934342035850052581578701325
[57,25] -12570684852513137742078300556551452
[57,26] 21270938055711724551935844495620773
[57,27] -25228578558722340629906367234395532
[57,28] -75712159660771995803367751184636095
[57,29] 181387834586109458659948471555969431
[57,30] -274345292609079288099948732783627628
[57,31] 274457855959210466912106810961759084
[57,32] 107937392469771330961348301084136552
[57,33] -397415992191587594320743118684413691
[57,34] 748174990471774001917758965604696719
[57,35] -710812447397962025660087535562505342
[57,36] 156468910405670914673049019963546601
[57,37] 267268353779598044858874289187566245
[57,38] -758318092784722083127434073511875878
[57,39] 826527722274873803974555933274594257
[57,40] -555719588443301067593062344033344291
[57,41] 425937277807243051691664627246100990
[57,42] 82881526909672980557481076285269367
[57,43] -113843567286209529429103341118696344
[57,44] 237436639353364252194229169490142097
[57,45] -216880211984462782608432986659834994
[57,46] 112907105166937264956349792720503231
[57,47] -56134565378446881194086552154248271
[57,48] -533601294759392941413536992532246
[57,49] 25003141984618728292406387412900567
[57,50] -20124001255278343607027236651190787
[57,51] 10402165034973022398871479003028199
[57,52] -4360720932537572098549043622882096
[57,53] 865865859535921862420904147882463
[57,54] 228814339166690030253366736762917
[57,55] -182894623403448102522922425317692
[57,56] 43328793403217384537390258574935
[57,57] -6458753425039725287041047094833
[56,1] -50781524132
[56,2] -185495935612908
[56,3] -137543541558589382
[56,4] -93352720902308169709
[56,5] -4983249172161533267102
[56,6] -201969135739552202896124
[56,7] -2943560978714955974174888
[56,8] 214424793098352072957893842
[56,9] 4699035241977637402966738113
[56,10] 63348132357233859710514258033
[56,11] 442522083801323572951546967363
[56,12] 1645376265075083755631643032301
[56,13] 4699150034401404956263966622552
[56,14] 16338571379428539096420815937959
[56,15] 19855736804962275634563276532359
[56,16] -59437663770787707555099250930930
[56,17] -256057722119606630721253140491605
[56,18] -1241354938376798666607929775618518
[56,19] -1050286809232691591808044823856873
[56,20] 5732304316325664528507386859919259
[56,21] 6960177572639003076315217885964050
[56,22] 13485307497036570875579825902720733
[56,23] 23359618311011613847397893241195992
[56,24] -90599545025048612430304461188162064
[56,25] 64306764209608076837896085942254881
[56,26] 25940645673917163863636586477156787
[56,27] -485096225595105601062850721175722177
[56,28] 871299084546532610390245366250505585
[56,29] -1083638943051740857643840540422469270
[56,30] 528610764408235531787676780464128144
[56,31] 1394545990731957415184444341279829453
[56,32] -2789635307411910886378362971984438425
[56,33] 3972634081685514039983392313110691002
[56,34] -1898969435771023283339053644190728836
[56,35] -1926841223835120012617266890271833057
[56,36] 4367876819924324155997861450980860341
[56,37] -6725226853131001497311216335115949201
[56,38] 4667405838167725137359455098694269604
[56,39] -1384572211626600961254301888618881536
[56,40] -398573005481364318789637010794543258
[56,41] 3517183132824431021807665309780055708
[56,42] -2125409241480381446398254602518447839
[56,43] 2404277807772128610680975484970020090
[56,44] -788163383265549965857358480789033021
[56,45] 181159410027972949237492198318393880
[56,46] 132334631892145467114391055476507991
[56,47] -276764077352023714036583263908931603
[56,48] 213641626009072896777408264839150887
[56,49] -130839484259189430886340046454560789
[56,50] 62054232804075889287637273255952830
[56,51] -27800198920863614691413995066959412
[56,52] 9507433865838535125295555811744983
[56,53] 1189754795938595575203201527285125
[56,54] -1918648321206574420021112786979945
[56,55] 583418618935420462235527747025890
[56,56] -124163920091197590379792123635850
[55,1] -164681603795
[55,2] 1456830438444209
[55,3] -533346489751343278
[55,4] -341326622991667961499
[55,5] -3060956191451316133259
[55,6] 1857299896270112537265564
[55,7] 86539450926527706863393441
[55,8] 361660363199025124580272979
[55,9] -7573548401000892569416164066
[55,10] -187671989178524382339167811585
[55,11] -1576789524990526968153890885889
[55,12] -4699150034401404956263966622552
[55,13] 4437551361792174877816764897808
[55,14] 28851435315881262078872829493294
[55,15] 39875044838489525515302544113898
[55,16] 266968184543527979055887129091170
[55,17] -846544378832457486688804015026761
[55,18] -2702306354407837360779501977457401
[55,19] 8332670439871797035810377351015191
[55,20] 3943597828543313777778747496499390
[55,21] 10962340846405050969749127332629895
[55,22] 96126303143702015872272788932222341
[55,23] -253437219985674710008735121094256693
[55,24] 87787016670795759708356960974667646
[55,25] 456320428173343696953408124154948183
[55,26] -1983023437717023006500762833621460637
[55,27] 3198049104431385909383009255253798870
[55,28] -2046127767904345728179499038747747543
[55,29] -1243699451349993123402922688019662252
[55,30] 7689578759241227329355380012224188479
[55,31] -11646443371699926755605632451086886028
[55,32] 8465847295586864504523323138855659777
[55,33] 3126054530789663978118243974044846462
[55,34] -18672167195912586728797314548995462793
[55,35] 27653142220926524242808364107553347574
[55,36] -26306902939843132642488102972902970735
[55,37] 7281344755496126474517049465251182860
[55,38] 9686490289186587518037798480250493439
[55,39] -20778093003180472136301687414219025420
[55,40] 26347898785553223736032384523999382985
[55,41] -12278527840014216250247423260612757037
[55,42] 8373405786164889874160768107988921386
[55,43] 2670217362365586118989389055476265634
[55,44] -3572672882909857121928065645191712124
[55,45] 3894167909180193613708845016202975612
[55,46] -2264474017267558293377925483545493604
[55,47] 919425903201049025764045023719370478
[55,48] -409192754580532593266666460840664316
[55,49] 139037412355955596898062959975995226
[55,50] -142392069366834688168067831024425984
[55,51] 93634257854124397477153940608410372
[55,52] -5377353870713395675584075871975452
[55,53] -11788686389693681158403241755240257
[55,54] 4685110719683115177454166903092995
[55,55] -1436268354454708397333927672330511
[54,1] -268397315293
[54,2] 12696605275914904
[54,3] 290104423349867712
[54,4] 1456988076953432803041
[54,5] 67579241705131696817795
[54,6] 371714565563386207020708
[54,7] -184770248733633352744934459
[54,8] -3219471127954309648392802417
[54,9] -23755747671060812033705368657
[54,10] 179751043987381201037256979336
[54,11] 3676773674780785758556400774790
[54,12] 16338571379428539096420815937959
[54,13] -28851435315881262078872829493294
[54,14] -324322486028198360062299249562110
[54,15] -696585291520989501202434029802519
[54,16] -2770589400434532160759647606417996
[54,17] -2082648594346502836376175540411452
[54,18] 36359938334206999428406831054599478
[54,19] 43938915730939847317561040141110784
[54,20] 269261116275020516770320777686760
[54,21] 127928424499976204393347430217445457
[54,22] -884764940803712621913642180977466031
[54,23] -404450057800355015865254307986235061
[54,24] 1798577572034625583731807295468452615
[54,25] -6375388711735086899801906282118731052
[54,26] 7515587171050028709994100974733228636
[54,27] 1115729828281514982505227770713216209
[54,28] -9645898559649477991588533974346108545
[54,29] 29470887793462816688815638653088100878
[54,30] -18402719392356661707976184438677921557
[54,31] -6291187328742321233419697358265636853
[54,32] 41039812159711272533239409722552026294
[54,33] -91577186307496274757156958940173538048
[54,34] 71683417429740841675185716798782659947
[54,35] -35017717273500656624313291018944272329
[54,36] -42623814657561169719903319385826085553
[54,37] 108666656761263897714547840668992263631
[54,38] -110979562098359776781997141103658515174
[54,39] 94314472669040546126485256701962520568
[54,40] -12915016717026509435563242312520079080
[54,41] -2925457786071980736810011086816286275
[54,42] 49369989587377998417107538348105343779
[54,43] -25961291249801419055780137200337495496
[54,44] 24186864515206681877988146559996044838
[54,45] -6475807191958802440300455760851251878
[54,46] 1840769510168176436166610723303323647
[54,47] 506743755205103130622934041590309903
[54,48] -268835978107865594669763261224901023
[54,49] -702603308328735115287248378810483773
[54,50] 575569179358678967997640302278092705
[54,51] -171843203624946924350260465224202018
[54,52] -33220932420360538879652362575631541
[54,53] 19458140803166884008372619891000222
[54,54] -5645035082256590014748806872060272
[53,1] -328985137846
[53,2] 73157160062394072
[53,3] -4002088857016967645
[53,4] 5535106886967237448579
[53,5] 612928262130501152998028
[53,6] 11615670273068054586103987
[53,7] -514299683172282707229732442
[53,8] -6119141912311510555490728663
[53,9] 61729233528560261163602234859
[53,10] 767749145257199053590059722644
[53,11] 137293323328057884088377118959
[53,12] -19855736804962275634563276532359
[53,13] 39875044838489525515302544113898
[53,14] 696585291520989501202434029802519
[53,15] -462928332874965143291820229369490
[53,16] -1265417411853635936085337652042097
[53,17] 39846198455715954702780528331539067
[53,18] 11816114175733177412246093755027964
[53,19] -111454139764284986334141630920583683
[53,20] 236165200614415861173051633318216387
[53,21] -1681741187765176919741593310222140955
[53,22] -1239617019303713385283068833901265606
[53,23] 5611648818656727453347036480384225134
[53,24] -14896717855478650666070362811108161634
[53,25] 11902459163351270449369957496163274607
[53,26] 13504060117322837763345072234950198281
[53,27] -37807734688056560966096328094715933500
[53,28] 58285753830965377020132420817881774963
[53,29] 13913789787364169230763985502865875780
[53,30] -87672683571576698081819033244646443421
[53,31] 178164359115862047980843358049311929721
[53,32] -214838295388629014454787912039314568216
[53,33] 22830068248359896027187582657698754794
[53,34] 76762557130354580287298485631952137286
[53,35] -318452112701182161569831374846875387714
[53,36] 398805666770770982907663642024683296120
[53,37] -220999022489607478884448211906101725235
[53,38] 146018636058214097958869182334002863057
[53,39] 155486221553637333323484946851072573321
[53,40] -148677183039142321065526866416573274424
[53,41] 220888797607812530393733063366370157796
[53,42] -79122153374370979378563167275177146724
[53,43] 73110035410634543024343399716870304417
[53,44] 4679479289180590547084724213850209571
[53,45] 3805887772624867415460439345087288402
[53,46] 7123030387611033609024173538962765595
[53,47] -1349151738129963139505865888792027021
[53,48] -1478623855384186396608298830925502394
[53,49] 2131542305968242115875481008667337331
[53,50] -1409614197225049456071427584961751391
[53,51] 101725535145249545937133444864303376
[53,52] -101794098873555825649647673479996097
[53,53] 54911666846124127096926626218190653
[52,1] -146260375091
[52,2] 300789217494191418
[52,3] 33511936872964658937
[52,4] 14674986232574109802368
[52,5] -148395402589966296626147
[52,6] -143847602455234119097469276
[52,7] 1080878308878054407628968681
[52,8] 73235369468320954543866405744
[52,9] 435596720393848137895306227966
[52,10] -1899255627699031630222893534303
[52,11] -22047638490923381551791739229295
[52,12] -59437663770787707555099250930930
[52,13] -266968184543527979055887129091170
[52,14] -2770589400434532160759647606417996
[52,15] 1265417411853635936085337652042097
[52,16] 67485818220419782315202137621665708
[52,17] 45183390742362682694403535506459595
[52,18] -180990419107831930028278896944561481
[52,19] 137483309479118794100285311134475931
[52,20] -3246439714329378744769151252477833121
[52,21] -3048942440603962585041204740359720214
[52,22] 12627719925847913983766563102772763436
[52,23] -24575381486005945457968702827574708321
[52,24] 20125439704285703372855774061948619763
[52,25] 49223334494271451531329795686877140445
[52,26] -75488913608001063350680705306059798580
[52,27] 71559024015660004087907150586408207201
[52,28] 113820635409762673667033352443291162917
[52,29] -317393616067863233909513890992915162518
[52,30] 355277846369792837827276071978563219162
[52,31] -250655410759828690211872031350769958882
[52,32] -316269055490929645972792369474157955950
[52,33] 446642649056883466511769125479912292936
[52,34] -919054630440458562635230446212416205864
[52,35] 590832866145156801501000991911809086465
[52,36] -18388476067626672002936905914856857149
[52,37] -14305025710278860392006189162961946720
[52,38] 931564008268508981467831529568263031965
[52,39] -351489395437576694106933066067935198619
[52,40] 602899366067914512104745129271846773600
[52,41] -53922375944407092292103280778560552731
[52,42] 158673313260886061299458690017246143723
[52,43] 62851045233117369917754627703038481195
[52,44] 66160830190997981337726091730562243096
[52,45] 35090123746419902017136251317449348178
[52,46] 2973490956170198149380671940761015828
[52,47] 15711812245080595575738017347652699730
[52,48] 2964268752566755188159545948608815674
[52,49] -4933973371906473180353611602218807164
[52,50] 2603792055119858868720233737447283147
[52,51] -1876543405184257851580736948163853920
[52,52] 810091177133495459719511446595258950
[51,1] 822366655797
[51,2] 1021930296296316755
[51,3] 274460015084929181176
[51,4] -7875679804792994364411
[51,5] -7883205155377765693498177
[51,6] 129192132702909622435066620
[51,7] 3462415955880585394627649415
[51,8] -163083723487170294892915126149
[51,9] -2275724437672919001679216454754
[51,10] -811936818565659048294423720699
[51,11] 82309315584262322826264204313940
[51,12] 256057722119606630721253140491605
[51,13] -846544378832457486688804015026761
[51,14] 2082648594346502836376175540411452
[51,15] 39846198455715954702780528331539067
[51,16] -45183390742362682694403535506459595
[51,17] -300228228363966774544490432166317858
[51,18] 104476783698639514437437780350102999
[51,19] -3973200804777783548797854729343966681
[51,20] -2695082368701586363788700923827312456
[51,21] 23746771720949074922973962790061472896
[51,22] -30346804297845435708622140850963565722
[51,23] 33067934628973784404523616393726377236
[51,24] 105262114688906660760494032094164991576
[51,25] -94226120752658424183910770081415874128
[51,26] 76865392693496835450603436978643630760
[51,27] 272798450819825260996526190115748935252
[51,28] -692681291956938867097037649407070066886
[51,29] 362287029764878477072433495160466730794
[51,30] -347517287622756156827006221130249963992
[51,31] -1017147083375473253376795533452169338365
[51,32] 1036663883340758738629141056922676218137
[51,33] -1451875055309000799399563954536533948511
[51,34] 577995400546089380993534038107978932180
[51,35] 562718987411660990082609602672855407317
[51,36] -220157814934284398262003262397802444239
[51,37] 2322318030427370037827060742069935777022
[51,38] 154998274793221499560598980458428839733
[51,39] 1522853009482021654744339874170372776134
[51,40] 396715883218268791003387217903007620135
[51,41] 610889299238256522263999541442816682792
[51,42] 99598903329987832026096795979532996561
[51,43] 378390538459726694162874154334836625595
[51,44] 160059350775157414589474533949664123676
[51,45] -8596892205631174600000389619655366725
[51,46] 178253108746001359258571967939615942447
[51,47] -12484167099720839640083158216215545218
[51,48] 357876215226105126282135932998820697
[51,49] 18788309109317144021538776847718259491
[51,50] -10003604930875357832022182331686525100
[51,51] 5437682822703521824625142197594987244
[50,1] 1891248077080
[50,2] 3057448959941032221
[50,3] 1138034730956386739069
[50,4] -151123241421438002417672
[50,5] -9892581078868940134131474
[50,6] 622303445064634770672751408
[50,7] -2876657170295811024544972628
[50,8] -6443206112474641458803656596
[50,9] 2524837848269431431108515676510
[50,10] 12056175531421405409438486752383
[50,11] -147075180732160421483630237317833
[50,12] -1241354938376798666607929775618518
[50,13] 2702306354407837360779501977457401
[50,14] 36359938334206999428406831054599478
[50,15] -11816114175733177412246093755027964
[50,16] -180990419107831930028278896944561481
[50,17] -104476783698639514437437780350102999
[50,18] -4837461331762909920243196403979945379
[50,19] -1829518816880703066287387967839521710
[50,20] 33718050440796747936746636833986284229
[50,21] -24056503466505446853582866548308152130
[50,22] 62062798689247205694621278915068784329
[50,23] 169257703260601665501793975909565272993
[50,24] -32603834271978502518717345079520307688
[50,25] 106917681200381311617969142154536422021
[50,26] 505274266248309124099749571240035802124
[50,27] -1218386409134587954096331595930215504919
[50,28] 81259895113323912600638453794832926416
[50,29] -1033149209231346964309768400702839901150
[50,30] -3153361115493015280338159080874660189394
[50,31] 2082440413224838658712571369358606612323
[50,32] -3143817653584807211118752261542108620164
[50,33] 2414738894027771613023012272410231862945
[50,34] 1273069786762094474784156491030794956871
[50,35] 1254865179728077307880574822946487107136
[50,36] 4549467203150579147787483379807535426471
[50,37] 2478336210969483056272861623571209121880
[50,38] 4825695103835563335698185638613985116739
[50,39] 2075924598540574362246132428636243517233
[50,40] 3328325314168067888036392465558786604675
[50,41] 484797816251678558494549195928585758063
[50,42] 1520956119341750472189776123788885389547
[50,43] 766791856246462333489641292372833443118
[50,44] -170202948308485785831286397175525310893
[50,45] 898448938288463791051687618518739955921
[50,46] -81492554617072552465954474082604567041
[50,47] 115542582191339676845119458861385890786
[50,48] 78580144687830389218010085567298094766
[50,49] -14983667641774023061520322409296697625
[50,50] 20412284916519584324278031078839299632
[49,1] 3788559003791
[49,2] 8053913420977417047
[49,3] 3129397962668055066587
[49,4] -637621419184324123607612
[49,5] 38635513921017777905914227
[49,6] -561208567201624501716407821
[49,7] -35032016710561346740256699204
[49,8] 206207583702849710264249573523
[49,9] 9470565347208563177397611831686
[49,10] 27524865514539169012094303429337
[49,11] -207767982899297182994916894320336
[49,12] 1050286809232691591808044823856873
[49,13] 8332670439871797035810377351015191
[49,14] -43938915730939847317561040141110784
[49,15] -111454139764284986334141630920583683
[49,16] -137483309479118794100285311134475931
[49,17] -3973200804777783548797854729343966681
[49,18] 1829518816880703066287387967839521710
[49,19] 39077845086825618151457106932051197599
[49,20] -10136587191561690583138642610237534053
[49,21] 86030066817792590883816994896850538111
[49,22] 168228748839476633881938110220945903974
[49,23] 132597679992392730537612094798777050754
[49,24] 126249389585312239371657273656789574734
[49,25] 830672644738061905829141178362412548052
[49,26] -1603924645203938401743108389992436064812
[49,27] -940818225124426796660155729806012469210
[49,28] -1738341326707818680676531112437524802476
[49,29] -9567326732710477496605541368335940795255
[49,30] 3963906958783990191368323983570576642049
[49,31] -9010374703125963696787386452504196123255
[49,32] 7437248021482710703950555122945230213710
[49,33] 5062800362867885004526212117500979858440
[49,34] 7125792255351896260654504512763285191986
[49,35] 12214303072017126754839861018734105181580
[49,36] 7108969313945005597972304175323093069346
[49,37] 15501332589572228693564830337164467921610
[49,38] 4966794483710442613081945296380257140572
[49,39] 14007007891627206180049717601893658318998
[49,40] 3006879441344364089989259609054353536946
[49,41] 6818700782981154345453808501310557778106
[49,42] 3420965277536730291595695702105985405190
[49,43] 271213463680515660405193805612781372075
[49,44] 2944682801223113222265600682409214235475
[49,45] -249347314328506727595616705257775814867
[49,46] 700744501089670831409983504686377967210
[49,47] 184773605824397177895219391404667972601
[49,48] 130301069788995744705644840794973574265
[49,49] 36616345064690494711891445259692054200
[48,1] 4481965423239
[48,2] 19737834068100735240
[48,3] 5265671737740489685184
[48,4] 22580197159122343838146
[48,5] 66280221815563954906438151
[48,6] 55521978374527157215188761
[48,7] 22765235003975719034311088862
[48,8] 449192889916245732241759164574
[48,9] -18925999237681198904218479745548
[48,10] -185526010628347871339198614731889
[48,11] 544000983831772376878527174605837
[48,12] 5732304316325664528507386859919259
[48,13] -3943597828543313777778747496499390
[48,14] 269261116275020516770320777686760
[48,15] -236165200614415861173051633318216387
[48,16] -3246439714329378744769151252477833121
[48,17] 2695082368701586363788700923827312456
[48,18] 33718050440796747936746636833986284229
[48,19] 10136587191561690583138642610237534053
[48,20] 101622061858800685360700201155464817194
[48,21] 74876873107257155565293595605269363971
[48,22] 338711476021001269726226582044302522694
[48,23] 108463574261790096289588383865777199671
[48,24] 1050418810590620672360851869167186818340
[48,25] -1379085378210465511233332454671565470955
[48,26] -2888229048924258937307315142092763791357
[48,27] -1597363965163307065357394378308328034483
[48,28] -21731477119426650989639594808720512828241
[48,29] 3791762623597280239563383602677508428927
[48,30] -21683172243616232669365766051810123595493
[48,31] 9515990872043830908265578058223133042520
[48,32] 18923098787911998914877539260180906837713
[48,33] 19773500954642643799220750017340531345991
[48,34] 46227645734235141192412410152806261490206
[48,35] 18922639794943808242061521653645112917554
[48,36] 53814172551404509259283072875220834137105
[48,37] 9020087521350766622844407312237561545392
[48,38] 46289224487357424844184407796278826045134
[48,39] 10886413962398926706469858233536159609401
[48,40] 26210286716109350430854424798612190846859
[48,41] 12480728705709362547072046892430935048483
[48,42] 7865849894901294643314920525954109158503
[48,43] 8674350659978237495487650348970232956747
[48,44] 808377380760769561059711500765653856253
[48,45] 2719082376556776219791741979177779441064
[48,46] 244885804931088441896131991317513584820
[48,47] 959699787713310687237308126644266638697
[48,48] -35138511347866057788055891347001245600
[47,1] 2399207634524
[47,2] 44097700746018448316
[47,3] 3462698851634098257441
[47,4] 1796888190033025635925851
[47,5] 67959352830820748876281499
[47,6] -9942464350678709291454019742
[47,7] 1507111385692104252006931770
[47,8] 1348574919544662363060551916422
[47,9] 5436899515206817159779396083050
[47,10] 49878760481797696964567434192322
[47,11] -592484758682842376746687366171638
[47,12] -6960177572639003076315217885964050
[47,13] 10962340846405050969749127332629895
[47,14] -127928424499976204393347430217445457
[47,15] -1681741187765176919741593310222140955
[47,16] 3048942440603962585041204740359720214
[47,17] 23746771720949074922973962790061472896
[47,18] 24056503466505446853582866548308152130
[47,19] 86030066817792590883816994896850538111
[47,20] -74876873107257155565293595605269363971
[47,21] 425572744226231196064640892195138070875
[47,22] 44805337123688589576554386055542270608
[47,23] 1105172719800088534674709935129770094397
[47,24] -833588179130502696280167757945205964699
[47,25] -5118649672236304908631632921080444803582
[47,26] -31429157852042695109111583938056217399
[47,27] -35430132366551899707835055376541400140778
[47,28] -3016383206172686285888071882514756505539
[47,29] -36228138988443265630966360364209488639512
[47,30] -8643782756054050890104589970853920300629
[47,31] 52385518611349364984733471608286100086216
[47,32] 25138283908460205711663114397885506330317
[47,33] 141080501451178793131099623527476563970917
[47,34] 52876268568922230844611915682683465965646
[47,35] 165400946265659369786044556544431194571239
[47,36] 38027305528074565174049819449358192078887
[47,37] 130852826081570610551294842786991512975604
[47,38] 40436783132509917385985908447908503537563
[47,39] 81607908659888198089436476280262254824586
[47,40] 37023368975491384372835671264495203886201
[47,41] 43083672258666219930245198679625985231730
[47,42] 25751649250150622533707241687997384150043
[47,43] 13380091020208445285158150864637999700177
[47,44] 9813062372480775592306171741338536217998
[47,45] 2207856770699105291996924469298020595470
[47,46] 3774716965943201126614483024204688421012
[47,47] -444490626962549313474631576705003525617
[46,1] -430353221269
[46,2] 91702606762408141098
[46,3] -16308412946238983077009
[46,4] 8028380285876326107761027
[46,5] -240618660455882309453393082
[46,6] 8267199270426225452075768322
[46,7] 271214183040229514155074005966
[46,8] -1164147469288774188373523710847
[46,9] 1185340617630272890106602337266
[46,10] 262783215097217747091903722263161
[46,11] 2026002235601340785224583073110995
[46,12] 13485307497036570875579825902720733
[46,13] -96126303143702015872272788932222341
[46,14] -884764940803712621913642180977466031
[46,15] 1239617019303713385283068833901265606
[46,16] 12627719925847913983766563102772763436
[46,17] 30346804297845435708622140850963565722
[46,18] 62062798689247205694621278915068784329
[46,19] -168228748839476633881938110220945903974
[46,20] 338711476021001269726226582044302522694
[46,21] -44805337123688589576554386055542270608
[46,22] 1114702598399352812584486605286289089432
[46,23] -240574826467527333747894892524723580790
[46,24] -6918302845290079615198242489921628946783
[46,25] 1385384584856951705187806952520850228097
[46,26] -42562023563023771120437917324119788126236
[46,27] -17832078696551232657431546357006638262345
[46,28] -48003931632817210013201958794083192499857
[46,29] -51942118363490008878459891743771495460391
[46,30] 95938627264685105190708276042646461773916
[46,31] 19981015991613343370025211578577252942428
[46,32] 302655240023482441599926667079437148618091
[46,33] 156375627484559291288940146323473892121726
[46,34] 409957712176189043450063945076761735730373
[46,35] 181363670919705545763401651884529673442119
[46,36] 345927918483264133728948348313251198674597
[46,37] 159355397753278492270972036275958488428180
[46,38] 231419849916826128476688325414654182189539
[46,39] 107614488317297518781632633233767530997611
[46,40] 145390538716678059461804971318316949634765
[46,41] 68592203333997554087350449779341794679383
[46,42] 67147210156961668680398493697043069143393
[46,43] 31395742016434950264962861224918290066446
[46,44] 18634033396589566878641181484813072411503
[46,45] 12517675406343072615856468750013797683474
[46,46] 409779940217890903524830096964921496558
[45,1] -9244271761934
[45,2] 178353344554452103202
[45,3] -83430977033503040716737
[45,4] 15843185463927960846419545
[45,5] -658944753914661227149451585
[45,6] 745194298653836282634600840
[45,7] 412911512680280807128328510286
[45,8] -549796235090551147129125353120
[45,9] -100578600360197025725459699772272
[45,10] -290588367785579504288426923994638
[45,11] 4092253096097092649908770424417918
[45,12] -23359618311011613847397893241195992
[45,13] -253437219985674710008735121094256693
[45,14] 404450057800355015865254307986235061
[45,15] 5611648818656727453347036480384225134
[45,16] 24575381486005945457968702827574708321
[45,17] 33067934628973784404523616393726377236
[45,18] -169257703260601665501793975909565272993
[45,19] 132597679992392730537612094798777050754
[45,20] -108463574261790096289588383865777199671
[45,21] 1105172719800088534674709935129770094397
[45,22] 240574826467527333747894892524723580790
[45,23] -7629630698630385834279905607526540259735
[45,24] 906470736638100101703732246410713709095
[45,25] -40766837690036388302946292982334633844199
[45,26] -24519356479842554760183101724579979813836
[45,27] -57041281482631144103388501298715312227981
[45,28] -97831227009669580439483791667139998552643
[45,29] 125289154993744697011865867570828713034259
[45,30] -3186333392531442164783196434066524655048
[45,31] 498781479216192727903981098382750791381467
[45,32] 333007909364966456752122400346833841403757
[45,33] 843610539735250566442029750959326603677011
[45,34] 566276803654114880798603570399430469243568
[45,35] 857391329858690972972631146620773211772527
[45,36] 567091541441889464470021290265620355677045
[45,37] 628913775573455747481659635892332872709513
[45,38] 384950282397878224005391657032602546897542
[45,39] 397842324020277195726648938090087539288106
[45,40] 199651540953590261092668829603718432645362
[45,41] 215388416705495039363097690414969151948678
[45,42] 89228233831847989597977022065469357047508
[45,43] 84812219009077414302356281985061833233505
[45,44] 37004780725740178470403693383512933785203
[45,45] 16206715750321481708856702206508254643155
[44,1] -13610606110461
[44,2] 319586844489363703310
[44,3] -240452117408750402444188
[44,4] 30211208963330605643050100
[44,5] -907368093336143540703682785
[44,6] 16481366999478080626680693688
[44,7] -706843627765447960737632669506
[44,8] -8829194338400417889865193532639
[44,9] 120915776686064550080787915891556
[44,10] 1039306080206421937241171870057969
[44,11] -9949047934342035850052581578701325
[44,12] -90599545025048612430304461188162064
[44,13] -87787016670795759708356960974667646
[44,14] 1798577572034625583731807295468452615
[44,15] 14896717855478650666070362811108161634
[44,16] 20125439704285703372855774061948619763
[44,17] -105262114688906660760494032094164991576
[44,18] -32603834271978502518717345079520307688
[44,19] -126249389585312239371657273656789574734
[44,20] 1050418810590620672360851869167186818340
[44,21] 833588179130502696280167757945205964699
[44,22] -6918302845290079615198242489921628946783
[44,23] -906470736638100101703732246410713709095
[44,24] -38600711313641452498127583026875916813013
[44,25] -12331737118789819281701333655215034405806
[44,26] -64572709461016482798725779220910921280734
[44,27] -103262769907511974981610056472700216158984
[44,28] 109145476321721790215042003975124500929292
[44,29] -4913379168161750582615373188695861869498
[44,30] 644397788793978432586792649283252903687135
[44,31] 574473726586204285448855427077306906658341
[44,32] 1398063861526236442314751110854290601066297
[44,33] 1288594580710120031189864749574331343970715
[44,34] 1798551681294476189563371340498530831607031
[44,35] 1598760017061871576558058774615051885946470
[44,36] 1533084527564787294699981129830477846459596
[44,37] 1306585331593227895923964493651568194214665
[44,38] 1020250760168392283534896323409682043221763
[44,39] 679118829741681599109010473728338708769805
[44,40] 573911095951013643360336736525382279992207
[44,41] 262291332067698913675581057277870181703097
[44,42] 265508920139400548435072554287888419099261
[44,43] 96105467775417120692095733623866987969535
[44,44] 85144317672742734611191381402426813105978
[43,1] -16092875534586
[43,2] 546346121461562365392
[43,3] -519873741697127956243327
[43,4] 29323321598168760938430705
[43,5] -2422988691766315964604640314
[43,6] 61629252591723457692134590823
[43,7] 25922873121691808234881662186
[43,8] -6319477395256846559281410475873
[43,9] 73468847860750837867601492622004
[43,10] 31095990349153307277035859396017
[43,11] -12570684852513137742078300556551452
[43,12] -64306764209608076837896085942254881
[43,13] 456320428173343696953408124154948183
[43,14] 6375388711735086899801906282118731052
[43,15] 11902459163351270449369957496163274607
[43,16] -49223334494271451531329795686877140445
[43,17] -94226120752658424183910770081415874128
[43,18] -106917681200381311617969142154536422021
[43,19] 830672644738061905829141178362412548052
[43,20] 1379085378210465511233332454671565470955
[43,21] -5118649672236304908631632921080444803582
[43,22] -1385384584856951705187806952520850228097
[43,23] -40766837690036388302946292982334633844199
[43,24] 12331737118789819281701333655215034405806
[43,25] -67411412972157829843735476208824717549434
[43,26] -44437417728482369234693416878901563964568
[43,27] 60156898660221144541819372418813806844508
[43,28] -4271961084997599478957497485261990338944
[43,29] 722020336050432377352436461384031532961126
[43,30] 698235718212435086578916068463953896106010
[43,31] 2007122695302810178667357522742715809982699
[43,32] 2092654579491433744267149860019680634685489
[43,33] 3242404466482503394236462569549529169125920
[43,34] 3393585920029238792583674795841909513061807
[43,35] 3270590845437340744642221874512927973477053
[43,36] 3515887522472431030396411768028356401036776
[43,37] 2445837189736988106829025659557924843425881
[43,38] 2223350465654136797489741745016156016998573
[43,39] 1445377845579416308094997109181021572955657
[43,40] 912942237215454395149808808928886614782456
[43,41] 703137820231176876484831026376087971794748
[43,42] 284538703060553344834408569753292417944102
[43,43] 280489741582667976300576010258124822882593
[42,1] -13599551596479
[42,2] 864487432931204579482
[42,3] -937599880848953101893473
[42,4] 57005067179690311736703659
[42,5] -807184168701290150517693455
[42,6] 34415159336504878885896514025
[42,7] -967738014248406838204906951466
[42,8] 5616078419329840576705831837789
[42,9] -221998055066050578418548780941448
[42,10] -3173897439104950322990274313409077
[42,11] -21270938055711724551935844495620773
[42,12] 25940645673917163863636586477156787
[42,13] 1983023437717023006500762833621460637
[42,14] 7515587171050028709994100974733228636
[42,15] -13504060117322837763345072234950198281
[42,16] -75488913608001063350680705306059798580
[42,17] -76865392693496835450603436978643630760
[42,18] 505274266248309124099749571240035802124
[42,19] 1603924645203938401743108389992436064812
[42,20] -2888229048924258937307315142092763791357
[42,21] 31429157852042695109111583938056217399
[42,22] -42562023563023771120437917324119788126236
[42,23] 24519356479842554760183101724579979813836
[42,24] -64572709461016482798725779220910921280734
[42,25] 44437417728482369234693416878901563964568
[42,26] 33608294732385042585925050256790730327339
[42,27] 4210021463754412037464265725478900320992
[42,28] 726669240501154891700507427491334725393765
[42,29] 625950570011168764166265054412819249637246
[42,30] 2471581502785860840254738734586124645184070
[42,31] 2573102614189058824228354204436642252896374
[42,32] 4826570559483700344836359919703440906967137
[42,33] 5553440943371065417641979962710373727075421
[42,34] 5823375660074287880042769239721146632089301
[42,35] 7271362031364177939342108302379856377139263
[42,36] 5111607021148682526301236884589671986699297
[42,37] 5813829523478266077822477421086199305229792
[42,38] 3432150683268114747423781964040663026180988
[42,39] 2935466146417846791378452791499317663433606
[42,40] 1773631553830825280829714956410863300129816
[42,41] 1004695591715976345138540135883402611232819
[42,42] 759631297002126782850766166875933673969088
[41,1] 2794517826631
[41,2] 1306455251113004622231
[41,3] -1375710830189095722023562
[41,4] 55678217396164945759924255
[41,5] -2122895958633618684288645599
[41,6] 218693451318150219756931311620
[41,7] 186024214221636927648170685045
[41,8] 6875971447244570706557533428789
[41,9] 252061739969202764717884191113126
[41,10] -4199283804096192992489442289816863
[41,11] -25228578558722340629906367234395532
[41,12] 485096225595105601062850721175722177
[41,13] 3198049104431385909383009255253798870
[41,14] -1115729828281514982505227770713216209
[41,15] -37807734688056560966096328094715933500
[41,16] -71559024015660004087907150586408207201
[41,17] 272798450819825260996526190115748935252
[41,18] 1218386409134587954096331595930215504919
[41,19] -940818225124426796660155729806012469210
[41,20] 1597363965163307065357394378308328034483
[41,21] -35430132366551899707835055376541400140778
[41,22] 17832078696551232657431546357006638262345
[41,23] -57041281482631144103388501298715312227981
[41,24] 103262769907511974981610056472700216158984
[41,25] 60156898660221144541819372418813806844508
[41,26] -4210021463754412037464265725478900320992
[41,27] 727240568084021695307068549822873280340772
[41,28] 233898130596432456169847464907727593885970
[41,29] 2816876964686231019546378207569886211392067
[41,30] 2126851411437710706267407650436257727197451
[41,31] 6287574998851904174877564064098980785441378
[41,32] 6743857539261231379617648347560141601320369
[41,33] 8931269013911144291806765714085480094803839
[41,34] 11491232817608845930264815887416561269631046
[41,35] 9094331174628136963392471022904050399790088
[41,36] 11735666966042136338178211461996673657422582
[41,37] 7116123130202665104652139020928179938451564
[41,38] 7600485886806377634016443629751042701056016
[41,39] 4129236619403722515775130157244391639621508
[41,40] 3289694147636766380456601409515522650072066
[41,41] 1890280393495656825887742191975334854557473
[40,1] 11929172015304
[40,2] 1871837239918375020201
[40,3] -1703443638477599048503917
[40,4] 143707193139709562866344520
[40,5] 2572754771566918208220984674
[40,6] -127901660709312424983603313079
[40,7] -38636454739994953818191329635
[40,8] -14135505260505463140536194760424
[40,9] -636764534460158396522253604009376
[40,10] -5101245316122697343080719258126360
[40,11] 75712159660771995803367751184636095
[40,12] 871299084546532610390245366250505585
[40,13] 2046127767904345728179499038747747543
[40,14] -9645898559649477991588533974346108545
[40,15] -58285753830965377020132420817881774963
[40,16] 113820635409762673667033352443291162917
[40,17] 692681291956938867097037649407070066886
[40,18] 81259895113323912600638453794832926416
[40,19] 1738341326707818680676531112437524802476
[40,20] -21731477119426650989639594808720512828241
[40,21] 3016383206172686285888071882514756505539
[40,22] -48003931632817210013201958794083192499857
[40,23] 97831227009669580439483791667139998552643
[40,24] 109145476321721790215042003975124500929292
[40,25] 4271961084997599478957497485261990338944
[40,26] 726669240501154891700507427491334725393765
[40,27] -233898130596432456169847464907727593885970
[40,28] 2891394447274350739043629510696133491456200
[40,29] 871239462225541107650706247500028217943457
[40,30] 7111938533245286867117581802153157233402385
[40,31] 5784352635525345454310249702267008928444684
[40,32] 11716546882287791155081234575728044088028630
[40,33] 13776683313252987255986821501015108756506448
[40,34] 13725072800019415311852782166472275091914560
[40,35] 18203213784292724870461645975986733597498145
[40,36] 12518604474464749163990021036941109448463123
[40,37] 15166073360145247269047936248938346938653654
[40,38] 8488265376749461039864011947005479612652578
[40,39] 8508839479429654556312701707504532084768374
[40,40] 4376391828365319607566271536240409772808702
[39,1] 26466007697889
[39,2] 2495538382552641551757
[39,3] -1696928557036409457587672
[39,4] 172162354363837454608084491
[39,5] 2966639779640775080939811970
[39,6] 93107044888725579372839508109
[39,7] -8181564494971258568885755376960
[39,8] -82385147566838281502171052731337
[39,9] -1445558698605149422740562259621850
[39,10] 4906824717270425535700563695933159
[39,11] 181387834586109458659948471555969431
[39,12] 1083638943051740857643840540422469270
[39,13] -1243699451349993123402922688019662252
[39,14] -29470887793462816688815638653088100878
[39,15] 13913789787364169230763985502865875780
[39,16] 317393616067863233909513890992915162518
[39,17] 362287029764878477072433495160466730794
[39,18] 1033149209231346964309768400702839901150
[39,19] -9567326732710477496605541368335940795255
[39,20] -3791762623597280239563383602677508428927
[39,21] -36228138988443265630966360364209488639512
[39,22] 51942118363490008878459891743771495460391
[39,23] 125289154993744697011865867570828713034259
[39,24] 4913379168161750582615373188695861869498
[39,25] 722020336050432377352436461384031532961126
[39,26] -625950570011168764166265054412819249637246
[39,27] 2816876964686231019546378207569886211392067
[39,28] -871239462225541107650706247500028217943457
[39,29] 7480597033284968211763627862287864185197707
[39,30] 2247081300385249165178647049999052414454716
[39,31] 13748553632946026478402149130577775596142150
[39,32] 11545700768318688968592518952896436976089098
[39,33] 18045626881681053384562083833366324345551755
[39,34] 21442798117775941626424691200276660054909063
[39,35] 18643842949555816249663599388886632819550927
[39,36] 23432133500101366446441921954301362414577698
[39,37] 14781113743633466090681337081376378746847690
[39,38] 17035114378823227027421512643824576862323958
[39,39] 8853300169234492083078372439598287213483880
[38,1] 28100789772441
[38,2] 3277945164657294351746
[38,3] -1021768194131692300586641
[38,4] 354698289040582661777416972
[38,5] 10807698042913540582131312326
[38,6] -108787937338391331270259060392
[38,7] -2556110079718976609834274582379
[38,8] -62584882550929850302169216499205
[38,9] 911942664583215101788410884622046
[38,10] 24953889985980142159843311086396633
[38,11] 274345292609079288099948732783627628
[38,12] 528610764408235531787676780464128144
[38,13] -7689578759241227329355380012224188479
[38,14] -18402719392356661707976184438677921557
[38,15] 87672683571576698081819033244646443421
[38,16] 355277846369792837827276071978563219162
[38,17] 347517287622756156827006221130249963992
[38,18] -3153361115493015280338159080874660189394
[38,19] -3963906958783990191368323983570576642049
[38,20] -21683172243616232669365766051810123595493
[38,21] 8643782756054050890104589970853920300629
[38,22] 95938627264685105190708276042646461773916
[38,23] 3186333392531442164783196434066524655048
[38,24] 644397788793978432586792649283252903687135
[38,25] -698235718212435086578916068463953896106010
[38,26] 2471581502785860840254738734586124645184070
[38,27] -2126851411437710706267407650436257727197451
[38,28] 7111938533245286867117581802153157233402385
[38,29] -2247081300385249165178647049999052414454716
[38,30] 14353850943088367635291722328481362325817113
[38,31] 4568617423620780558699678167716215452492080
[38,32] 20982009781135429290596638613006469127173332
[38,33] 17793042481821532447965920238566377119475559
[38,34] 24142521657669528624471467682020615014977973
[38,35] 27457630287092640534288217914408763014986708
[38,36] 22098025013608708776456669773669203946571830
[38,37] 26323441863761001485276369127366315466928594
[38,38] 15478402888914992435921306193692418210051402
[37,1] 14351165467706
[37,2] 3868584109521313365820
[37,3] -38879790199350384909418
[37,4] 270928586975659467953444792
[37,5] -538717847731168457551041250
[37,6] -374058979612692187398873551352
[37,7] -13350904830312123783534922060547
[37,8] -7741360918000746008730439072031
[37,9] 1711635145629134425872680937400760
[37,10] 45452743113568381042978540752741315
[37,11] 274457855959210466912106810961759084
[37,12] -1394545990731957415184444341279829453
[37,13] -11646443371699926755605632451086886028
[37,14] 6291187328742321233419697358265636853
[37,15] 178164359115862047980843358049311929721
[37,16] 250655410759828690211872031350769958882
[37,17] -1017147083375473253376795533452169338365
[37,18] -2082440413224838658712571369358606612323
[37,19] -9010374703125963696787386452504196123255
[37,20] -9515990872043830908265578058223133042520
[37,21] 52385518611349364984733471608286100086216
[37,22] -19981015991613343370025211578577252942428
[37,23] 498781479216192727903981098382750791381467
[37,24] -574473726586204285448855427077306906658341
[37,25] 2007122695302810178667357522742715809982699
[37,26] -2573102614189058824228354204436642252896374
[37,27] 6287574998851904174877564064098980785441378
[37,28] -5784352635525345454310249702267008928444684
[37,29] 13748553632946026478402149130577775596142150
[37,30] -4568617423620780558699678167716215452492080
[37,31] 22064619685135848257218010222170659253171966
[37,32] 6973346282810016542335549854723033681202686
[37,33] 27754353234358675438115796212423125342092076
[37,34] 22790846992909027016008596803594070958744492
[37,35] 28598624727705266533655673709713001895050845
[37,36] 30997129942204604437752697215455052560043395
[37,37] 23125831342955551888283439649850356478594169
[36,1] 3453378449779
[36,2] 4614570613280727075813
[36,3] 1684939655864115223061051
[36,4] 453277343942411900604791180
[36,5] -3508460360281342130907724012
[36,6] -257337734504384394711873271994
[36,7] -5322199500288868785017325876754
[36,8] 108025597219592324134458971260165
[36,9] 5937552820340477939126550284690624
[36,10] 55463210738333926168964440894962497
[36,11] -107937392469771330961348301084136552
[36,12] -2789635307411910886378362971984438425
[36,13] -8465847295586864504523323138855659777
[36,14] 41039812159711272533239409722552026294
[36,15] 214838295388629014454787912039314568216
[36,16] -316269055490929645972792369474157955950
[36,17] -1036663883340758738629141056922676218137
[36,18] -3143817653584807211118752261542108620164
[36,19] -7437248021482710703950555122945230213710
[36,20] 18923098787911998914877539260180906837713
[36,21] -25138283908460205711663114397885506330317
[36,22] 302655240023482441599926667079437148618091
[36,23] -333007909364966456752122400346833841403757
[36,24] 1398063861526236442314751110854290601066297
[36,25] -2092654579491433744267149860019680634685489
[36,26] 4826570559483700344836359919703440906967137
[36,27] -6743857539261231379617648347560141601320369
[36,28] 11716546882287791155081234575728044088028630
[36,29] -11545700768318688968592518952896436976089098
[36,30] 20982009781135429290596638613006469127173332
[36,31] -6973346282810016542335549854723033681202686
[36,32] 29048724742371581457827133751190738242761463
[36,33] 8872512805105672862493967296916292069287869
[36,34] 33085660764479492268204992519707303079247839
[36,35] 25728397650536041059624185935561543779943571
[36,36] 30291878725784254635499504948589013290500174
[35,1] -17658019927946
[35,2] 4999169821947180180494
[35,3] 3065748103188845746179590
[35,4] 72951959389012604712135406
[35,5] -20439145944969601591449538745
[35,6] -995092782792715510750307383833
[35,7] 15845547895923244524345233408763
[35,8] 480182039481850790504009401629468
[35,9] 6989055508563141855495769564390241
[35,10] 22737905065806867964580564967058475
[35,11] -397415992191587594320743118684413691
[35,12] -3972634081685514039983392313110691002
[35,13] 3126054530789663978118243974044846462
[35,14] 91577186307496274757156958940173538048
[35,15] 22830068248359896027187582657698754794
[35,16] -446642649056883466511769125479912292936
[35,17] -1451875055309000799399563954536533948511
[35,18] -2414738894027771613023012272410231862945
[35,19] 5062800362867885004526212117500979858440
[35,20] -19773500954642643799220750017340531345991
[35,21] 141080501451178793131099623527476563970917
[35,22] -156375627484559291288940146323473892121726
[35,23] 843610539735250566442029750959326603677011
[35,24] -1288594580710120031189864749574331343970715
[35,25] 3242404466482503394236462569549529169125920
[35,26] -5553440943371065417641979962710373727075421
[35,27] 8931269013911144291806765714085480094803839
[35,28] -13776683313252987255986821501015108756506448
[35,29] 18045626881681053384562083833366324345551755
[35,30] -17793042481821532447965920238566377119475559
[35,31] 27754353234358675438115796212423125342092076
[35,32] -8872512805105672862493967296916292069287869
[35,33] 34544459801021577924505124246868105730775278
[35,34] 10087566196935420549630305440035317526104055
[35,35] 35098305706991064754801812304617642039035782
[34,1] -25303866902085
[34,2] 5129174620925779666880
[34,3] 4026518545867023396989675
[34,4] 156600970191794487758355895
[34,5] -35658761572779585804967157347
[34,6] -172523543839304055411806150853
[34,7] -3155451251261271860788026442765
[34,8] 663228673145124340876608806914313
[34,9] 4241918302751134614211675549116643
[34,10] -34646257782388984347173938170901797
[34,11] -748174990471774001917758965604696719
[34,12] -1898969435771023283339053644190728836
[34,13] 18672167195912586728797314548995462793
[34,14] 71683417429740841675185716798782659947
[34,15] -76762557130354580287298485631952137286
[34,16] -919054630440458562635230446212416205864
[34,17] -577995400546089380993534038107978932180
[34,18] 1273069786762094474784156491030794956871
[34,19] -7125792255351896260654504512763285191986
[34,20] 46227645734235141192412410152806261490206
[34,21] -52876268568922230844611915682683465965646
[34,22] 409957712176189043450063945076761735730373
[34,23] -566276803654114880798603570399430469243568
[34,24] 1798551681294476189563371340498530831607031
[34,25] -3393585920029238792583674795841909513061807
[34,26] 5823375660074287880042769239721146632089301
[34,27] -11491232817608845930264815887416561269631046
[34,28] 13725072800019415311852782166472275091914560
[34,29] -21442798117775941626424691200276660054909063
[34,30] 24142521657669528624471467682020615014977973
[34,31] -22790846992909027016008596803594070958744492
[34,32] 33085660764479492268204992519707303079247839
[34,33] -10087566196935420549630305440035317526104055
[34,34] 36905886307414002006647296540157544317012698
[33,1] -20255109952908
[33,2] 5573075923743445866156
[33,3] 4788776735562491195807598
[33,4] -293154534139954066877628230
[33,5] -15287766042892641604290004202
[33,6] -321426924200295602166996200146
[33,7] 56874542193437400177818293306143
[33,8] 567476866592799426294551613911543
[33,9] 3455806512347359237167109686005300
[33,10] -76337548904100485185414951066514377
[33,11] -710812447397962025660087535562505342
[33,12] 1926841223835120012617266890271833057
[33,13] 27653142220926524242808364107553347574
[33,14] 35017717273500656624313291018944272329
[33,15] -318452112701182161569831374846875387714
[33,16] -590832866145156801501000991911809086465
[33,17] 562718987411660990082609602672855407317
[33,18] -1254865179728077307880574822946487107136
[33,19] 12214303072017126754839861018734105181580
[33,20] -18922639794943808242061521653645112917554
[33,21] 165400946265659369786044556544431194571239
[33,22] -181363670919705545763401651884529673442119
[33,23] 857391329858690972972631146620773211772527
[33,24] -1598760017061871576558058774615051885946470
[33,25] 3270590845437340744642221874512927973477053
[33,26] -7271362031364177939342108302379856377139263
[33,27] 9094331174628136963392471022904050399790088
[33,28] -18203213784292724870461645975986733597498145
[33,29] 18643842949555816249663599388886632819550927
[33,30] -27457630287092640534288217914408763014986708
[33,31] 28598624727705266533655673709713001895050845
[33,32] -25728397650536041059624185935561543779943571
[33,33] 35098305706991064754801812304617642039035782
[32,1] -13119600147257
[32,2] 4353781274564364888293
[32,3] 3666588415408868784468901
[32,4] -149003610745346767325918472
[32,5] -27412432347665029357375295149
[32,6] 2155801644284791724666621539231
[32,7] 36549598087403465744286322075270
[32,8] 799664827774703668730729874720039
[32,9] -4485465562540127090547683956111181
[32,10] -102984794151327441327054635285664439
[32,11] -156468910405670914673049019963546601
[32,12] 4367876819924324155997861450980860341
[32,13] 26306902939843132642488102972902970735
[32,14] -42623814657561169719903319385826085553
[32,15] -398805666770770982907663642024683296120
[32,16] -18388476067626672002936905914856857149
[32,17] 220157814934284398262003262397802444239
[32,18] 4549467203150579147787483379807535426471
[32,19] -7108969313945005597972304175323093069346
[32,20] 53814172551404509259283072875220834137105
[32,21] -38027305528074565174049819449358192078887
[32,22] 345927918483264133728948348313251198674597
[32,23] -567091541441889464470021290265620355677045
[32,24] 1533084527564787294699981129830477846459596
[32,25] -3515887522472431030396411768028356401036776
[32,26] 5111607021148682526301236884589671986699297
[32,27] -11735666966042136338178211461996673657422582
[32,28] 12518604474464749163990021036941109448463123
[32,29] -23432133500101366446441921954301362414577698
[32,30] 22098025013608708776456669773669203946571830
[32,31] -30997129942204604437752697215455052560043395
[32,32] 30291878725784254635499504948589013290500174
[31,1] 3075528871866
[31,2] 5357394544054835226396
[31,3] 3472506016860071931127413
[31,4] -273209949975029291128328455
[31,5] 36263452690541347879297597429
[31,6] 1341462510746580431595103383508
[31,7] 74133913544310167830770202144165
[31,8] -56308508388306100935838971639671
[31,9] -7177018958073747216851725529012897
[31,10] -74669235133237746187530556779068550
[31,11] 267268353779598044858874289187566245
[31,12] 6725226853131001497311216335115949201
[31,13] 7281344755496126474517049465251182860
[31,14] -108666656761263897714547840668992263631
[31,15] -220999022489607478884448211906101725235
[31,16] 14305025710278860392006189162961946720
[31,17] 2322318030427370037827060742069935777022
[31,18] -2478336210969483056272861623571209121880
[31,19] 15501332589572228693564830337164467921610
[31,20] -9020087521350766622844407312237561545392
[31,21] 130852826081570610551294842786991512975604
[31,22] -159355397753278492270972036275958488428180
[31,23] 628913775573455747481659635892332872709513
[31,24] -1306585331593227895923964493651568194214665
[31,25] 2445837189736988106829025659557924843425881
[31,26] -5813829523478266077822477421086199305229792
[31,27] 7116123130202665104652139020928179938451564
[31,28] -15166073360145247269047936248938346938653654
[31,29] 14781113743633466090681337081376378746847690
[31,30] -26323441863761001485276369127366315466928594
[31,31] 23125831342955551888283439649850356478594169
[30,1] 12308400326989
[30,2] 2875822043378706055240
[30,3] 1890390125801865538385076
[30,4] 147148064240089030767908314
[30,5] 26517407302527061768076008854
[30,6] 3850008692077768819877421394957
[30,7] 34506705461843087387698538151087
[30,8] 88740711382724995707636618989648
[30,9] -11527635648128881552598890059658204
[30,10] -37561014966277726229050060538252079
[30,11] 758318092784722083127434073511875878
[30,12] 4667405838167725137359455098694269604
[30,13] -9686490289186587518037798480250493439
[30,14] -110979562098359776781997141103658515174
[30,15] -146018636058214097958869182334002863057
[30,16] 931564008268508981467831529568263031965
[30,17] -154998274793221499560598980458428839733
[30,18] 4825695103835563335698185638613985116739
[30,19] -4966794483710442613081945296380257140572
[30,20] 46289224487357424844184407796278826045134
[30,21] -40436783132509917385985908447908503537563
[30,22] 231419849916826128476688325414654182189539
[30,23] -384950282397878224005391657032602546897542
[30,24] 1020250760168392283534896323409682043221763
[30,25] -2223350465654136797489741745016156016998573
[30,26] 3432150683268114747423781964040663026180988
[30,27] -7600485886806377634016443629751042701056016
[30,28] 8488265376749461039864011947005479612652578
[30,29] -17035114378823227027421512643824576862323958
[30,30] 15478402888914992435921306193692418210051402
[29,1] 12673370659789
[29,2] 3893280583720203426277
[29,3] 780988715457447258399989
[29,4] 134481222372054647372780714
[29,5] 79268903336153652918882910017
[29,6] 1493295567899373484411180026857
[29,7] 17517836111381474171754982556176
[29,8] -864041741671586748215059666043939
[29,9] -8080716075226061458078810310244218
[29,10] 8286059160498178768632676121405141
[29,11] 826527722274873803974555933274594257
[29,12] 1384572211626600961254301888618881536
[29,13] -20778093003180472136301687414219025420
[29,14] -94314472669040546126485256701962520568
[29,15] 155486221553637333323484946851072573321
[29,16] 351489395437576694106933066067935198619
[29,17] 1522853009482021654744339874170372776134
[29,18] -2075924598540574362246132428636243517233
[29,19] 14007007891627206180049717601893658318998
[29,20] -10886413962398926706469858233536159609401
[29,21] 81607908659888198089436476280262254824586
[29,22] -107614488317297518781632633233767530997611
[29,23] 397842324020277195726648938090087539288106
[29,24] -679118829741681599109010473728338708769805
[29,25] 1445377845579416308094997109181021572955657
[29,26] -2935466146417846791378452791499317663433606
[29,27] 4129236619403722515775130157244391639621508
[29,28] -8508839479429654556312701707504532084768374
[29,29] 8853300169234492083078372439598287213483880
[28,1] 10303660750852
[28,2] 2341946616685321811632
[28,3] 824175153574949473767155
[28,4] 626041300830743161350524040
[28,5] 35212657295236830171148254481
[28,6] 1934695447149740872484732171765
[28,7] -29731079001664377101453510542447
[28,8] -927376414954363502278107056129864
[28,9] -7602579767902369782913349138485744
[28,10] 73948058757546212824372984436922279
[28,11] 555719588443301067593062344033344291
[28,12] -398573005481364318789637010794543258
[28,13] -26347898785553223736032384523999382985
[28,14] -12915016717026509435563242312520079080
[28,15] 148677183039142321065526866416573274424
[28,16] 602899366067914512104745129271846773600
[28,17] -396715883218268791003387217903007620135
[28,18] 3328325314168067888036392465558786604675
[28,19] -3006879441344364089989259609054353536946
[28,20] 26210286716109350430854424798612190846859
[28,21] -37023368975491384372835671264495203886201
[28,22] 145390538716678059461804971318316949634765
[28,23] -199651540953590261092668829603718432645362
[28,24] 573911095951013643360336736525382279992207
[28,25] -912942237215454395149808808928886614782456
[28,26] 1773631553830825280829714956410863300129816
[28,27] -3289694147636766380456601409515522650072066
[28,28] 4376391828365319607566271536240409772808702
[27,1] 2624398136815
[27,2] 691949251952978268767
[27,3] -431303554126785649408335
[27,4] 290070613113510723207384970
[27,5] 59256409343163026546861190537
[27,6] -671266189228725617776157839997
[27,7] -41735599810176191991861739900644
[27,8] -881073663599203879106669245472669
[27,9] -411024880039136922648759196612559
[27,10] 53933500641599464712391083875851850
[27,11] 425937277807243051691664627246100990
[27,12] -3517183132824431021807665309780055708
[27,13] -12278527840014216250247423260612757037
[27,14] 2925457786071980736810011086816286275
[27,15] 220888797607812530393733063366370157796
[27,16] 53922375944407092292103280778560552731
[27,17] 610889299238256522263999541442816682792
[27,18] -484797816251678558494549195928585758063
[27,19] 6818700782981154345453808501310557778106
[27,20] -12480728705709362547072046892430935048483
[27,21] 43083672258666219930245198679625985231730
[27,22] -68592203333997554087350449779341794679383
[27,23] 215388416705495039363097690414969151948678
[27,24] -262291332067698913675581057277870181703097
[27,25] 703137820231176876484831026376087971794748
[27,26] -1004695591715976345138540135883402611232819
[27,27] 1890280393495656825887742191975334854557473
[26,1] -3575056215263
[26,2] 3931854325402109114858
[26,3] -5491965096714707115556
[26,4] 568505080025966628413952346
[26,5] -11206058984534138006343560374
[26,6] -794458046864148395028079106519
[26,7] -54105680750622314461484791183155
[26,8] -463970916953798051930651936952801
[26,9] 2709425491821191862364458394536571
[26,10] 82745645106435345909040458180925822
[26,11] -82881526909672980557481076285269367
[26,12] -2125409241480381446398254602518447839
[26,13] -8373405786164889874160768107988921386
[26,14] 49369989587377998417107538348105343779
[26,15] 79122153374370979378563167275177146724
[26,16] 158673313260886061299458690017246143723
[26,17] -99598903329987832026096795979532996561
[26,18] 1520956119341750472189776123788885389547
[26,19] -3420965277536730291595695702105985405190
[26,20] 7865849894901294643314920525954109158503
[26,21] -25751649250150622533707241687997384150043
[26,22] 67147210156961668680398493697043069143393
[26,23] -89228233831847989597977022065469357047508
[26,24] 265508920139400548435072554287888419099261
[26,25] -284538703060553344834408569753292417944102
[26,26] 759631297002126782850766166875933673969088
[25,1] -4674920960369
[25,2] -3697451370885968142065
[25,3] 554121072517549962628411
[25,4] -28963274408099693713316696
[25,5] 5842472561686976535076105295
[25,6] -1664704556865345987818388767411
[25,7] -34214448429585232807601202425298
[25,8] -57603142872383010271545913246543
[25,9] 6538860841649486135854248698958843
[25,10] 37454684177923822842214901832520500
[25,11] -113843567286209529429103341118696344
[25,12] -2404277807772128610680975484970020090
[25,13] 2670217362365586118989389055476265634
[25,14] 25961291249801419055780137200337495496
[25,15] 73110035410634543024343399716870304417
[25,16] -62851045233117369917754627703038481195
[25,17] 378390538459726694162874154334836625595
[25,18] -766791856246462333489641292372833443118
[25,19] 271213463680515660405193805612781372075
[25,20] -8674350659978237495487650348970232956747
[25,21] 13380091020208445285158150864637999700177
[25,22] -31395742016434950264962861224918290066446
[25,23] 84812219009077414302356281985061833233505
[25,24] -96105467775417120692095733623866987969535
[25,25] 280489741582667976300576010258124822882593
[24,1] -4054916449278
[24,2] 6723675364337623204092
[24,3] -1293920461250801952439427
[24,4] 191095080368377127270855279
[24,5] -31527319389820170603977537783
[24,6] -1149880928456218337188645842979
[24,7] -12980366561081394926724533235155
[24,8] 277889943342527515919523581730338
[24,9] 5891540018935310834134137886082596
[24,10] 18387262131609797861524893017532824
[24,11] -237436639353364252194229169490142097
[24,12] -788163383265549965857358480789033021
[24,13] 3572672882909857121928065645191712124
[24,14] 24186864515206681877988146559996044838
[24,15] -4679479289180590547084724213850209571
[24,16] 66160830190997981337726091730562243096
[24,17] -160059350775157414589474533949664123676
[24,18] -170202948308485785831286397175525310893
[24,19] -2944682801223113222265600682409214235475
[24,20] 808377380760769561059711500765653856253
[24,21] -9813062372480775592306171741338536217998
[24,22] 18634033396589566878641181484813072411503
[24,23] -37004780725740178470403693383512933785203
[24,24] 85144317672742734611191381402426813105978
[23,1] -1999358561252
[23,2] -7214648177898654846726
[23,3] 1866304088771515060296125
[23,4] -302457974620678144946146213
[23,5] -15567191282429621221860797924
[23,6] -585198461869597560235943054767
[23,7] 5493160750582896211204906349896
[23,8] 349391478072206297735759121802101
[23,9] 3438992499164645417072434137582855
[23,10] -6629304919228190930011902671906186
[23,11] -216880211984462782608432986659834994
[23,12] -181159410027972949237492198318393880
[23,13] 3894167909180193613708845016202975612
[23,14] 6475807191958802440300455760851251878
[23,15] 3805887772624867415460439345087288402
[23,16] -35090123746419902017136251317449348178
[23,17] -8596892205631174600000389619655366725
[23,18] -898448938288463791051687618518739955921
[23,19] -249347314328506727595616705257775814867
[23,20] -2719082376556776219791741979177779441064
[23,21] 2207856770699105291996924469298020595470
[23,22] -12517675406343072615856468750013797683474
[23,23] 16206715750321481708856702206508254643155
[22,1] 509195616592
[22,2] 8275850838257293102001
[22,3] -1945850567909279325020110
[22,4] 35329269865143801438194759
[22,5] -13342094323411796335361749623
[22,6] -70920088685901381412846043639
[22,7] 11072873375966708109014525105615
[22,8] 308686538152606650815394818583179
[22,9] 980343443454705344696949275453715
[22,10] -19835048282884125653945945885724598
[22,11] -112907105166937264956349792720503231
[22,12] 132334631892145467114391055476507991
[22,13] 2264474017267558293377925483545493604
[22,14] 1840769510168176436166610723303323647
[22,15] -7123030387611033609024173538962765595
[22,16] 2973490956170198149380671940761015828
[22,17] -178253108746001359258571967939615942447
[22,18] -81492554617072552465954474082604567041
[22,19] -700744501089670831409983504686377967210
[22,20] 244885804931088441896131991317513584820
[22,21] -3774716965943201126614483024204688421012
[22,22] 409779940217890903524830096964921496558
[21,1] 1359125309996
[21,2] -7885866915357833251180
[21,3] 1831372713693437290252415
[21,4] -211332617536836391936700111
[21,5] -3584226420312307718161258947
[21,6] 236332481817231424810809402806
[21,7] 13166299907448893279951045691982
[21,8] 106560133538410176772980798896814
[21,9] -790194147057179515613395001151994
[21,10] -17382213739124561002640925651337812
[21,11] -56134565378446881194086552154248271
[21,12] 276764077352023714036583263908931603
[21,13] 919425903201049025764045023719370478
[21,14] -506743755205103130622934041590309903
[21,15] -1349151738129963139505865888792027021
[21,16] -15711812245080595575738017347652699730
[21,17] -12484167099720839640083158216215545218
[21,18] -115542582191339676845119458861385890786
[21,19] 184773605824397177895219391404667972601
[21,20] -959699787713310687237308126644266638697
[21,21] -444490626962549313474631576705003525617
[20,1] 972876779784
[20,2] 7176045275868548985975
[20,3] -1365731552280201924825167
[20,4] 22107575829748415737410536
[20,5] 2544510825479603306240933220
[20,6] 293065368746023486258614509431
[20,7] 6560727407475736856941862374445
[20,8] 1658793797586274449830515110043
[20,9] -1208125445805244507050368589567351
[20,10] -10125445725188925254268059676004893
[20,11] 533601294759392941413536992532246
[20,12] 213641626009072896777408264839150887
[20,13] 409192754580532593266666460840664316
[20,14] -268835978107865594669763261224901023
[20,15] 1478623855384186396608298830925502394
[20,16] 2964268752566755188159545948608815674
[20,17] -357876215226105126282135932998820697
[20,18] 78580144687830389218010085567298094766
[20,19] -130301069788995744705644840794973574265
[20,20] -35138511347866057788055891347001245600
[19,1] 453353013831
[19,2] -5836499997298767158803
[19,3] 893630512524353464486911
[19,4] -9515924316165977795717350
[19,5] 3225728488686247977948290298
[19,6] 190497944249402917851087873866
[19,7] 1210759471999146426487885919044
[19,8] -42743160105080905524402210321882
[19,9] -964150647084168517662194147245268
[19,10] -3416124629782702398554438779867712
[19,11] 25003141984618728292406387412900567
[19,12] 130839484259189430886340046454560789
[19,13] 139037412355955596898062959975995226
[19,14] 702603308328735115287248378810483773
[19,15] 2131542305968242115875481008667337331
[19,16] 4933973371906473180353611602218807164
[19,17] 18788309109317144021538776847718259491
[19,18] 14983667641774023061520322409296697625
[19,19] 36616345064690494711891445259692054200
[18,1] 18116180317
[18,2] 4397981621153405887431
[18,3] -483072317384053876288298
[18,4] 5632723125149282847713247
[18,5] 2503594744151151170264986424
[18,6] 75911089263373514291130486222
[18,7] -755641356817568141334078470349
[18,8] -49804621760004219806353634478167
[18,9] -405140216710634942820800620578437
[18,10] 1181487293761908339033387396020422
[18,11] 20124001255278343607027236651190787
[18,12] 62054232804075889287637273255952830
[18,13] 142392069366834688168067831024425984
[18,14] 575569179358678967997640302278092705
[18,15] 1409614197225049456071427584961751391
[18,16] 2603792055119858868720233737447283147
[18,17] 10003604930875357832022182331686525100
[18,18] 20412284916519584324278031078839299632
[17,1] -227279293420
[17,2] -3005388995063341125470
[17,3] 191333390646809931910000
[17,4] 23335254765034671915014474
[17,5] 1532234141630442386020272148
[17,6] -14430973345595115819950946006
[17,7] -1406272152552154253750432908069
[17,8] -27057979570223160367492436979931
[17,9] -21599002189254583144581482131984
[17,10] 1810553304318221270530734251858835
[17,11] 10402165034973022398871479003028199
[17,12] 27800198920863614691413995066959412
[17,13] 93634257854124397477153940608410372
[17,14] 171843203624946924350260465224202018
[17,15] 101725535145249545937133444864303376
[17,16] 1876543405184257851580736948163853920
[17,17] 5437682822703521824625142197594987244
[16,1] -196410760161
[16,2] 1873795762344906131479
[16,3] -54399645473166339087562
[16,4] 2115517061547700871312835
[16,5] -67127864950052333421877898
[16,6] -22347925395674766570909921392
[16,7] -943198216552730426263668140006
[16,8] -5673010642638245013367612305512
[16,9] 90331052666863911026737117259499
[16,10] 1073750554439119793253862226566985
[16,11] 4360720932537572098549043622882096
[16,12] 9507433865838535125295555811744983
[16,13] 5377353870713395675584075871975452
[16,14] -33220932420360538879652362575631541
[16,15] 101794098873555825649647673479996097
[16,16] 810091177133495459719511446595258950
[15,1] -55195657126
[15,2] -1053601921073410670166
[15,3] -12889564097469769365281
[15,4] -408399736561292276304169
[15,5] -339555302878741287006658291
[15,6] -14245707247537510681720803324
[15,7] -373257184901420046778181907473
[15,8] 2139577834629236659953110155249
[15,9] 72553290732470997224412614883365
[15,10] 437555563497881698940893726822288
[15,11] 865865859535921862420904147882463
[15,12] -1189754795938595575203201527285125
[15,13] -11788686389693681158403241755240257
[15,14] -19458140803166884008372619891000222
[15,15] 54911666846124127096926626218190653
[14,1] 22342188835
[14,2] 531292616237955511076
[14,3] 18696136721276289825507
[14,4] -238566330834319600156083
[14,5] -78076679659385848782687211
[14,6] -10147443083278450318743074335
[14,7] -14518446265229832855562749765
[14,8] 3047564555191780136380563047926
[14,9] 30567065679565935896779078755606
[14,10] 80999364392816537837287825174903
[14,11] -228814339166690030253366736762917
[14,12] -1918648321206574420021112786979945
[14,13] -4685110719683115177454166903092995
[14,14] -5645035082256590014748806872060272
[13,1] 25483909419
[13,2] -237196876408404499423
[13,3] -14357188676660576369179
[13,4] -1337387631102395756352978
[13,5] -83073515566441361002754975
[13,6] -2858664412969194574232542989
[13,7] 78854428326453100709883019520
[13,8] 1464347604877210306332271085659
[13,9] 5646390065190721922123813498021
[13,10] -17208854565189315930737044557954
[13,11] -182894623403448102522922425317692
[13,12] -583418618935420462235527747025890
[13,13] -1436268354454708397333927672330511
[12,1] 9239139870
[12,2] 92431006572060611790
[12,3] 5450223892173647892290
[12,4] 119042817108461522661071
[12,5] -45555420182714305935462000
[12,6] 956593240740161548276672870
[12,7] 42729741465654614585662374285
[12,8] 294788347530995569372512574807
[12,9] -464114588636037782162110754519
[12,10] -11059754772513384069297473496969
[12,11] -43328793403217384537390258574935
[12,12] -124163920091197590379792123635850
[11,1] 618523096
[11,2] -30801326963143013872
[11,3] -1492176977768450978958
[11,4] 168891760024107110164070
[11,5] -8153500423452345811578055
[11,6] 725914676647383677961326981
[11,7] 10641421808716286478376571564
[11,8] 14224596536437309449567704795
[11,9] -336004910574495139772074896511
[11,10] -1734491627385320947086287143482
[11,11] -6458753425039725287041047094833
[10,1] -929482290
[10,2] 8544263441991635501
[10,3] 238212095592066162876
[10,4] 28706238239660488745325
[10,5] 4312771020969942723615617
[10,6] 227435935135537944549287225
[10,7] 1931124845571701902207713721
[10,8] 1876033857863170463961156825
[10,9] -20474400771603106962844425458
[10,10] -115095265364206546827929979370
[9,1] -513663071
[9,2] -1900840521659999687
[9,3] 6052896122907996899
[9,4] 4126577773575758025210
[9,5] 3266759953185999160602573
[9,6] 69128577384032259363414825
[9,7] 481743872789433066520745688
[9,8] 2159280059728415055899898267
[9,9] 8105193056055729840470092869
[8,1] -154419925
[8,2] 322380371587989122
[8,3] 9280293921302364427
[8,4] 3884737921337520451828
[8,5] 784898329078739249430530
[8,6] 15337198421200389166627233
[8,7] 115393892187359451483876279
[8,8] 594897377444345295667868626
[7,1] -31706812
[7,2] -38907950087836796
[7,3] -4033994804689946031
[7,4] 1487018059257716821673
[7,5] 84145355288268324933232
[7,6] 1868112783650478710845151
[7,7] 18694060157216935295509446
[6,1] -4704003
[6,2] 3043129159896604
[6,3] 342500398700022154
[6,4] 281567640188899684226
[6,5] 5333198438085687911008
[6,6] 124877548787366978801688
[5,1] -508865
[5,2] -135601661939695
[5,3] 21499207771919986
[5,4] 18141756481155599787
[5,5] 302941342163162478593
[4,1] -39396
[4,2] 2865129429337
[4,3] -4754016262742968
[4,4] 318987392963566754
[3,1] -2077
[3,2] -21318828423
[3,3] -53587751646719
[2,1] -67
[2,2] 28919880
[1,1] -1
