[30,0] 1
[29,0] -26013
[29,1] 281532
[29,2] -1827
[29,3] -4586205
[29,4] 7932747
[29,5] 16610562
[29,6] -49253571
[29,7] -13003455
[29,8] 125906487
[29,9] -38180820
[29,10] -175730604
[29,11] 103710525
[29,12] 148135509
[29,13] -116357193
[29,14] -77040762
[29,15] 75184994
[29,16] 23089829
[29,17] -30215332
[29,18] -2646279
[29,19] 7587705
[29,20] -577419
[29,21] -1113484
[29,22] 249980
[29,23] 73283
[29,24] -33234
[29,25] 1305
[29,26] 1392
[29,27] -319
[29,28] 29
[29,29] -1
[28,0] 293995243
[28,1] -2359269190
[28,2] 7106839644
[28,3] -7138521361
[28,4] -9173282813
[28,5] 26844469962
[28,6] -11099646557
[28,7] -20139917419
[28,8] 20764732743
[28,9] -19459901726
[28,10] 18715829702
[28,11] 57403943367
[28,12] -87529091486
[28,13] -76815924043
[28,14] 130475630952
[28,15] 87573245088
[28,16] -114149243606
[28,17] -88456606432
[28,18] 55590780775
[28,19] 65223283895
[28,20] -4924353294
[28,21] -27150212844
[28,22] -8972708489
[28,23] 3175883351
[28,24] 3113020225
[28,25] 943648313
[28,26] 135255072
[28,27] 8216947
[28,28] 127194
[27,0] -14787612053
[27,1] 136613003206
[27,2] -337557178590
[27,3] -276817586203
[27,4] 2272908424994
[27,5] -1593668308719
[27,6] -5900154128560
[27,7] 8847466807831
[27,8] 6769568204556
[27,9] -18751728061427
[27,10] -1896340342439
[27,11] 22654489502481
[27,12] -4056738258060
[27,13] -17595291164204
[27,14] 6104501378283
[27,15] 9216395220228
[27,16] -4895976243174
[27,17] -3438776686441
[27,18] 2844239728522
[27,19] 1146228687379
[27,20] -1137150951417
[27,21] -432951753519
[27,22] 234578788953
[27,23] 118581969122
[27,24] -6521255781
[27,25] -9777720881
[27,26] -1361589237
[27,27] -28855522
[26,0] 321641229665
[26,1] -3390230837734
[26,2] 10419363056888
[26,3] -408269999476
[26,4] -44790677532925
[26,5] 28372606330457
[26,6] 116170182365963
[26,7] -67167234745318
[26,8] -278456925828313
[26,9] 113956080061857
[26,10] 539838041370012
[26,11] -196396868895594
[26,12] -721036886295779
[26,13] 260511073876993
[26,14] 642408238988449
[26,15] -221352748699818
[26,16] -383345195428962
[26,17] 117548505755829
[26,18] 153707394263893
[26,19] -38902974563732
[26,20] -41446405731602
[26,21] 7334164326379
[26,22] 7255104564688
[26,23] -475943537567
[26,24] -647942524778
[26,25] -24357179054
[26,26] 8395853278
[25,0] -8990192468795
[25,1] 41471690651454
[25,2] -29571978805204
[25,3] -111526365033613
[25,4] -182343751505176
[25,5] 1153807055931341
[25,6] 494523349104050
[25,7] -5307134797860001
[25,8] 1573438830699035
[25,9] 11402438747365893
[25,10] -6772001860575552
[25,11] -14384509786510452
[25,12] 10439090152821179
[25,13] 12146941566191922
[25,14] -9004748068230071
[25,15] -7439683359039103
[25,16] 4810904166780121
[25,17] 3402243906706488
[25,18] -1598273796393345
[25,19] -1116929632987081
[25,20] 306768271848850
[25,21] 236949057052518
[25,22] -28068972788020
[25,23] -27432449178194
[25,24] 751205304887
[25,25] 1278816890640
[24,0] 205519371017401
[24,1] -431554578001346
[24,2] -726876662763436
[24,3] -435320575189752
[24,4] 11633369947245305
[24,5] -7099686899975512
[24,6] -44349671326729196
[24,7] 48072400525982762
[24,8] 79362771903721781
[24,9] -110445792723622310
[24,10] -91313600299942218
[24,11] 141758664132313101
[24,12] 81939424605699283
[24,13] -117985527989052712
[24,14] -60613574977344563
[24,15] 66558920999721405
[24,16] 34524497634717863
[24,17] -25088095010587203
[24,18] -13825664860830095
[24,19] 5906930806966170
[24,20] 3584281336319782
[24,21] -730542460206775
[24,22] -527635085314938
[24,23] 28745738926852
[24,24] 35077581742032
[23,0] -1222266086337847
[23,1] -148797785211982
[23,2] -4167907264045558
[23,3] 62482357913172717
[23,4] -75593925144939528
[23,5] -216241340744955951
[23,6] 382389017691803494
[23,7] 367471652119247305
[23,8] -847243238271897323
[23,9] -457615301682593057
[23,10] 1167514441905470254
[23,11] 484827702639479140
[23,12] -1081235884205183294
[23,13] -429079399517104910
[23,14] 672515808166261264
[23,15] 291534593078132264
[23,16] -272064981723657583
[23,17] -139934986588711420
[23,18] 66467260503211257
[23,19] 43648770002573721
[23,20] -8197363276044492
[23,21] -8008788869365832
[23,22] 227903181690190
[23,23] 753047327141272
[22,0] -5316965476028470
[22,1] 2361691523411918
[22,2] 253399136113993016
[22,3] -528530588167051588
[22,4] -769324512186676565
[22,5] 2368026759777181716
[22,6] 1132986101950071803
[22,7] -5461985792062098228
[22,8] -1016962010327693408
[22,9] 7951203615675152770
[22,10] 1005006920515282045
[22,11] -7765944020871222122
[22,12] -1458065439325243162
[22,13] 5209437986687792328
[22,14] 1609110557364946099
[22,15] -2363013083867130721
[22,16] -1062384477344164759
[22,17] 685410380304310850
[22,18] 412451741011779049
[22,19] -112511086669775266
[22,20] -91752544680607296
[22,21] 7221231132587554
[22,22] 10643185964469274
[21,0] 1141002189997556
[21,1] 506211391901073566
[21,2] -1714223206752806545
[21,3] -1654807897425638830
[21,4] 9341673027702854357
[21,5] 945950616891033681
[21,6] -23601863480655829582
[21,7] 2461470089486656982
[21,8] 37315080226589160514
[21,9] -2929065173698280380
[21,10] -41204512316058987509
[21,11] -2061221232542529398
[21,12] 31804207955228650453
[21,13] 6435661796567202707
[21,14] -16380240738582427784
[21,15] -5847844742317298500
[21,16] 5195849388582712139
[21,17] 2795054240943815660
[21,18] -869045392509022770
[21,19] -751461819933565439
[21,20] 38478819918806481
[21,21] 109981279493588957
[20,0] 561392365246127888
[20,1] -2815982632347374272
[20,2] -3495651946210817560
[20,3] 26339551968744025061
[20,4] -1887107579707698412
[20,5] -82523705381251410730
[20,6] 23109146397162120629
[20,7] 153599818978593182327
[20,8] -40935402187736610214
[20,9] -192336382917781313741
[20,10] 24840453227550674713
[20,11] 164482385233117291654
[20,12] 12026091174933594684
[20,13] -93889777487173316307
[20,14] -27696452465714213682
[20,15] 33970091697690894910
[20,16] 18029163820932358309
[20,17] -6911073905119502012
[20,18] -5904958034872072632
[20,19] 551427819931874028
[20,20] 1036604312994560076
[19,0] -590417582599674256
[19,1] -9777676295710187440
[19,2] 54821818138241259932
[19,3] -14205374826691854962
[19,4] -222790930354940112750
[19,5] 126601097131298870558
[19,6] 463759229637746822372
[19,7] -241759911425741970658
[19,8] -654473698910815496998
[19,9] 200307705187236372768
[19,10] 661606873824764980661
[19,11] -26615915436489513212
[19,12] -451661222391940007171
[19,13] -89113692611879708653
[19,14] 190876402169020579884
[19,15] 79807069909832753672
[19,16] -43691981657188008378
[19,17] -31949602488291463886
[19,18] 3189786304464617465
[19,19] 6710240792354865016
[18,0] -9535954850356200864
[18,1] 62591269261402324064
[18,2] -19190201158362028360
[18,3] -413946275142855959540
[18,4] 320453783638017306418
[18,5] 1119364362412026418223
[18,6] -820297534001797885936
[18,7] -1887776879207443515982
[18,8] 973025114391933619607
[18,9] 2177910445647710922848
[18,10] -456909478964051076825
[18,11] -1687009357238477939642
[18,12] -186735678763752821185
[18,13] 813124033096634773090
[18,14] 341280937796618121906
[18,15] -215085581656461906936
[18,16] -175386347405802286312
[18,17] 19947376302440267314
[18,18] 44434477498602516296
[17,0] 671870213570968448
[17,1] 118378707172126688288
[17,2] -717070427318895930688
[17,3] 637621009072847186872
[17,4] 2273117388389235998764
[17,5] -2642711649541159085192
[17,6] -3941682394088092545071
[17,7] 3778558374116472810754
[17,8] 5196230801342816390854
[17,9] -2501259946517196782945
[17,10] -5036890143124810567691
[17,11] 184936708797222918739
[17,12] 3086581070884087264199
[17,13] 915956452923561640166
[17,14] -1014242545762278788101
[17,15] -646902567622478590931
[17,16] 118995589607997418570
[17,17] 201158481828344467486
[16,0] 66044794672485899904
[16,1] -497828004538500382592
[16,2] 439328249163096639296
[16,3] 3325094041120925926192
[16,4] -4756431947207491927088
[16,5] -7549459402684832185796
[16,6] 10981045980922686776582
[16,7] 10650742984121690967222
[16,8] -11395160112447764638268
[16,9] -11062063503036896599967
[16,10] 4839932772076636235509
[16,11] 7813936992833186410507
[16,12] 1149421986405655823478
[16,13] -3031267827069679221131
[16,14] -2118927989361346726504
[16,15] 359440190921408146091
[16,16] 888448380097227890268
[15,0] 98320691012663217920
[15,1] -1169623085752969924224
[15,2] 5555685574144723505984
[15,3] -6752875986520402112864
[15,4] -13596611733256891517888
[15,5] 26184474940243007455432
[15,6] 16777443306194802938420
[15,7] -35892477638187198464230
[15,8] -18303390203088841406237
[15,9] 23927081699626321772254
[15,10] 16972475703981212225302
[15,11] -5042816072813345323613
[15,12] -9276149430050827682373
[15,13] -3448541590270828775763
[15,14] 1847903661521463136487
[15,15] 2529988987704432467198
[14,0] -111085656991200240640
[14,1] 732497104865592722432
[14,2] 1609279435063961867264
[14,3] -20478316612000450839168
[14,4] 29786091193102615159584
[14,5] 39816608611066271860224
[14,6] -83842265226764457761688
[14,7] -35604089862082937338020
[14,8] 91747117075857661546296
[14,9] 24179195090866008835513
[14,10] -46714688620902629952896
[14,11] -13384726856670257854502
[14,12] 5666934600679892782543
[14,13] 2463359702779964725933
[14,14] 4838657776225118354788
[13,0] -590373243648950668288
[13,1] 4312653201989356252160
[13,2] -16427162910508296363520
[13,3] 18712291347764756414848
[13,4] 54704567367779623329920
[13,5] -113028473524388661173184
[13,6] -64778182266387368660368
[13,7] 192476056709348126170672
[13,8] 45726383110453958351784
[13,9] -156002459752241002912678
[13,10] -27686937199058565050454
[13,11] 60027753991644784402846
[13,12] 9743499378742519097535
[13,13] -4737669449220063275992
[12,0] -119897913492114384896
[12,1] 2595193895982427768832
[12,2] -14479070265847320749056
[12,3] 59059728650454128514816
[12,4] -78302188690820645335424
[12,5] -129548482039072206796992
[12,6] 296219711381175995776032
[12,7] 99756206904475807861568
[12,8] -380183176310243329289904
[12,9] -35712276203006950927348
[12,10] 239114142445524893883422
[12,11] 3522062706670158989959
[12,12] -71501093644799088933234
[11,0] 1897657650308899475456
[11,1] -9060259109442831886336
[11,2] 20076151739440725684224
[11,3] -14096548391793479215104
[11,4] -116031992231120565637632
[11,5] 240250334218496785122816
[11,6] 158004863746513230481984
[11,7] -525754417867562140481504
[11,8] -89261757804794772559040
[11,9] 510651168092624845861760
[11,10] 24989495524794129534968
[11,11] -253309286626564817651632
[10,0] 882805857211136786432
[10,1] -13340467209355783192576
[10,2] 41784406532185474402304
[10,3] -80512029844288031249408
[10,4] 84776014572541096140800
[10,5] 221946934948457200771584
[10,6] -530548283188624681835264
[10,7] -172015323768979863107840
[10,8] 821388342476270978081824
[10,9] 31461948789690206530320
[10,10] -612703818090744487649696
[9,0] -3656439735663112683520
[9,1] 12677198042010658193408
[9,2] -339614914349604032512
[9,3] -26863828637908403298304
[9,4] 110668407065231166247936
[9,5] -248110485506462055831552
[9,6] -170064650714164133651968
[9,7] 747887157557955445200640
[9,8] 58269097067942108302912
[9,9] -867382679031188118402112
[8,0] -1842461798925088587776
[8,1] 26712131307743287705600
[8,2] -69334488336665983680512
[8,3] 43004777725038598885376
[8,4] 13031268836944190609408
[8,5] -182307211900389727891456
[8,6] 464645532929186591168512
[8,7] 113212968594207616711168
[8,8] -930588777707247682006016
[7,0] 4403365714379602395136
[7,1] -13629260756003949117440
[7,2] -23544076513894292258816
[7,3] 74347539131216557096960
[7,4] -22735435385183055691776
[7,5] 67892850963829495482368
[7,6] 23327771353190949815296
[7,7] -506749798316892950951936
[6,0] 2143650863951896379392
[6,1] -29630447889052511240192
[6,2] 73416254915029491515392
[6,3] 8508792790357031976960
[6,4] -132423543297964009078784
[6,5] 59680424286652969398272
[6,6] -97984728473241489043456
[5,0] -3658158248996460560384
[5,1] 13162050116627514523648
[5,2] 19002043742968005787648
[5,3] -79263680079898763591680
[5,4] -16773612017944394727424
[5,5] 93716342809345510670336
[4,0] -1352912067829491040256
[4,1] 18332333906114985852928
[4,2] -47685997055777800454144
[4,3] -15056304052708065673216
[4,4] 135059898227038289395712
[3,0] 2215739473840467607552
[3,1] -10282974344207510011904
[3,2] 173427160301606797312
[3,3] 43720631789249382842368
[2,0] 171541830019487629312
[2,1] -4376177606726632079360
[2,2] 14645710690092222251008
[1,0] -730251906861376733184
[1,1] 4024255149175797186560
[0,0] 191359029674097246208
