[54,0] 1
[53,0] -5521381
[53,1] -1544916292
[53,2] 12150035456
[53,3] 20083276485
[53,4] -390014837613
[53,5] 675429317511
[53,6] 3190768029769
[53,7] -11433332185022
[53,8] -5358364855676
[53,9] 69766255785287
[53,10] -50033121245263
[53,11] -219563188672657
[53,12] 340580904949928
[53,13] 368086059974030
[53,14] -1055033467718962
[53,15] -186057074955660
[53,16] 2046175694133627
[53,17] -600738341124270
[53,18] -2721664067237007
[53,19] 1730407924388673
[53,20] 2560483803946665
[53,21] -2488148701423132
[53,22] -1684075937718082
[53,23] 2408784795991517
[53,24] 703806926075888
[53,25] -1696207481118823
[53,26] -95012312713567
[53,27] 892491524695459
[53,28] -103177419744863
[53,29] -351889110476930
[53,30] 92417096716781
[53,31] 101924227976021
[53,32] -42594925120804
[53,33] -20380385246464
[53,34] 13104787669577
[53,35] 2255876613146
[53,36] -2803225934610
[53,37] 70878478923
[53,38] 404029650456
[53,39] -76505832363
[53,40] -34149691029
[53,41] 13829902203
[53,42] 644545561
[53,43] -1219174052
[53,44] 181415290
[53,45] 39055753
[53,46] -16922900
[53,47] 1613797
[53,48] 299132
[53,49] -109657
[53,50] 15476
[53,51] -1219
[53,52] 53
[53,53] -1
[52,0] 2971704022326471
[52,1] -43485138662818400
[52,2] 275908873123913354
[52,3] -946619771047773877
[52,4] 1638698886463710496
[52,5] -61277631024920967
[52,6] -6000442731913326031
[52,7] 11230199463777551586
[52,8] -1718861549845616141
[52,9] -23390211134591061323
[52,10] 31576466263433121831
[52,11] 7741374058054446677
[52,12] -58511486694865765946
[52,13] 41113281235745846598
[52,14] 48856643365745361044
[52,15] -94178630974772742062
[52,16] -6776901994677902752
[52,17] 138430605530774984268
[52,18] -40279561768401298340
[52,19] -202338032127226104595
[52,20] 82865838631910098383
[52,21] 316404127124492946930
[52,22] -123532213377649324109
[52,23] -469304114802473779171
[52,24] 143150083036693798651
[52,25] 606443435564395912101
[52,26] -104837943007178475484
[52,27] -659319279037956514591
[52,28] 257770377534633285
[52,29] 585458995632145644106
[52,30] 120847272392657979025
[52,31] -403808950560044345337
[52,32] -184301632961266310890
[52,33] 194728174198335350692
[52,34] 160068261880301537469
[52,35] -45854747479349846452
[52,36] -87356658894843986279
[52,37] -12741504240212151073
[52,38] 26573594209804208937
[52,39] 14410872838417955475
[52,40] -1618769186840626203
[52,41] -4209447695070523887
[52,42] -1474438361904179413
[52,43] 109069449736154646
[52,44] 275453311294293952
[52,45] 114973817281655597
[52,46] 26832173608143591
[52,47] 3928138492498063
[52,48] 359269810932993
[52,49] 19173671785381
[52,50] 516143583752
[52,51] 5279781083
[52,52] 10799015
[51,0] 2185065278965232071
[51,1] -32775302843001146064
[51,2] 145608058103032172378
[51,3] 82519920766541618043
[51,4] -2801535461057564700352
[51,5] 8781030701872143070191
[51,6] -2374957929050433938994
[51,7] -45977366328542386252153
[51,8] 91043906358217946387428
[51,9] 54478281056259937191995
[51,10] -390605582136788811211613
[51,11] 256649157350077097977613
[51,12] 825350125041287731859468
[51,13] -1304603379475784695820198
[51,14] -861219243351597638248987
[51,15] 3092097252371045793118804
[51,16] -142429900181076960553070
[51,17] -4894929390317043746234403
[51,18] 2130749185562782200867248
[51,19] 5814142813179396848497273
[51,20] -4156415221134284192395125
[51,21] -5585101784648537204232709
[51,22] 5144698946380998899674716
[51,23] 4641707699213522734707794
[51,24] -4728897143622303645409224
[51,25] -3529695617754552908668454
[51,26] 3359057031412808742075050
[51,27] 2497565461681939823501072
[51,28] -1819284932373435726663355
[51,29] -1585006088720000033832026
[51,30] 695349617071299780227319
[51,31] 843153606459771949698559
[51,32] -139275870285874386137110
[51,33] -349943840171651041806200
[51,34] -22718258275490506209380
[51,35] 105456088976915773359518
[51,36] 27905460787053582042560
[51,37] -21148579998504225682862
[51,38] -10140427875434952328350
[51,39] 2411623289425054413624
[51,40] 2114033540963665068312
[51,41] -49674515385040842150
[51,42] -278035383535984846869
[51,43] -35187058547210337652
[51,44] 18273346863309141700
[51,45] 4931386802072145455
[51,46] 319177602161312
[51,47] -62650310222065019
[51,48] 12732585847969966
[51,49] 3538171945292979
[51,50] 173342380401092
[51,51] -6071329587161
[50,0] 1029546409383593781979
[50,1] -15349419173427231345332
[50,2] 82019781843118792743016
[50,3] -86560003173641311123502
[50,4] -760752199213359508303628
[50,5] 2508716892315714774390928
[50,6] 967553514621362154653012
[50,7] -15505795268156954882632909
[50,8] 15273161518548628224679973
[50,9] 35679122081030948541425320
[50,10] -65895839921186411633652305
[50,11] -29699696735812973559919448
[50,12] 83665395695927595152807132
[50,13] 50625775654819060170815948
[50,14] 67452333817401150395601593
[50,15] -391740632415678239558345540
[50,16] -307782953682853081470170246
[50,17] 1336055102559032892583598503
[50,18] 230779565249968537394572801
[50,19] -2616521819805508563958357640
[50,20] 408229444987435398623320009
[50,21] 3452934139897593615420545445
[50,22] -1238144768609866389111132171
[50,23] -3312494795180162583650391789
[50,24] 1630668790675927616859707350
[50,25] 2402528111577910250568579355
[50,26] -1389508478730237972671013317
[50,27] -1339790197002106437945745721
[50,28] 840055090739857772616368350
[50,29] 571171560160007058393333676
[50,30] -373034353092255785335060802
[50,31] -178764459591942053525852912
[50,32] 124649341637540562817841311
[50,33] 36481842957347313159108824
[50,34] -32818596772090182654747361
[50,35] -2895949712958538904360740
[50,36] 7388587268260764785421392
[50,37] -658625948005518514418419
[50,38] -1469074410282683081571166
[50,39] 206779006410421259924131
[50,40] 223183101766152173146807
[50,41] -20892944663991334741865
[50,42] -19391352113347921700473
[50,43] 1864179040552316123240
[50,44] 756754266436497268823
[50,45] -283022086985470482372
[50,46] -23429396075720415600
[50,47] 19715581733768699028
[50,48] 850964027929242955
[50,49] -428868489952320116
[50,50] 19014050913375103
[49,0] 352713960066539915622731
[49,1] -2664020679213761708044296
[49,2] 7271553308283745246681138
[49,3] -9486999921123393421144747
[49,4] 367488213196891169703579
[49,5] 119878291009750963135113529
[49,6] -481068457957159613891645353
[49,7] 71297101034644857792206858
[49,8] 2726887778682278167367300111
[49,9] -2232858511259623301571260541
[49,10] -10952640331100120598732689269
[49,11] 13088359831346066899799053636
[49,12] 34396479723311424834579819766
[49,13] -54846879093901317257471800767
[49,14] -73563580433043146251522622413
[49,15] 159089628016815900580124107143
[49,16] 98073934814868687389037685823
[49,17] -321263947112121493637584632392
[49,18] -65856335477032938111145077282
[49,19] 469653545912439708539657485781
[49,20] -19946006693605881762869595122
[49,21] -516466871376641038222738878523
[49,22] 101504254983332358971445785653
[49,23] 440439981741338030839338043437
[49,24] -127586292061259492196886127788
[49,25] -298005650205089069742242154990
[49,26] 100627937229073673291591080072
[49,27] 162632647991223300015342662448
[49,28] -56930152221270349129306240384
[49,29] -72423513082715669188891464644
[49,30] 24265780909772197067707471425
[49,31] 26546964062712774956989020494
[49,32] -7979394633799216878982825973
[49,33] -8064392513938129250007456013
[49,34] 2038028861949636719531869028
[49,35] 2031511235975935710725203202
[49,36] -396922122196282476569078630
[49,37] -416285558878655735811969474
[49,38] 56199962328777693167596097
[49,39] 65800757345593576988354262
[49,40] -5720317518089011295039794
[49,41] -7452894005976472550486441
[49,42] 512064410619587174030210
[49,43] 565127784617081480140367
[49,44] -49897455627648620210392
[49,45] -27025408464443756371535
[49,46] 3216165020309273149220
[49,47] 558650462936125903749
[49,48] -85218016949843712784
[49,49] 4849218971633401047
[48,0] 84669534837068695319460267
[48,1] -540159359131469021669153692
[48,2] 815432136051389943262009324
[48,3] 1793529117285596786404458068
[48,4] -4758861206959287100996076272
[48,5] -9588842155930212610186131392
[48,6] 24865368815056227943824307383
[48,7] 77916330880955395081855406819
[48,8] -212769670524200757281262366091
[48,9] -312574291939989189491008552516
[48,10] 1268997878660708492466518205003
[48,11] 313634363972520944910263626987
[48,12] -4375154620250324664114368224857
[48,13] 1639480104065698093595996397205
[48,14] 9552201798442048752709916942882
[48,15] -7429880847724831336207817476067
[48,16] -14348123179262309050508462046450
[48,17] 16033191826103989018764690362449
[48,18] 15780797174896702823813871810550
[48,19] -23034073944283202548066777717134
[48,20] -13436010647330847103144930761611
[48,21] 24452893441807971343031564864982
[48,22] 9425866629934162501705979312027
[48,23] -20211098205979762978233071743425
[48,24] -5851276018393789574725905104073
[48,25] 13406930173388035901796141468242
[48,26] 3392134038253946023646326279444
[48,27] -7258213178206736206533859562874
[48,28] -1833375481815466649737909196325
[48,29] 3225452920699614978866587564810
[48,30] 877855317750910806587452233652
[48,31] -1171845715963319858132408983245
[48,32] -350985324714954269559948080969
[48,33] 343731356939522861052876876933
[48,34] 111886867727891216670617216720
[48,35] -79755150865182064438182787714
[48,36] -27374242124986692698054775263
[48,37] 14228507969875622988449007304
[48,38] 4919388434238167565741587168
[48,39] -1885329376077832303452004014
[48,40] -605615607746681159083735977
[48,41] 181948508020773700284474319
[48,42] 46020327090443100421202726
[48,43] -12724063153165967112930169
[48,44] -1759799129839016919424240
[48,45] 585951887413986562428702
[48,46] 3063243908514921140719
[48,47] -12122318702350250453676
[48,48] 1571299494984154420107
[47,0] 5331367188317957200352753235
[47,1] -31058103572358069699506251680
[47,2] 61425269974047122559972791742
[47,3] 47696766308964237392962036171
[47,4] -584764257788039910198210328847
[47,5] 955504013299242024294326312011
[47,6] 2366821117373587872033500917268
[47,7] -9879646388460232133055953524726
[47,8] 1220639380591053097827230293571
[47,9] 41709715467558323825240084010292
[47,10] -44684317751862214888569881212994
[47,11] -92443075913980909507474382422139
[47,12] 178707167449217508195322938743065
[47,13] 111659882714811207835363412785339
[47,14] -402068985530332122569152607378093
[47,15] -49723282477309045457042331060062
[47,16] 631165741241589626026018015448266
[47,17] -69263122198694523186490207183667
[47,18] -765502623970443428324119157763294
[47,19] 166484584667296100393794871780607
[47,20] 760328536542509645587452181814016
[47,21] -190711501813793384677192193278225
[47,22] -635781006727351700535389786426572
[47,23] 152257586347872342665726183480225
[47,24] 449996532816291883045676565536000
[47,25] -92111264393275125532047942341443
[47,26] -267716623705445128480682513078305
[47,27] 42869206949264687671705369088359
[47,28] 132264391417880535420220629606625
[47,29] -14958927132677128680439583718848
[47,30] -53459031549345810417994153141027
[47,31] 3596661639438653501699965615199
[47,32] 17346991199301948196246419351635
[47,33] -437154169900321637024510736690
[47,34] -4408035912576542936255849736009
[47,35] -44755983413356437946282303551
[47,36] 848889652499777581880178323585
[47,37] 28978755512994881966536486850
[47,38] -119146468282171969663378232725
[47,39] -4913374377988549786562437539
[47,40] 11620445706782360820086466843
[47,41] 286822113478583332364422674
[47,42] -739186389154899611626464889
[47,43] 15772000865720446732515221
[47,44] 26683312336075855239409829
[47,45] -2700861884467639042718984
[47,46] -243481885984829652319970
[47,47] 91056254549191686035473
[46,0] 147136739153804621337395313537
[46,1] -672953974209118633151192667924
[46,2] 1303860025404606775349515596984
[46,3] -4768812288162562303425815839234
[46,4] 18634597192091478254437136787702
[46,5] -1879590771873106764348768914366
[46,6] -157171801258017096136143388191402
[46,7] 272890401431572967839534396601758
[46,8] 353071546144351419628674377713508
[46,9] -1331501977584000294881798464935323
[46,10] 21962935585016254253339155490536
[46,11] 3333298907613241885549984790098237
[46,12] -1662188189286591973422555642922352
[46,13] -5817360830238067427440127110509632
[46,14] 4381556332749329019252236436051310
[46,15] 8367422924609610158928109609610665
[46,16] -7304588800859480610081766684304426
[46,17] -10586860837652437901802932411970767
[46,18] 9475595593405495449211770331085502
[46,19] 11588872702181087748225950188364838
[46,20] -10005154679577184426090101630260418
[46,21] -10624726461908517093232792556254674
[46,22] 8556834104241725358542358660503002
[46,23] 8037100422215436792163243056483950
[46,24] -5865463399624078085512720846423776
[46,25] -5007373650203602018168457874783917
[46,26] 3203656893558776901754371105980867
[46,27] 2569960339949816181439916615075341
[46,28] -1385719699719262231933090690275923
[46,29] -1080582778759512822555947511406778
[46,30] 468345246010555798898162856760535
[46,31] 366646411887239378856215697449633
[46,32] -120620300906156069778624567144724
[46,33] -97891488001860965299369538964947
[46,34] 22719564172086275065048782303335
[46,35] 19857370327790787523985253672837
[46,36] -2918080437196087019968659405623
[46,37] -2907425450424823721325007684614
[46,38] 229528728182597442534760056125
[46,39] 286542966716854125016638402211
[46,40] -9552245629948272666718402492
[46,41] -17227973722258182138383383659
[46,42] 252461029427761325867514969
[46,43] 528024153375555419273944762
[46,44] -12586798225653349689753250
[46,45] -2297537304867214174820125
[46,46] 432650918298559560484695
[45,0] 951359726902029626296743201717
[45,1] -7056462698604090899493805511424
[45,2] -29568460308674940463115990402814
[45,3] 280238504842623088118467408558351
[45,4] -515785735029995552798170545173107
[45,5] -803442178519899842794567146435557
[45,6] 3850764514035833598641768604677081
[45,7] -1521910023084956841654865288354410
[45,8] -10657084102166850551334964279093297
[45,9] 10503582774132722448868051175201905
[45,10] 20879580617460238444342462844585656
[45,11] -27421599390693835994671487649427592
[45,12] -41429216654516197148727337005308868
[45,13] 60353084134819684353521265793320970
[45,14] 74894769489863753230105474041311272
[45,15] -118352351915169295250653503546953388
[45,16] -103959522779438684857810618786205909
[45,17] 183307234398419195426752147892444332
[45,18] 110007843260201628152324223081776894
[45,19] -215035474319406699277305367597140021
[45,20] -95142474384297846917507442613471680
[45,21] 193546011657230765767709312767250783
[45,22] 72146180645992945076814596627836710
[45,23] -136623954907225106640938467777228579
[45,24] -48830070848656696132130806710863005
[45,25] 76667842461183243334591868833008903
[45,26] 28509138858628143530438553782020670
[45,27] -34236935998243507166935716799456180
[45,28] -13751599629366869441380499057903438
[45,29] 12021061073185706890052585279594686
[45,30] 5319895973106721887762764193362913
[45,31] -3227865300618848092992345309577168
[45,32] -1611325486418649994979347028720065
[45,33] 631619759181960349066163501632823
[45,34] 370832412172700547177183095400205
[45,35] -83140655445530106350304558699270
[45,36] -62562243257689947493587960636660
[45,37] 6121784334456749754704631763915
[45,38] 7377065843519623412106973935011
[45,39] -80201839614235436846945419225
[45,40] -571394120585118334304581734740
[45,41] -18166295744240889343144010286
[45,42] 27232801743133201379046022070
[45,43] 467783764234929351800237190
[45,44] -674619462724584869702724064
[45,45] 64113184323867199507444132
[44,0] -37493794397478769544303714373955
[44,1] -60750686390025663617780097187612
[44,2] 1585825270359749339279419515744392
[44,3] -4714111163307991070860668975398370
[44,4] 827185531815051735950620205565372
[44,5] 16121703121181549495559177465996222
[44,6] -11693381243999009786947832548945963
[44,7] -42826275341787139493293822470529666
[44,8] 22384784537406587303386560683203175
[44,9] 179075155286868583604525268026656865
[44,10] -151851703124552981272915176421217848
[44,11] -475630466007139443653092335174470965
[44,12] 647885107885262800921763228103072287
[44,13] 706185436028128586924509772900330261
[44,14] -1486786197113048649235144338701701300
[44,15] -633253192195018294341614718607363600
[44,16] 2264642346536133533825216511687606416
[44,17] 379955251046874940805673331520042531
[44,18] -2619396231713888555377440230839107900
[44,19] -214270452931662962397790446448578678
[44,20] 2466502563248662402763003309398526871
[44,21] 195614090445975377534074945792033500
[44,22] -1915270085156065190570303408042478750
[44,23] -213693155679095384475603644030800170
[44,24] 1203381470354559226166448093917396385
[44,25] 187209884421140890747203732540136926
[44,26] -597175189137680980209583501913844378
[44,27] -123041162145152946653101938072159311
[44,28] 229444210499794512852940235643541243
[44,29] 60944017309129454342569215682587610
[44,30] -66925184441181373148382605336671420
[44,31] -22745283215721033603790677850394389
[44,32] 14385733731556376911561405637834699
[44,33] 6295676870978114904899689740597465
[44,34] -2158698327920179972413047106933282
[44,35] -1249797757017651779206080643555359
[44,36] 204482875754876970159807958654244
[44,37] 169355474682472970090373120922703
[44,38] -9732041230936066313169531492721
[44,39] -14509314842879882500505669746798
[44,40] 93563947708199825991257393657
[44,41] 677337255532262436977590815662
[44,42] -5509461374613616083960939234
[44,43] -8239238239532647648791705969
[44,44] 1272229378113078738954857970
[43,0] -295014427280170610989906678899675
[43,1] 6101753180489377152511171883445808
[43,2] -23473805106297727921835326790198494
[43,3] 8070263449113092978658326766125329
[43,4] 82814537642483257052605437907479233
[43,5] 24118636317434531670252473127372057
[43,6] -533585743837693329331909915859676482
[43,7] 210577870641763896703445521633236936
[43,8] 1933953656672259937419844219037034758
[43,9] -2051835498729330708008685568080018612
[43,10] -3568983982780590063534430798978684817
[43,11] 6194403442781378701022303547414656024
[43,12] 4131072696678088356857542490052650582
[43,13] -11720262697954878315623096832487912891
[43,14] -3530816112635865514446672114494624512
[43,15] 17714244011592548171067836514484058263
[43,16] 1877864502791548377710042698550414613
[43,17] -22807043319063630244374572310974952139
[43,18] 741146399954991207212276844231960796
[43,19] 24272921281297172547250932276279515168
[43,20] -2799987036893130016188311802358464177
[43,21] -20702793744294852565306367409176638044
[43,22] 2752330423146999725068536196309700160
[43,23] 14014517317784282162462609622403435869
[43,24] -1253484116498614541462185034397497473
[43,25] -7498428852758364675375054471189488711
[43,26] 12674977675079639200518519753394812
[43,27] 3138581027299302855946299187714910220
[43,28] 339905862918880782882894915023392067
[43,29] -1009197914901180975751803403820934320
[43,30] -226002158709845620904052931423466800
[43,31] 242417307637468558698025806107534837
[43,32] 82375832869365683661518429699122313
[43,33] -41503134634466984118787617288751191
[43,34] -19275640092860935279601247949184616
[43,35] 4628057191313268562823429586995328
[43,36] 2946214859196564959263235660899758
[43,37] -261178655034419986337836485862880
[43,38] -279476167036929042128984232666121
[43,39] -2487068611461290475781909499564
[43,40] 14398083001633098131245531303881
[43,41] 1160846949849169538164123004273
[43,42] -253667685161743067217649613686
[43,43] -51425873278120703732366978072
[42,0] 14272792405257341919191478556519737
[42,1] -98471906998692528349122497944714236
[42,2] 171496181137650055819889406678785744
[42,3] 239609316699590419400358556389265446
[42,4] -560062531249170348240360542064713054
[42,5] -1699243044115660126543685070154326906
[42,6] 2849771109413834343108597944812150316
[42,7] 7069507875988799380277021300372940700
[42,8] -11843037522784085954657001125791508422
[42,9] -19731815085355601799831952506521091125
[42,10] 37577168014847161258154032152786730314
[42,11] 37530085957425376623060112348748418542
[42,12] -92123287380143861297624320544876467245
[42,13] -39889032839144403177019459180030119055
[42,14] 163195014479667429879527854963205874773
[42,15] 7498368824751925555223708628111010515
[42,16] -208040884391490256118283782595009234905
[42,17] 41024984852300113264199995049149918673
[42,18] 200479263587307026372434703991266340764
[42,19] -66476679892866213611319594148761317921
[42,20] -157456797758565551435840263664122769940
[42,21] 56243464116137194591353606992678230427
[42,22] 107629066537789600428948245968745044710
[42,23] -29470873169872514637125307081228949710
[42,24] -64522768837438912819065081331424888157
[42,25] 8120304326876179982810798521305035000
[42,26] 32158562443034580232063318922864351676
[42,27] 883159789075068195768187258698444820
[42,28] -12410189365625585424965566788908625009
[42,29] -1987974127784988315976840652950060226
[42,30] 3484156978285076319434748586386047117
[42,31] 965581888423712255020284588158508761
[42,32] -670102428938659874112122998635462076
[42,33] -269111403374819501197780365599063304
[42,34] 79855277882177197034441108366619273
[42,35] 47480897563937908745872992403658916
[42,36] -4224105800807386295380696370463034
[42,37] -5242389313565727501716242274190831
[42,38] -189278364328099609666009175049361
[42,39] 328953449469245768559384024602835
[42,40] 37161624464193098561355880468573
[42,41] -8251898431357612223331883144285
[42,42] -1393557751611552237524665792922
[41,0] -160145630535596746806736974827057351
[41,1] 962008498197929689671567287411471944
[41,2] -1839300777036667757030501544486204218
[41,3] 635892214882065315031379854260579303
[41,4] 845179097802805473977349125743701453
[41,5] -4709785611786269914007105259397821609
[41,6] 32618627825769568470805467652961450339
[41,7] -41154801864061763578112570008437712834
[41,8] -112550040831981861149627881502593884709
[41,9] 255357499252122080586062453912296848407
[41,10] 142360342342384311895029221270036532674
[41,11] -659853006296948595611159828175758478298
[41,12] 5166090477841116101519510554318280905
[41,13] 1061888946448162594972544451705150344626
[41,14] -266805793464384676041087839850008007197
[41,15] -1262467953188505796269004213152306668095
[41,16] 448477074633735655225416706739794215545
[41,17] 1248343503738338852692818856087369887752
[41,18] -471756899866556461801978671090320345130
[41,19] -1089815912912799984068234071816058146857
[41,20] 387795808133531467704323377347717307236
[41,21] 837069366876749343598486823282823640027
[41,22] -254845889823765177277167521178839738177
[41,23] -548355208918104594191351764313084922239
[41,24] 119488060247278499709719709053754682106
[41,25] 295449627658023613209453383795816242490
[41,26] -28174277467694766870674812087115239696
[41,27] -125216456083711502163487711865957540400
[41,28] -5999765194333565555661643950550158393
[41,29] 39509692624585343587419721800357376632
[41,30] 7782972109528988649096886817773432347
[41,31] -8667099853111752228748130620388528079
[41,32] -3076600049013223424728935988182624333
[41,33] 1193472953265728138527509012268648446
[41,34] 676347304013844026994520022840420283
[41,35] -79538142755410333322881117983061635
[41,36] -87865904441081213727851153015099304
[41,37] -1864865019858528091171775312801718
[41,38] 6196268494388959197162266465151528
[41,39] 701499166045830955315265628950300
[41,40] -147348278523676031104240861931023
[41,41] -43455781061517845492121536366278
[40,0] 812110637602140165096549091335740057
[40,1] -6196094349820403735471884738973205684
[40,2] 18289040292530666253615943519433263204
[40,3] -17933542938567269306173097621397814100
[40,4] -47648879517015053653224420699625126600
[40,5] 185673045075544957289450399095930918296
[40,6] -135764666829960462175038600480802491461
[40,7] -479780124135614228676202909358083377960
[40,8] 942442482385963860038500230843108181625
[40,9] 561563695748946804943766791546475975599
[40,10] -2639453394679780075771925678840372715294
[40,11] 15483245612888903275203790889009576474
[40,12] 5063446896612606025509059106656912226298
[40,13] -1453261783292653845725000183973171470807
[40,14] -7354478174377108581960180404832965288018
[40,15] 3304155228049257103478190627487438686932
[40,16] 8250851967048592269396691651096873873082
[40,17] -4443040647069824502554244380106865874077
[40,18] -7302311853250414453667346548857633580610
[40,19] 4094083837358402678644982015372828314947
[40,20] 5339483431828020995071076475894118797273
[40,21] -2675724399142985832395318456888916289505
[40,22] -3416088463310575881333744353291682544355
[40,23] 1201628758542611533518839112591026249722
[40,24] 1950934200901126082331971463870701653361
[40,25] -291104314516635197004074832785805356965
[40,26] -946872611428484200392080378230714070008
[40,27] -45326046968519020387898161311530560770
[40,28] 356505579539797326255519455611402587981
[40,29] 76409420932276090078212280590957902184
[40,30] -94113267712724275573001779605075359303
[40,31] -34158583627915006659740945945551075768
[40,32] 15426977873551065547508539175233604916
[40,33] 8403358228178430645438988692350540241
[40,34] -1163858769722273119421655327238388790
[40,35] -1194749038241647159748350235688863049
[40,36] -46622853425344989554772820646213757
[40,37] 90939837873192756420469061328379686
[40,38] 17027746039091105931300879131076918
[40,39] -2290228839321660470849700787056344
[40,40] -1301194303796000321291242929252834
[39,0] -53709055318768923306721998191809839
[39,1] 11407997492343678367629965863657864640
[39,2] -44230102300361696498321206507545670406
[39,3] -67237315230294114207311487100423876095
[39,4] 566739606305423508042726923898665297659
[39,5] -483759124383975819067473037739861861631
[39,6] -2164098427730274194246722086733271287708
[39,7] 4283584443914074796099393816729438848846
[39,8] 2941731665043624788412636214671671627558
[39,9] -13690920281476365637638938298502029704756
[39,10] 2312869785481585290037085731775380596379
[39,11] 25073548630617813888200813007047162207648
[39,12] -14759010884119323246511723724137969322034
[39,13] -30986548221679474835320818740695253079959
[39,14] 26063073938249530786274464001165369618749
[39,15] 30158835809314346599934428119280423513201
[39,16] -27545386937397418601653091180562683087671
[39,17] -27568638402762034244577118964038949627962
[39,18] 20401132771026276361802142058704003926062
[39,19] 25190334842786187595197479476229672921091
[39,20] -11584529588408248216451382322987474874853
[39,21] -20899348555836771299057865955701186322653
[39,22] 5239137240342976602598997205358507643710
[39,23] 14309840972409692181530946432008969999314
[39,24] -1601823024336616701895869297428709445484
[39,25] -7737892030197189138317121393406856883484
[39,26] -75991406086939435564696880390018808763
[39,27] 3182209091479458915955242146244064406344
[39,28] 451605789681720629104574773392450308622
[39,29] -932488837136429138803824858521255934423
[39,30] -274520119798572845154307813124105660470
[39,31] 172455737292877734066603406708696135333
[39,32] 86938653444680982488983819635038255289
[39,33] -14312774489797061520995968183250622207
[39,34] -15404950794547224508631893065431100090
[39,35] -784710364938655831357344043529211930
[39,36] 1457465663192168881460614945519445608
[39,37] 278537695475459962747649490294772176
[39,38] -53061359501698058187531786994428744
[39,39] -22602188336113492159945541497249770
[38,0] -28863954935718263758747185607201255478
[38,1] 201325180011222490598897764928290985668
[38,2] -681511686341054960832523593103800269288
[38,3] 1383400303869846525651775663615938726482
[38,4] -308918541205839908427914011521443313430
[38,5] -6986402559106286104270754413211986559026
[38,6] 14110558337565240352884505603897210220382
[38,7] 6263228572271325305852711595897788290770
[38,8] -46588960422692223133359466565620585756998
[38,9] 18232048574417080148433807722579650293125
[38,10] 85089099554886899292151260320162665834520
[38,11] -63554155241095028056975935390616024782472
[38,12] -117467997548811347335040362801073463154702
[38,13] 107786122587612801403626145183656337648397
[38,14] 143009232476292355350150702698176446572495
[38,15] -133452577836393376820944586874579366114200
[38,16] -155399519304321132285504962821503216946388
[38,17] 130891587408627851839481608132492555737724
[38,18] 144053783080362103888608173028484914459805
[38,19] -99427283688369182822334085009951994447396
[38,20] -111992568699647469645013380848120323023968
[38,21] 54911177127482824590421104368947574143384
[38,22] 73708791704889491407498828042030128176734
[38,23] -18965357700382095555955498510630329670655
[38,24] -41041095889624704114215601645981905153469
[38,25] 926016188464561467782033821660659006084
[38,26] 18633672540735763912526070142408656509382
[38,27] 3515417400903127212822093586763596514286
[38,28] -6369823289955499237767657453376652253069
[38,29] -2427474233091362771337398794596962909469
[38,30] 1425635830694069061348540146921229943152
[38,31] 861676532601255881560882467880277162880
[38,32] -149688102976352797222210518045911348367
[38,33] -172423510922015939313085810504614907183
[38,34] -8001958970788830838702418122186687702
[38,35] 17557480941411057903528731729495703983
[38,36] 3797754879539789212147814687282473669
[38,37] -553616081886913807081419550906860914
[38,38] -387407934067546544198005227471351176
[37,0] 175366907176238520615977021457370111340
[37,1] -1616608579144987956824462509343645408412
[37,2] 5179758003952629332212239860184956866630
[37,3] -3159746309067268012189632851876387406552
[37,4] -21112732166445221324327569029412353816092
[37,5] 48483843642941423758377537460371669337994
[37,6] 10769093245508868623659828618824394910950
[37,7] -159537048101768112466126871876804571127432
[37,8] 114633961621108977468950215039500921134613
[37,9] 279108350404661832867587939012473794252620
[37,10] -393816899006462096936132906105070792182341
[37,11] -288514113983678401931295283653937334208427
[37,12] 692860091649000671014822099418814338641994
[37,13] 171213369171781828608893172595610225159936
[37,14] -786952531928365992128318431915706569363543
[37,15] -84074011370781926955785085148050320031508
[37,16] 610761290724462101158738536362313886732710
[37,17] 151523054294182109116238843963131657711807
[37,18] -320628600857925148171368844872802777175787
[37,19] -286224328321050036132877954017043215345985
[37,20] 95747103301799524184746090450635596554150
[37,21] 328598536672788888905876979411310813234212
[37,22] 10850323639127307968861163262577252966405
[37,23] -250518308039137384595286079371436418665472
[37,24] -37623642676357888029423487985531656931538
[37,25] 135042655243411032916301111332993907423343
[37,26] 31497660614143397636781917950670287480077
[37,27] -51691299501273727544992629691285939571935
[37,28] -17638957931342075299211066835091865160071
[37,29] 13011095437756683844168611833111000608206
[37,30] 6719755274046797756732623847627697523721
[37,31] -1623140203291740648770170003323682327049
[37,32] -1593417052187985768110002123252059138012
[37,33] -82473049454992452035420142206658550584
[37,34] 197564205304930628216697097882094186530
[37,35] 51457449915787141976355942550956215954
[37,36] -8683123673711378662669400387685134666
[37,37] -5962802081577772094578732793576005166
[36,0] -23510733843363368979307598429979963016
[36,1] 1039154214276389209434769059586001428556
[36,2] -1102259267847127792046329635198277842050
[36,3] -20286865295376556752361527999812464075001
[36,4] 64592369484738931836138946091792323645884
[36,5] 2030135134843334934327489852095288250617
[36,6] -269514995720001060844046317964811639135910
[36,7] 271907317809828228988147359937971457432576
[36,8] 453828694843817630815301783625421373349918
[36,9] -836989022612980548537085705443027067921602
[36,10] -380474751407656574595137277325247474359777
[36,11] 1303766801014757680962009982072201502088227
[36,12] 284773060140183151887752634400220620490047
[36,13] -1420642646023696908193268146888709587118917
[36,14] -593666042149224720348131867067832498778908
[36,15] 1381527478369193546293494562885762844387199
[36,16] 1184637661355683135791376524050383370127032
[36,17] -1288311116157257520083255775306068444301977
[36,18] -1549236836678146429407698448345734149511678
[36,19] 980829060422325483412325171879301533898102
[36,20] 1443208497043346830346039236916335403182081
[36,21] -482446281416496615188129831650224488522899
[36,22] -1019644437453700697802479056376660206680936
[36,23] 65314813293902366347337110127208559261060
[36,24] 554916928859662566331511453631765550204725
[36,25] 106700868462693524040424760262890179869441
[36,26] -226020037499636944641765818212466226315474
[36,27] -100579407277149997853309357749102469626149
[36,28] 62614247401587427978772678721919230599915
[36,29] 47614330883008342692037552530857121089643
[36,30] -8264370511209860972092836828664791041309
[36,31] -13393823721230567992056815802352501832536
[36,32] -1045831617452392828215699193998596921982
[36,33] 1971924724628796760962338074779772181715
[36,34] 538467465638854096375682358108720457377
[36,35] -94720597927201361328854657999766724324
[36,36] -69723258907546101726363492966499258020
[35,0] -4126455111887922131069864985438529510096
[35,1] 35358071835661647853184972470583681107328
[35,2] -113829713278505748283091907455564441594164
[35,3] 102136241101141753149836932710294458108840
[35,4] 341328517783920253534071159681137803628051
[35,5] -1007862471247310114837617140679208908182964
[35,6] 285144190536130467328861653512184018854712
[35,7] 2533788038608972721922887373309496625559393
[35,8] -3092681492168215205621567256065684847960030
[35,9] -2923575197206003741117813303856318073653611
[35,10] 7486901979921674020357520375913176689134746
[35,11] 636436480956355848928127932938331638323315
[35,12] -10304565427090798358406606213375264418478481
[35,13] 2879117532582186302366767527923304376671573
[35,14] 8876116283814943889552391082371682512123396
[35,15] -4041905824791016795576558731104240297566632
[35,16] -4208022875179633861332616351455516265926717
[35,17] 1529077567784316315200914236254548461546858
[35,18] -301176378108874762888295732091088500091249
[35,19] 2057972808044285205805177384389179034982265
[35,20] 2489927296010556909549021304700917659461888
[35,21] -3662152370216857992050758817440666505126764
[35,22] -2565971164242265717726781255758792125626902
[35,23] 2960250072533287513829945691335015874068504
[35,24] 1728588019512463289625198925581670893129961
[35,25] -1511475203760358338648375770369978684947004
[35,26] -882552541625649107240228150307118729579409
[35,27] 499942238890269914008496492999498697988263
[35,28] 347497009600503495466485169009264013392293
[35,29] -88413192898771504804497226809876502618194
[35,30] -97854940942833660321660165440311428069824
[35,31] -2534343974290286301617533232866512468263
[35,32] 16217061096128373138611061808271237164741
[35,33] 4591166020062990516221432855913075940013
[35,34] -889550614224414245947054424916463376470
[35,35] -773922676511196089466635060221101765682
[34,0] 12269397943468955393305686385485704735072
[34,1] -113160487343587536418665024600839588472064
[34,2] 325206863084538849013314610973043349529720
[34,3] 8166226136038306913980067743882333451256
[34,4] -1805480861570059346377574411663538067447478
[34,5] 2654304858432593604318362465117910783612122
[34,6] 2838377762309107252976334943499012807831284
[34,7] -9992318148747166494636176388188172846323407
[34,8] 1697384159292215525792475089891939810951013
[34,9] 17730076767421731456261277868022400087049849
[34,10] -12245439653472876902565195658541345259883081
[34,11] -18513453587512886885535830693400601680243130
[34,12] 19297043103543114543314644105048341381196037
[34,13] 13388889469058945521259297808645540447667063
[34,14] -14810925382210603719900609822687532780200450
[34,15] -9905747780671754454242531835634757130647664
[34,16] 2799664028112555783149104971021574239450291
[34,17] 9702997756855820485575305137197138921264141
[34,18] 7174213246730990928226199498154301556367966
[34,19] -8123290935471461255235562095629628374869850
[34,20] -10331864843933325725275925653296471673540219
[34,21] 3609723244558101955609633434320841234084218
[34,22] 8068365241224685795702281717508730272837934
[34,23] 540644761925461271330493659227080310999724
[34,24] -4143296580640745237094947430540449274606578
[34,25] -1909444257166362279076336917847356638977697
[34,26] 1305791832605734394606704680715504596232588
[34,27] 1332498386651949871671516031480323475110874
[34,28] -131587888824997258371902482806619175044903
[34,29] -509053415923682696976840200538303308605098
[34,30] -85219067478900761557918746535905945144222
[34,31] 107199457676895642024401053415816207210948
[34,32] 42637399283679232975116637372966074343267
[34,33] -7532118474019112451032570518888309809023
[34,34] -7441376829022079654658886405529829976872
[33,0] 40465780527723719125407587700191583711744
[33,1] -322431321475849772076980066511429041772640
[33,2] 976711347788451797530209315814440035347136
[33,3] -889586109979646878601237135005887386618680
[33,4] -2362030206355746369564356479458926568507756
[33,5] 7422913908300439895144523558270678735307268
[33,6] -4084628652878844136714884442810705137517826
[33,7] -14187488987390546909015353482341607000561056
[33,8] 25396457371372058735030430024015299936426502
[33,9] 3636107598520494119211689876798565110306486
[33,10] -48331770401985809526935028957220697761404601
[33,11] 32455768476627023925009048803723845383228398
[33,12] 42884696249664372470519891339798156183181535
[33,13] -70278989579573656595598899257821211682140459
[33,14] 2333501652398865087752110870453254125802408
[33,15] 72865696428444207313883149434391938231215858
[33,16] -59386503049910173045879462438478078859097614
[33,17] -35188530540946984532147916326267189287595052
[33,18] 90154154473163561195040788604023385775640075
[33,19] -9060797519790148893106717266325711273463490
[33,20] -84171669230073895517685257295119478687606394
[33,21] 28391302199373763732338045429181069311898681
[33,22] 57800596881425684900371367194771486405314605
[33,23] -22705731867601310605405808541806824430253151
[33,24] -30740042041592902415255075890491944867380358
[33,25] 10070223569615508411880046929405866876948970
[33,26] 12665131025237759684887582187139872339225782
[33,27] -2326917595159860021833554890160591917667490
[33,28] -3893818701203414076337925189703069769235804
[33,29] -40073631646759969559910534701513833372896
[33,30] 790438229803373162707003912900682876587902
[33,31] 201812475988945343157355497549612816065196
[33,32] -63312290547284149350474596645431194154661
[33,33] -50424924880877905576657843368968529375308
[32,0] -235330352731021305018593123596638943600128
[32,1] 2032459827474897847146675467238414433533312
[32,2] -5896062284643784189152352422370492490128224
[32,3] 1595071070691677243179543537813845904262224
[32,4] 26622806633558698848310638638724517282578784
[32,5] -45092209483611486065207773194661292720856008
[32,6] -31661159308103853274367302901438789286089714
[32,7] 145984348018644058691909223170075203726949413
[32,8] -39338565123579401902877309851369282217797982
[32,9] -246010056067899603979065145700846811440489143
[32,10] 174762120225750055915134767990350025339348651
[32,11] 274289614316704071897671618370303352141942907
[32,12] -266406496369464891963585535421647809806422979
[32,13] -248876689010786542790438887660477534375329842
[32,14] 238995060751391443841779123467967220902005442
[32,15] 229508068461634375717029444471094958116026304
[32,16] -131621842473957549445252146302894724532263323
[32,17] -214191166546158179006991194111578034726568854
[32,18] 29316950289154385728233701552617939973210201
[32,19] 162965619252234421329702938590084014189394679
[32,20] 21281962531929961756347135792368248575877406
[32,21] -81637709074369728380134654963881520911261743
[32,22] -24460664858262852569245811580344825135716748
[32,23] 16796838331165403939532203707997483619641401
[32,24] 8868292256520812399472402473054668070163076
[32,25] 7900270029162893409665881918009931741483908
[32,26] 2114110422271768862444852971114515833458765
[32,27] -7307904689647476724899673611682094113926953
[32,28] -3794615179261092016002363977766886048225826
[32,29] 2285217836375710485447591001196062781670316
[32,30] 1819277088133834808002432451929288492254694
[32,31] -183129377912301217819519331757153225365069
[32,32] -417722660264760523103248585613246773884272
[31,0] -128938857611184729458583922631669983352832
[31,1] 610148110782966660428702542470719198029824
[31,2] -499362456160961288838777798401242651895040
[31,3] -427617316266521959216928180095559621175680
[31,4] -5857531684887697391520510518944548264865664
[31,5] 14516770428048621997679691129804904577677792
[31,6] 28215438451067577926038003080370360178280420
[31,7] -103628490993847259406662944213084133984832904
[31,8] -21443512168165557182296882498374984615778469
[31,9] 337390402520977158962548054204061899016090140
[31,10] -149296778746155364953620868048808239356283513
[31,11] -670030146539799082529412782476445417187665581
[31,12] 601934275417551896748796428463148517878837007
[31,13] 877663808248631675834289109257367536918371564
[31,14] -1224007535388554635961981318136938516097642452
[31,15] -747543897054352010041643250420760382343688957
[31,16] 1662852731361585214916239857223264465876470717
[31,17] 348095264482644506011296971480525070336740299
[31,18] -1647046636072607665626752826115768999171563641
[31,19] 21589448349165473535141142326440577320726196
[31,20] 1242379422113858633282453594179172481526171904
[31,21] -158597311761455132363731242005127591153591817
[31,22] -729502572626727383270006634052477216262153571
[31,23] 112816244757911213426404850683241534301083563
[31,24] 333080350812370379475637613241627781658424154
[31,25] -34866768754321242434116841775804172965652952
[31,26] -114172912545926536223316005825990782705174811
[31,27] -846138876046853160124295254717367971215226
[31,28] 26728817391852760780686599410256844886077735
[31,29] 4704728286269583813720710256362190104597887
[31,30] -3177289625169282147064509679568519522166430
[31,31] -1613903521071162145294056227754093318298044
[30,0] 2318117549677380792627305308341960798240768
[30,1] -19203459349646481066485084443064086055571456
[30,2] 52966200165979082051481133870741644358998528
[30,3] -7125982139939586092132662856803359785200896
[30,4] -245241188436022168815055226102389209497244416
[30,5] 360024496147626341889600714702007208288591680
[30,6] 381611034627354875544766282333485952285794296
[30,7] -1237930447610702610670835340482885071587791088
[30,8] -56184227211980129589419799200646541659764450
[30,9] 2367756973017645819440255142106559137111428618
[30,10] -737753673633427880140067378508846790588856816
[30,11] -3298381505070738482149483714372265811402154381
[30,12] 1451054890127816746812365752438123848172678224
[30,13] 3872807656875654868264944560414020017059198367
[30,14] -1618840838800832992607144056445018845121510777
[30,15] -4056164417293503534375900216108998980084638693
[30,16] 1291773933086830674763298816834378579643319736
[30,17] 3660015243196613886519568689625814054977840573
[30,18] -799743679953428742221654946770061358981166327
[30,19] -2643186696972668708481054722803550319912039914
[30,20] 408005623944436720367303663867980870276700774
[30,21] 1416131850243087002631767602244061529725473032
[30,22] -206576179892311832190176814851884824753540184
[30,23] -515499937601712649482845647377453538217308274
[30,24] 134600982148432562505087220201334362878100416
[30,25] 112429175100146460296436296815700741977771900
[30,26] -90725083178722721469157494621747683021329460
[30,27] -15059383724409860851241338256317253621158408
[30,28] 43789344973642850615336997197361870586604171
[30,29] 5726511853011423156288857385732073080058027
[30,30] -12641055887681184611116227363991265868720050
[29,0] -1079182289369237099197002070893137472339968
[29,1] 14587986071851351272219429021617623818225664
[29,2] -62692852754173871724471977185996139800527872
[29,3] 65905777454589032491820615400974512118055040
[29,4] 255351875624887918176333384734107368967554688
[29,5] -704430569184412911633569051039242132227348800
[29,6] -172500343957528699319371207994695488592572064
[29,7] 2412195207139224329040449161808558031017249672
[29,8] -1250609301691357555135193887866777533803544248
[29,9] -5014141007106556441531051209165770740774553684
[29,10] 5024042900467570084122162793045272970845308392
[29,11] 7311127639324309220610610227846439078526294452
[29,12] -10878048471972977799325856336976189284433522532
[29,13] -7649255092575913198950238710542504485115214460
[29,14] 16537290921793230151587684918953373581712712973
[29,15] 5412583855747816023578386955000542841925265182
[29,16] -18876855206266239893097962427082900813471539468
[29,17] -2003537247587119439150675061707441496983409075
[29,18] 16597321184907671822265551784411111394678766954
[29,19] -394328469347822651192137723482557231757742369
[29,20] -11378023581986342053171015835673856681670609068
[29,21] 947613394517830478329134614712253947526407913
[29,22] 6084999802694441861593549233975494821491768421
[29,23] -478330087704253244502423273508914288962604683
[29,24] -2480196933389775675832185105304961090903650724
[29,25] 42330988747082033862049563528287342366720464
[29,26] 718381067612386822612560380360319469809799252
[29,27] 61967453146600602834659740692571427412066670
[29,28] -124877833010110470344571464908743562721304929
[29,29] -28931368660849973626554529343745992723343836
[28,0] -14021411549872857264416420588235642317365248
[28,1] 111120590632092013744320253642008282362101760
[28,2] -278457442862371268870254663172080592924966912
[28,3] -78736189026129824093270860607308607401881856
[28,4] 1518252845776833939626154236577246240499431936
[28,5] -1582715077639098986510834740593043240387858304
[28,6] -3426093820141396986842532458085894967618702976
[28,7] 6866957358632853385813671523805527928609178816
[28,8] 4224858747544282058028050494987162412520383000
[28,9] -16155066791466798031907955170013576497457362824
[28,10] -2347688098865875971270408858348395857011481926
[28,11] 27307959136559281344151421280035117220169723789
[28,12] -1734983133140637179728144600230853740526410234
[28,13] -36546154110029308677847512899891711814477934946
[28,14] 5928534055729342106060817555370651667961366236
[28,15] 39919742781720622958932635761661106006951828895
[28,16] -8204946892546828945567956440182696897609236002
[28,17] -35413914482265010629372386953890407186232588054
[28,18] 7845843709352728905469500712453354856432758736
[28,19] 24976066299329957516489143227541841592588414467
[28,20] -5723154966786787070803002553308157860189507985
[28,21] -13641510442028556270721597294433821947584685582
[28,22] 3385370477219667569020724699106855518196395783
[28,23] 5662804602684910719510583591476336610744538974
[28,24] -1712299257599554356603200372514908985519287962
[28,25] -1819076936518743874541431437550896962843463264
[28,26] 723040669577227376691891485324119908063032758
[28,27] 495248513477159193894965942858570331518294824
[28,28] -225208536126593040326349460492708541275849142
[27,0] 14453705399403079063368697468620995785793536
[27,1] -160460527672574098450569025288219506313322496
[27,2] 619431614254965065513278215310097977553385472
[27,3] -594532083910250294893448214917614768139641344
[27,4] -2351145855371711023409502397004751169946897920
[27,5] 6276884255948367767829249053389323216638391040
[27,6] 1242318648958479413356019413390203010293537984
[27,7] -20351962865181015973486537631646797734869072896
[27,8] 11743703200094667912065200869218698094960262800
[27,9] 39407995441687377584760325732239912482276957608
[27,10] -43183771697826970527156376847912971718971101484
[27,11] -52398818325125719734508954916962805636840814992
[27,12] 87190353251080509521245765716798857541603490537
[27,13] 48592594185673130899402623438605548875339389268
[27,14] -123752444848004038937806530080217505085534558653
[27,15] -28669187206811253086272741573683817538850237377
[27,16] 132140728021620844001469403205690505194293230614
[27,17] 6030490625985015806091226415393645348615091054
[27,18] -108933467284840239955782126616709751816392244555
[27,19] 6170562481741455533218023342224695430466885308
[27,20] 69977501895987240743776437387816996853088866820
[27,21] -6647510112411996969211563414752239419220296877
[27,22] -34816011325881407849830563216870064783841196960
[27,23] 2746059438971348130059369967098411593194913801
[27,24] 12981218276480202297338348522655481601888149665
[27,25] -276553447484848078962194852978515459846797121
[27,26] -3345750765842490820700796340771154299728584792
[27,27] -185997377004448024430841057119660577648739108
[26,0] 54403004929495748999776780351806352907583488
[26,1] -404269974968318372401468038987075982102626304
[26,2] 839182857114808189668965867049064798108184576
[26,3] 1097887114418652972068908724620886248149673984
[26,4] -6480607908399788401214610417495326831267921408
[26,5] 3149261363800255010449558565447964493085365504
[26,6] 20670182660788477628653673424886195060315649920
[26,7] -25863303297127698577082645196401473974347888000
[26,8] -38275429088439710998427793496047734045046192800
[26,9] 79025417047868357575486700122206251155442512992
[26,10] 43528657785829796516418028188836877004620036672
[26,11] -154804034786720975879377192085956950380042987844
[26,12] -24975400659319635054805476733236326146485512342
[26,13] 222056421446419579948167978776829348087207495712
[26,14] -9836961514546147634139026357393522073745998392
[26,15] -246336421358383407811640838558147665508574665103
[26,16] 39663107538361141570456738741570542668777202038
[26,17] 215864553734158292308103405547724065511238626403
[26,18] -48842460085769438472014347403269393390232567475
[26,19] -149939684509812390567015328849331648811582099417
[26,20] 39034457413467895609331889318762241372338382590
[26,21] 82191691385105124665551024451166084752936219264
[26,22] -22792620702164890328898992120084177392504583395
[26,23] -35483468611087828939265057435734163083058903578
[26,24] 10063714732934867124251314054216520269647737859
[26,25] 12171475725611821694568694578244455684638680047
[26,26] -3281402374310807932281346693845708715771813026
[25,0] -79822201713277175694058636243345635529359360
[25,1] 853160053163889139180552766029830626575187968
[25,2] -3185102861897509132640219996538732371325804544
[25,3] 2786929244260579533581822069731030202101665792
[25,4] 12536561458054318722532947147555762941695655936
[25,5] -31540719059166718942279278836684536197699691520
[25,6] -8814104710179096612743341391069918524844848640
[25,7] 104744433071671749870768978810755510427945056512
[25,8] -55854105445826342529329856467813473841532862976
[25,9] -203827085736339395139116068141747355426294019168
[25,10] 217705478069254536662363511376253226871973097024
[25,11] 264512889253975962178014243405484654011939403320
[25,12] -440079199415881162827335540870780187596045063736
[25,13] -230028561158656660955995299077235556914396876868
[25,14] 610165802362943337233053897814483009160288858070
[25,15] 117366012362631994310575222592975888781682019780
[25,16] -627587556019238423251170783906780331370326011118
[25,17] -6444888263721668626284571344820974828726199726
[25,18] 494499886648202331118629228485999424528639799507
[25,19] -42543555027184373791135356787665366066255806992
[25,20] -301973088506946546506153917102013558908560861540
[25,21] 36433792705643619809149225040310212137880829051
[25,22] 141989939401938795530332824857736560145192830947
[25,23] -15341795245948851249996134951908597774060177195
[25,24] -49805573381944943463315948639430411833935068363
[25,25] 3299349999923460810122592251446273786496285602
[24,0] -132041064371171958877902916294983254630268928
[24,1] 850239779163687251773885343201578427621277696
[24,2] -884078879800232902926051971952820704063078400
[24,3] -6462286544057006939941744838922032499096838144
[24,4] 18945913308223402164274043277845384700025761792
[24,5] 5282153476475659328223816487902578290226814976
[24,6] -84927247375739300415580255057362906720824262656
[24,7] 63805170039243598012385624322802606587228649216
[24,8] 191013503837931317074236008943134970306626810752
[24,9] -275499708206743013855002162624385321595736378048
[24,10] -255049457717523989846501119652043340044022261536
[24,11] 609701425788048449707176172596872275196599725168
[24,12] 195079247392456681629641547956019217856893741832
[24,13] -917860862208737008765867222009163392689327043008
[24,14] -30468628894963075476174754096141515638191990418
[24,15] 1031780620478279511405309062116039754752868541151
[24,16] -129621761270128119309743030346707662042632690619
[24,17] -901075760324388722938065360670008485432237716270
[24,18] 193697056830100783454589233698089242041100594549
[24,19] 621120771439939828277900822389772379300277034644
[24,20] -160698560493875400300440433608732560301713724334
[24,21] -339312633517984268403048084176877183156252804984
[24,22] 91140515420959643488347026714374592773165493364
[24,23] 146674851396649475684296032846936252122541572858
[24,24] -36590078741357744834918266208395366524934174246
[23,0] 263178191211941490661643159204571487960170496
[23,1] -2796180235695306912812292914205615191168516096
[23,2] 10201804739332097291065566054230093557831794688
[23,3] -7422389606038736164828512617595970726697312256
[23,4] -45185363809894924930017076973049417917663969280
[23,5] 102559152274697360292915503826945347203812298752
[23,6] 49063626311691947911247565581627340188661445632
[23,7] -368356988142824026888121759865092319064320938496
[23,8] 155390731608212993725220866602037296913029141504
[23,9] 749332875636504552161474072869855478429297415808
[23,10] -725029866635605529350960491911388934636908534080
[23,11] -984759785855847920416138297607431892628419144576
[23,12] 1523243734778729513679968168306576145846790903520
[23,13] 842842112102172617354481359593220687261023514696
[23,14] -2109365874626985508075830358550930879963062559560
[23,15] -409293387020704199892988210023339173248466533880
[23,16] 2125159548332307568154002457682618430785012571456
[23,17] 5674945858564503875875966230463177288084818304
[23,18] -1623496585150474131396121882412281640121291682155
[23,19] 158476709930258110874278439611132164568931023116
[23,20] 955929527193122210875129927661705236368828218175
[23,21] -130682365907516402510511000886866729331834441339
[23,22] -432486102533487223265154086942312993551600113025
[23,23] 57364290756174931803537692973266203565104768094
[22,0] 168678686057063575775577366811570868655489024
[22,1] -518630711218042668503025125835730698244194304
[22,2] -3643981570808831398135861080220862000268247040
[22,3] 23261410950029070860649829603807516415619842048
[22,4] -35771389925624660767407419580153954782879596544
[22,5] -58245499150782101204457411794396749845291884544
[22,6] 240788497851874209902321813910172484110232156160
[22,7] -79027563931241235252743400463105027584336095232
[22,8] -624790229936745233368295833498606708064267527680
[22,9] 660536940974731292256602787261970951828178915840
[22,10] 927920069766397999025463336947994131098166599296
[22,11] -1675331608332912725462807213055044793925972402304
[22,12] -834759034764739695931217934088226396455737354240
[22,13] 2669926469619589774179744091993122339405743347072
[22,14] 344461703580603327254267827587494831730177466184
[22,15] -3081783972845464080127147570500338864981366197836
[22,16] 202604441822553206880500472482195352515047215548
[22,17] 2718329631024095045794623721317028771785301486366
[22,18] -472232995370494320050616895702913317519649174756
[22,19] -1873845604708849538174787220991259959971062505720
[22,20] 422895775735930769917147320980818317622031218680
[22,21] 1016633519622362514418859760034097122710805144544
[22,22] -239180498604800951522686543205544755845283703922
[21,0] -543713550868909699618478041127779696635805696
[21,1] 5858632712887687393036307138745575980489506816
[21,2] -20708633894350525741740777173195621663275089920
[21,3] 8404567382798704693823489554880691043732258816
[21,4] 116958113440017569443942297555810243344111042560
[21,5] -222069703243358742153994857136992072216599199744
[21,6] -198024989636555404592277520632442765534209658880
[21,7] 927388593848552335653073732427068612513114404864
[21,8] -214911897303927032406924240192065703448133351424
[21,9] -2039339093718058551886441201341888850559352446464
[21,10] 1638485111864457053349112452380896440097860902144
[21,11] 2791731939562798206271335430050983879981628029056
[21,12] -3740504839480481818833917825489060055801836245184
[21,13] -2460373520267270914533351451270387075867181871168
[21,14] 5282798268439039894833854449638247213849415274080
[21,15] 1280027331801431056709537373579908327417182208272
[21,16] -5297321386053621288281409969243944726995475948748
[21,17] -165166282585442700272965463677390357197684149456
[21,18] 3982816393523030806695017888179421129693550346776
[21,19] -313383462203980584409464578488214874087543671804
[21,20] -2296354253547448614106146887775465421595534609871
[21,21] 287097625491402067275387356198175288277931112260
[20,0] 18463221023588591174362105364550135893196800
[20,1] -2420181062523872176727828444830894699781816320
[20,2] 18753050707555690624199865906568264280332304384
[20,3] -54659920002478881742907861131993985540239261696
[20,4] 32559048498182261487967424988314256231143407616
[20,5] 202400781302894588350885373388507530855837057024
[20,6] -462804383327458957449326877748729918478834606080
[20,7] -81655269812164025245389954246774355634074304512
[20,8] 1416333252484165322421923452094087638085595711488
[20,9] -981150316383300913376275295963036297380282665984
[20,10] -2391537362949290068366524258278767079018442405888
[20,11] 3165308542677173150235388389770900558598732703488
[20,12] 2544113379852004869018712461202731022320734506496
[20,13] -5565337916860343855939666723903886361040777036608
[20,14] -1607203041526356529883294648036851234231846595968
[20,15] 6771214333115799848169330329017080416431808662496
[20,16] 259448503251062832640796041465667114754428547080
[20,17] -6133280702509164403836060511387375213284074122624
[20,18] 597211792491999836684472478314918874210074667252
[20,19] 4262036495754804376076621874929645825650690845184
[20,20] -702652648123419345450132957455655965095421584004
[19,0] 640208127923702640206161584008255182127235072
[19,1] -7268783763191900851283901660604665660490907648
[19,2] 23795813983226862727604398630739002199057629184
[19,3] 12845698352622483104887942966717199556569202688
[19,4] -222660290728617738473770071142989368675522838528
[19,5] 309901057035770485277715380739264448479812255744
[19,6] 564058368283501121405289895061339746572037029888
[19,7] -1702235241508969883085516733350516227350500442112
[19,8] -92912156778651171181770857063711517058780880896
[19,9] 4171598633717109161226917422293445445526617608192
[19,10] -2451612408275026295936435937210309212308584644608
[19,11] -6076966709890070585856935417933955467742344065536
[19,12] 6554563847173984247792308518281970548104047733760
[19,13] 5710554862567828753343282474502491241037833416192
[19,14] -9691649982302355369280187696182846655360067549760
[19,15] -3419441371548853459663349417914111450554481303296
[19,16] 9857272778636466044242381981020795260376056152960
[19,17] 1062028500580347885022702849147181136692594113304
[19,18] -7423267802864530242686119165528659819305744604596
[19,19] 130579223529497311971203384633095790790597702352
[18,0] -452003543025547968814306107565985343475810304
[18,1] 7888632019518351767063670407527419538682413056
[18,2] -40916639620704329036191988161015165124847075328
[18,3] 80159381493902795515359550031191973092533993472
[18,4] 31366917028966355675722879191200273726402461696
[18,5] -415769504561309037893970690172225805256154021888
[18,6] 542790797586712245057385330913629437252884758528
[18,7] 622109820529285947419186008564213869868435980288
[18,8] -2229407180688945777302499423683688906894259609600
[18,9] 497433009848296687071900148173985201749153746944
[18,10] 4547230636988649759388976307367626367296282873856
[18,11] -3838908145086373667766795866589608551055075739648
[18,12] -5791728428419447217409627392407804966935777022464
[18,13] 8286047517276849888454571152067099133088179431936
[18,14] 4745105342036964689735553149783295210165242163200
[18,15] -11084701151297931293709417327522986666640181305664
[18,16] -2235670466644882885140324820908138640585495229760
[18,17] 10509533389329196798358842310223053764349879218976
[18,18] 154343507186651283728718341151240730465870783504
[17,0] -179236968012335326529534639126954185100099584
[17,1] 3142422117510491982884401209930195954613354496
[17,2] -5481244259875119193159862408209145825742290944
[17,3] -67850262423718129585061172964460733691209449472
[17,4] 309062966718170715585600264675017824238233976832
[17,5] -235868654162991114217320849921275839433791242240
[17,6] -1109659423815733675616561159390337232400312369152
[17,7] 2250669594921987306547785976678346230845860249600
[17,8] 1047074393670236110108988188724855646103609769984
[17,9] -6328498949955050208378488242787883877691336073216
[17,10] 2079244699051852893081025263329606300337906143232
[17,11] 10004430809976249884835513655848098054357117177856
[17,12] -7901036073745655956519077249487607235458151926784
[17,13] -10307317906745178908217345302578884657857697105408
[17,14] 12798969510707990144472499155462774095775806069760
[17,15] 7265622813473399188375606171342473664068117868160
[17,16] -13595216842952411978065788447636500205525891892672
[17,17] -3485011880109905126654643796974321930563812193152
[16,0] 694849704379107563383244284075325123259793408
[16,1] -10912781017505958467112880236988181540008624128
[16,2] 47756841696734461612346463333494043215164080128
[16,3] -54160523737627532590974782313840097506379169792
[16,4] -164810187639776789369305089353484566265069568000
[16,5] 538187092570831892744675515346371170338290532352
[16,6] -187359634883788752777279634292059853282258845696
[16,7] -1490881162386075644521401778899421564793162039296
[16,8] 2296505405160853974281012860398930133658144178176
[16,9] 1364609904202155101731635061193575031968846544896
[16,10] -6366088840523994757420213878695053512405021171712
[16,11] 2142248418438457207008172601710870810109739687936
[16,12] 9763612722648041068745467160324691003346127448064
[16,13] -8447687585758360569998430992068417712315663011840
[16,14] -9492142013632753136754674237480214623409064677888
[16,15] 13380847400512721289098115246220316224504242370816
[16,16] 5972986615573516304491768081481851330689166214400
[15,0] -660699834875058133878337977947627006529110016
[15,1] 4995359035850265132540019679707828676856905728
[15,2] -25573239266164949521923244873402065406954307584
[15,3] 119305200431706244377635540773017774954060447744
[15,4] -293663312188381774607800943944586953005933264896
[15,5] 2246613375021629855714790218059419449702744064
[15,6] 1448954162320201593833548546870322796532701069312
[15,7] -1999247515803163004281863591903140250123025383424
[15,8] -2232098499739167486675866858017108330090086006784
[15,9] 6772499469772201430534623905490485559099380170752
[15,10] 41008021777788848858930086157411609583274541056
[15,11] -12037750093192048785316612686103392166484755734528
[15,12] 5560408505923016962750120841485727241933503692800
[15,13] 14082146865357255947607376236919818087729654114304
[15,14] -11306205795990796353701576251051693888195000869888
[15,15] -11753712477578428485321357775921000960934934557696
[14,0] -289255287866518351163323454724144337784930304
[14,1] 6411365953161298950863105677312699467904843776
[14,2] -21191627691190881938832529989101926395232124928
[14,3] -35484009616852037627868398269546167168302841856
[14,4] 294636104914049409239158908336723639251599622144
[14,5] -410419222782549589097288221708545314537375531008
[14,6] -544778512178748195535942299816482841223409696768
[14,7] 2143541033121281717655229900052386944139238834176
[14,8] -1215238631673727789132756372508101391862880403456
[14,9] -3741802751362666236123600929977204926377064464384
[14,10] 6309469753095212184971810926824101034865222549504
[14,11] 1550394072456378531447279412078766501117904535552
[14,12] -11764506079390335843891351972333848325031179558912
[14,13] 5011237559785656705992116880815972886811463593984
[14,14] 12987315152980245478589321167965684200773256613888
[13,0] 1042063898499897405083524502800488354006695936
[13,1] -8766006692509880282977494202193561555358973952
[13,2] 34773361910106948274460013817637536895437111296
[13,3] -97573850156725380303840497281965353357048545280
[13,4] 149575282267957899645786812182257851859990478848
[13,5] 181532019299562078286409770287034005345322139648
[13,6] -1127251955820409558788928068745797282936201936896
[13,7] 897314397426376460038227603133318621552099459072
[13,8] 2617912912722956980108733279592172528171043258368
[13,9] -4500567253125299820083317430511683781191653392384
[13,10] -2769163512047407956395617991300758600268279185408
[13,11] 9987860212658828731558745173362211301672440594432
[13,12] -131372195291197384150723640001315271308319703040
[13,13] -14140503330426757876917346095987499102037950316544
[12,0] -397543285796321607257289852415670688768065536
[12,1] 1669460845939944438572483794587489621587787776
[12,2] -16074136367727075001369240037148758718434770944
[12,3] 112301679675393605095543783502906141802036723712
[12,4] -305532074312861376647755852701550712338918670336
[12,5] 123253855533850727825609465048748165218510569472
[12,6] 1036353406159572152919469002428732961540372692992
[12,7] -1932625864126905642093367830020669344997760303104
[12,8] -257368019061060752355493879531965162657425653760
[12,9] 4515080954991432760689277086328199999221293121536
[12,10] -3917215302356908692487638813863703668696818384896
[12,11] -4321200834414551830148302311065506108926099193856
[12,12] 9373295385053227327499503364263821705116825681920
[11,0] -579310336506767056041169580521363342301855744
[11,1] 4182946783164399776585566412097708085171191808
[11,2] -9744727827731813565004026403199959791023685632
[11,3] 5821629625394914633979524685148935969845542912
[11,4] 27083868205095947879187995744308004809636577280
[11,5] -157547824619261588225180560854314483782061654016
[11,6] 317891312643304599869762007858216554707298549760
[11,7] 268432009727317990040825632949059165006275280896
[11,8] -1809761792549642364706351340609526879027458998272
[11,9] 1055841949102628945958251671867334874281652256768
[11,10] 3972963725871269642453142241216028961709878673408
[11,11] -5079465014274446016385645183956633756125932814336
[10,0] 556510650680571037442659684876851324555100160
[10,1] -4300203218237724254306532207961787520144900096
[10,2] 23687775747355724614311630270249917809860542464
[10,3] -93446846368186513958386047183798364474403979264
[10,4] 174490824004852108157810639134787805077695365120
[10,5] 62866841584847745667154960853553145844288454656
[10,6] -806721840633672700654798659313599163514226737152
[10,7] 934161426197560142318301834610069139571613892608
[10,8] 942376336440579929034042713132622863790690533376
[10,9] -2865503154485746660910133799441826521599895928832
[10,10] 771179544392205756313160993104179461451017093120
[9,0] -31743444375790293961735103408826542632992768
[9,1] 1578514683729232815252036144460386426807123968
[9,2] -14677276702530698150461984931663260501799862272
[9,3] 55967121409918817870538988681595815743174213632
[9,4] -97739137022415205122699978634038873815770988544
[9,5] 34011257385035764205427161018633010282730881024
[9,6] 226013891007418219572402828214563795895261855744
[9,7] -634128948394761298421736214472357999154030444544
[9,8] 647405350638271498987251100592845208545929461760
[9,9] 831048256110669050863923647106733587373492273152
[8,0] -192191136011726885747094433446809458465308672
[8,1] 1141837213644987143314782944379118070506979328
[8,2] -5037141338553756005833036320326198673757175808
[8,3] 18742035007009578876322705703316985830399016960
[8,4] -25454555108383365835197135537290695260363554816
[8,5] -66799020342719697702663398715070272896277413888
[8,6] 233321224852832729175725662517317064347208384512
[8,7] -25385304233341227550051463955842529913663913984
[8,8] -688283224512470312517577006449652638761281912832
[7,0] 151432739664746012628228002836098354725781504
[7,1] -2061141662962058591203038577607794934931259392
[7,2] 12281842090822235731544518406318937129804103680
[7,3] -37681281239637614337198060630970456776688795648
[7,4] 51182892822519736240899360536266378583589519360
[7,5] 23453668329541894433028489785305211983517188096
[7,6] -197116215640313770612536517727388245904678977536
[7,7] 289321866207237988624953998111594390859578081280
[6,0] -55915740033372256943387808928923966683217920
[6,1] 985912100172842540406174592002651379445268480
[6,2] -5593712736475387453071791223881837288060092416
[6,3] 15721582984041793563129101584806634810876362752
[6,4] -24923084270406910567402483837899514492506603520
[6,5] 17189353868491661051595604523167995307076091904
[6,6] 46171736638089147635539537317447692540423700480
[5,0] -20448377144022761014284773732453580623839232
[5,1] 228645086678332027724138419509423580855140352
[5,2] -1111349806738871022894049978319340520677048320
[5,3] 2355848110224535030353560845270286696626257920
[5,4] 1221204266427205586588418884600630839095590912
[5,5] -14757772906336546743077934436684313856455999488
[4,0] 35956228454069126339680263152868477659774976
[4,1] -449491394030063340330187138459810225369120768
[4,2] 2266523464767219719279587190913803355714224128
[4,3] -5920977991794824186787588538055455579909914624
[4,4] 7477258150962561304434426804992113862275760128
[3,0] -15333679493752746649580404965663645905190912
[3,1] 196986587199284485702045143137339470604402688
[3,2] -1102420970418329134004477146976761885591863296
[3,3] 3419814750992280973209651867248940765847486464
[2,0] 2210399320777278047202323062711751167442944
[2,1] -38254870457761011941874311071512840019902464
[2,2] 281988990263262067903927416055603985454727168
[1,1] 2919395329328480439701181403581558145679360
