[44,0] 1
[43,0] 1404377735746648852948730340
[43,1] 1557539412227355935766353202
[43,2] -13466081908223472814403680828
[43,3] -35119049408055639801791393530
[43,4] -24407368073392213752919739388
[43,5] 16283901266889336867612783210
[43,6] 35890746750652922977115699338
[43,7] 18122340462216738608455466266
[43,8] -4077999577519938210308252238
[43,9] -8477159282377156007254574895
[43,10] -3001534761040741032867414740
[43,11] 589500520747519599537643395
[43,12] 763617281971293490049499180
[43,13] 163657690641471427634305950
[43,14] -49630683749292455854891778
[43,15] -31096490997086459024268754
[43,16] -2697542276188245212361466
[43,17] 1979619641506709770333035
[43,18] 577595505909355814977620
[43,19] -23686976885229462276055
[43,20] -35948654022126528009288
[43,21] -4021650746224190120982
[43,22] 1046672771813085833802
[43,23] 281275312072739287928
[43,24] -5923395815917521190
[43,25] -9292445856455137671
[43,26] -662757759334038718
[43,27] 176002670413066243
[43,28] 27400335984887058
[43,29] -1659320450886591
[43,30] -576431151473982
[43,31] -4639491991757
[43,32] 7693749743520
[43,33] 375764606841
[43,34] -67848757440
[43,35] -5626343944
[43,36] 386603368
[43,37] 47252872
[43,38] -1300578
[43,39] -243552
[43,40] 1978
[43,41] 731
[43,43] -1
[42,0] 652067557478108923924701406360125401445990974602873180
[42,1] 4319981454688490221655783529863516888007499510256297176
[42,2] 13889476652592473452632451411099350328980199962776270079
[42,3] 28871964451916913322261694311144179986418509768001038980
[42,4] 43613195729825971602751650907445505860986021966332436836
[42,5] 51018633849186642946134546039449235801615176655188245336
[42,6] 48095303161902878045374156601111176466927520383416674785
[42,7] 37541514595371702120476099919829758387154313612748748192
[42,8] 24741127206522726469841523914243453712544161034204014220
[42,9] 13968227591767513434977600718342827382526251789916931276
[42,10] 6831449774817224342131515433852390169169008873195468229
[42,11] 2919445754142922334100200567405545824187027092940484556
[42,12] 1097655412142271568629981138540810627500041147767163353
[42,13] 365044665717028092474533761563564593018922866847807368
[42,14] 107838525674226271653256236018381861818692882441517167
[42,15] 28390132099076570067581373133138181417974691353904128
[42,16] 6677126887021022244209371317332201058915107852556822
[42,17] 1405377660257322584986428998349590698478625533641772
[42,18] 265002229690110353195545074694764753758435555697219
[42,19] 44788853976637815150957952337161981601103920078648
[42,20] 6784456171334650544793995156187242841453078800248
[42,21] 920446406878114262912831942754976206950353432944
[42,22] 111707631227797866692324594777917980450447414008
[42,23] 12105081619642315578943455967676596525802251444
[42,24] 1168342843074942201254853666147361271556936828
[42,25] 100114318982060587713429798573001659532316716
[42,26] 7585759991101226481526648874376262033296214
[42,27] 505738490439668511654754774525967699380996
[42,28] 29487883207608556594910092051888594528065
[42,29] 1492584738363206282639757858197875459844
[42,30] 64995756136686866839636971332248434118
[42,31] 2407987990996191763536128128773976280
[42,32] 74861522125967669526250587550323280
[42,33] 1919434837507538342906153206667264
[42,34] 39699177903161536050398601325771
[42,35] 643458551923818742196329490388
[42,36] 7861685327069932478009416918
[42,37] 68591564799698911481378704
[42,38] 394912783830340317189247
[42,39] 1327189298585546696492
[42,40] 2114023491235646880
[42,41] 1063570018206388
[42,42] 60405591342
[41,0] 19756533744663112253023800345217188120599601492965599286000
[41,1] 128545398134887514554091406939034813127152574605702768162176
[41,2] 399415641608637893502499116734855831339357582465310321535224
[41,3] 789052527702401901167647388525553132330113086721405085302106
[41,4] 1112526031777735410020400943984401511705946850801046067962424
[41,5] 1190559685528687256882997565228282250384112491381206638457216
[41,6] 1003032778022523068144309613119154616645641411177496533561286
[41,7] 680112368357891854648133428605843990335052018161625031075458
[41,8] 375376938686510826193618744066610839831184499307662720013192
[41,9] 168718886141324730589600998696465387881301554168715322509479
[41,10] 60762923471987140351979274230905719907915920245140927943658
[41,11] 16584852926748982092544099266875559418533502072359315836068
[41,12] 2745810043932027668392500424360291473048904376057953425726
[41,13] -210095251560784109095719887397102861858880555158334108387
[41,14] -374995273550317141625790497959809688837057300315187555186
[41,15] -173851957264909709060438563462168156953944915648649317509
[41,16] -56246970781439516097252458356010632158216353219595571904
[41,17] -14438185192926278087267533609128408437487802993822184905
[41,18] -3061095106273831840080374559668176268873107042808007152
[41,19] -542632597972437460528744303861215082139407558646947356
[41,20] -80086681888598007622159019760782233253867522781306484
[41,21] -9611847293141037090286762342762039463665808001880198
[41,22] -877583610021318095449108382559246868991515913842516
[41,23] -47315213278232939566993541074323023654353765390962
[41,24] 1672338216462988004270309377404698224467709895322
[41,25] 798498046605683365660259139264283083445597567986
[41,26] 114756818340180278304590806676321512776095050652
[41,27] 10921943661723537697621465523714919846008666153
[41,28] 737102682601482924617546457042374871964643020
[41,29] 31923051793607570441475067893200857032653222
[41,30] 320521966762650916899188211651933171320566
[41,31] -76319657977525883154588349377688810982208
[41,32] -7078884133176334834353416503768011795594
[41,33] -345173861968241585127140397094266898403
[41,34] -10017162897385498047475358012293202334
[41,35] -130776214006429857022948369003735547
[41,36] 1536302530449126764697993602642394
[41,37] 78855131461198897021148671870309
[41,38] 636683425034397220169606531136
[41,39] -5705854649619596217805294499
[41,40] 5230061650261101030388318
[41,41] -496487009066311397500
[40,0] 163515162718792477659122755362812035940622136239613974146663760
[40,1] 979126528730222424902393394232234291175514935276941320688666736
[40,2] 2848750583564895163786827306396305681427164613833155883106053484
[40,3] 5331805683701632327693396094712942758261882846842119678984597396
[40,4] 7165508326633548895815029714211180955401011584440555897719708551
[40,5] 7313612815429718518592885409935082660481224368187541923255309376
[40,6] 5851641263802722198017056874892320758200651626341065773122868200
[40,7] 3736560143582017034492694174359701135270685911491427768756443624
[40,8] 1921016154454669763485971216448884670239746233293751848739007805
[40,9] 796764278299197105487404559551746157858031723476765601789861594
[40,10] 266163597746392783812475319483687890651384445849704043323138106
[40,11] 72063071637382854332000252900838377662409093228687520387151654
[40,12] 16813867674503881206059846126365094042316075429983843587256867
[40,13] 4225666769666128948101888667733859353894715124966338270422188
[40,14] 1460178896460678321284952799350482190387680578226228120085737
[40,15] 581172487826397964572032280257342638476913237898457315017492
[40,16] 204909297738285303983457746038512535171996877267192481138578
[40,17] 58467978681103271122156196168049267582392768632232446973982
[40,18] 13236732635841313962168542662470528058928366654701412630257
[40,19] 2341672224490238208330154068539667396593983884772085012130
[40,20] 310484670402458046163130577279855767451473207226455393457
[40,21] 26876413976564743119706304682781912368047650886962306244
[40,22] 464688036096523018840664661092586542450267720316506251
[40,23] -292197286632627200822249738113507214508612263231967576
[40,24] -54631383778919438435617265497610586815200688978614260
[40,25] -5257967602042110878190069808722762312584105820806486
[40,26] -240725542736535699048782379326641716722913818151096
[40,27] 8902293494329489803919758302658373906459555777538
[40,28] 2441493616118018409777858109772545429437318210486
[40,29] 199775752648220466802713849566863643103885565534
[40,30] 8860446927172376295274555981478759096100958865
[40,31] 232597216519202351077248393347987468569814050
[40,32] 11378179371205285766029509781652945648664688
[40,33] 1303690622745699014113190252356801290787918
[40,34] 90629796442179874031309025857013150390841
[40,35] 3471343564298190119515434729244510003744
[40,36] 76068175839297446170705879020005879687
[40,37] 1138555152247843659699390474006360032
[40,38] 16430251745603554279112483879682549
[40,39] 86342506923298943999705980203792
[40,40] 100299323552270331907886903480
[39,0] 190644055740156697673400674299780696196634758782119297590972123136
[39,1] 905128991435171691959027419237683298684316585535990427815231885696
[39,2] 2089749768277367231287673986183433091099525235415541476806327444544
[39,3] 3335024393296949823759048718979490884462614187408772644488011642880
[39,4] 4386904112529686493763910471322396625728948475910717429004967834296
[39,5] 5049235139595654246926452604854159145777982434557645038694100784540
[39,6] 4950100308042750582724385071892145970079484822333547677870707154408
[39,7] 3944140616553707467103931979900012646937056409010708800123016576892
[39,8] 2460498973697807548805629252647520759671936826933338619682018890466
[39,9] 1151434222177637965955525166666605071272809258865654027422306414316
[39,10] 362800203555812575544542634526256191282487151628306401581423521104
[39,11] 39194654888802997833328671274221795545746349373241042786690558065
[39,12] -35265309271019202926606744279008736853700455474622225414069202432
[39,13] -28202315927023684888316990311236714596474653469585515142020094580
[39,14] -12394755333014204803731970744358182777498009663285347888837690324
[39,15] -3938706210711884108076908262075558445120829727559250872711244922
[39,16] -962654013763584407722146166024093198354505192843837102725458000
[39,17] -182568927707924159484579500330379471424137858514810935595324862
[39,18] -26084194812600163651751332115220706750917984654112419922316842
[39,19] -2508208960464715435908170375319048642335890962073723802087784
[39,20] -79093963258546298002213895063045630102516088667311915771068
[39,21] 22741178794128723494935700507963436996487379409712970465355
[39,22] 5017063272589228314105159010310694138605580261206788909428
[39,23] 545129163185019776073499665405840445101542340172167811468
[39,24] 31493012207895221192412094099128352520210370029066864056
[39,25] -208777771103665119964075953620657875878213260995090802
[39,26] -246530420614337889187877778164208718915661429903520622
[39,27] -28757321372681925604895213486199908392711809446776804
[39,28] -2129938366091229187199657944292214684394608602000872
[39,29] -109225637180394317590773758869319193090315750132209
[39,30] -1773459102050624069148324589046349812622817430616
[39,31] 402316644857787367921512602359796872712238988272
[39,32] 53140110783617531211976386753537476077110183236
[39,33] 3482800899038363165973346561382386225705033280
[39,34] 131433910648319707090783603629058400334685808
[39,35] 2416313801110126164410642917522400656958834
[39,36] -3652726897628982262475446889618353416624
[39,37] -901383735947196985756263005009347061678
[39,38] -10464216958232805518475043973574415982
[39,39] 2655601349833983243206722469190276
[38,0] 5710430790360361224322315652519479912717272190315195345383986424124160
[38,1] 22021378388393877407106070236750788460690506417783319175341249909384448
[38,2] 37609928367282021977609761712053469906594736882814541500525848981107456
[38,3] 35498315487637809255775604895520054801186396854874538995595767977470272
[38,4] 17262106624151235986773457944976953461818167016239126196511472885396968
[38,5] 236163707479125813705092142826345062067503800576270168738447128075536
[38,6] -4758597984215491346505870028991406280197326727381536274854374405879922
[38,7] -1273365032529261835154917624089926500430450605473756938679617974854920
[38,8] 2716490693896316894852590291065784186424422697403446567738297485548600
[38,9] 3732554862997578337595654408098286963950626573873778085640333046973906
[38,10] 2700741473602754497303888892494290921580596417163041557155487197502270
[38,11] 1373651316838387088830340809077140014268705113828738492591368056458324
[38,12] 532956722176565298213350337823483542780822465611504203132628630292435
[38,13] 162853597584960541723620033686463674422738614639944679095735972668446
[38,14] 39556039894429254741477471480054113387255434655053710654267591059732
[38,15] 7569268232799889357836453239053717099952501151899496063756668978306
[38,16] 1100047078887120064299866688224537845061178704638758996129846907275
[38,17] 108207308658546526384189135374682547666881735170297049481505326330
[38,18] 3518666892413254281987971706841760468233100937269082893417089375
[38,19] -1042927011681230456747956268058430069761621209947270273283353616
[38,20] -242199424521092091905601828830535612010800550193210712386811583
[38,21] -28574109077094457795445570378441123727858237900259410562878440
[38,22] -1976354850400832272759015725364114193192970788053887206194100
[38,23] -32780555276765687162315098144558898665123973717558090528852
[38,24] 11221725205766492152072636566977147795930433557923740473725
[38,25] 1738920633352219432963937905753624393941535479221801240228
[38,26] 145896985476823085292750273410029688294442692345330703850
[38,27] 6256910121766378538157054181544882073691462806642581334
[38,28] -202353856102286355117291623337882725243886078143820925
[38,29] -54711939491562537469076991761371797369748151746058080
[38,30] -3715263882852336644423711885529941925265748632836912
[38,31] -42565757007578161952363743486195157384588810013920
[38,32] 11934630755916400617384884916373746545730056008887
[38,33] 1021583636131870353925146137086915938905727971982
[38,34] 41238960773030224951783634136413589243632159298
[38,35] 904822482242551288247646828543694040503459774
[38,36] 10060067908789612096505765357803061736176673
[38,37] 50426321349441891805295510403033846615958
[38,38] -61338234096126453152147668669803230594
[37,0] 35147149159184054375382100789020917255483135544665009506646275237142645760
[37,1] 155837918621830974285974276997971512159882356048517131801256416199530580992
[37,2] 314655234665276323798482606884030772375937308398281111354107196353783985408
[37,3] 376102701093045195969406996393067315157227705034217750410862043991156248192
[37,4] 282528412995665015753436632302789286255036359270796849491532748122838133344
[37,5] 117696309651152947940423486163487547458940971393504221127587560502299488064
[37,6] -5647028067337109374991730673994646770729100362184083431476238574713688784
[37,7] -49798033846228935824111946936512495639660645611609368240771892404682351092
[37,8] -43175425591866822744811469715651040792186595114806462666921725187270171104
[37,9] -23690541838043842020096319550866805059837040298309130653578489987247416856
[37,10] -9641973272590427883500820356073263764411706716742847959964720921877467282
[37,11] -3056800897222495490594334920500936698508215190089361282435082542775130000
[37,12] -765930883824921199291858268868949229704168778387657277652089545302301234
[37,13] -150521167723220613497082003826660833283228440610063984001134655210851625
[37,14] -22309815174551239403276972029064311435127002250441901432050949506796626
[37,15] -2184962633411151043005827639164496904693723882655054174792797228362507
[37,16] -48266920862799353797401779537221055323120589224479262402596177750810
[37,17] 29697588906404725993627187907354109252309270325367093124111846284853
[37,18] 6733272532081197181086329621206606807490937760602979240375117985666
[37,19] 838082285169038462335929308109738224007835117178200387795125466883
[37,20] 63095855888636932919988531806948818737842543354585253998258218608
[37,21] 1217918711568068609310829948114659479260675180542779541654017847
[37,22] -418143888681496575935240952682947266518579050838492470212815918
[37,23] -69034634466396203175341214492095488887115227759477956388926298
[37,24] -5632675269825475885875960998207170927640221740458020893271646
[37,25] -174970081223349169543271004817536102591700763331699936514673
[37,26] 16049520122519407259196731401039236638040864126042708612938
[37,27] 2267156484921977150761097010378516525942378047794223451247
[37,28] 88345536402205789459860829302145024560518726491639404046
[37,29] -4198774161859551079328205988504264084092399564455113069
[37,30] -604543058095944753321221966325584262633579067194965570
[37,31] -20044602437555053374573139814756387291821090620123881
[37,32] 678194567722255774027107015676756717570679803908090
[37,33] 86632073993272561831587874585948987628602706851097
[37,34] 3609746945648745050551401825216763566694983023924
[37,35] 87849715210425027019739842229295516855152340987
[37,36] 1532204117240269656060095252482857851178085700
[37,37] 18619421107554650361766004699408348992279528
[36,0] 28865700483576143922539141269406950574268009108228712977211187108758405516800
[36,1] 160173241034147344606536867544166755776991748423778678676969615997017873001472
[36,2] 416370145386210674072285695032973086322562608838453562410896252220152385442048
[36,3] 672908977596492686391926544152117150966105553884112978488296783150862858272256
[36,4] 758212623961674299717512994104450531257100259272657539183150309563064123881184
[36,5] 633402946486936546386878625807077910445721275584402980658915334206934679453536
[36,6] 407119912789931870701081742336524543741092605253332617337398419707857921572296
[36,7] 206042089132549165638616226992834154491363282946357370187524457154478347985976
[36,8] 83225012482331109812277121964108611938245359638509681850334185209998450605249
[36,9] 26974898338963888586472786466503091352822552827566865377436333207074662610544
[36,10] 6990188509926900783408898088222586834867569695246701564225785610542548474744
[36,11] 1422866683838755341232195215249372259335345560762248569469333361759498083178
[36,12] 216606172873445426810076423669100506095875411978631185377588687789472163465
[36,13] 20959613977326296637291164342108394445229523319379154425251593733693830668
[36,14] 103088551037584483856777462163923472158609587168655571018374424476597059
[36,15] -411216362784500933508635716812300887041731160467165420165666700042350064
[36,16] -88446921662038716038099214472879299734405361368409463303357092603320655
[36,17] -10620366236224699045775228063311808689038088727913784126221484103273796
[36,18] -654194786151947527040958783947359395119595641268966763078615357196367
[36,19] 27844966199453390406912256112267964053114392515202499184837179772388
[36,20] 12423407019038231409061423382323211934179233477506692843510117440170
[36,21] 1589028671321953234021450534764450969629979657601550865210016207106
[36,22] 103408543894246276296458186743939905888943688451015409909349889243
[36,23] -96219811915172490011595989492046632220557668499017439544128348
[36,24] -736183082056550824576737374289569170239268719163132656612544783
[36,25] -71374733083250709350348581822989997268921137068842729176515184
[36,26] -2455273459491465558831063151035244865078725622714849089849717
[36,27] 111311455411072131881705640171229736759250780707139764527636
[36,28] 16540025454918713647818350564099412364488272682002382403096
[36,29] 868876101177779801214069083279492565442643278054197759302
[36,30] 35257209878101170612774529235270883982225884031230101369
[36,31] 2113490685779022795339296234206874381584515493268638528
[36,32] 131416355262075051510867150944107476990691065568697176
[36,33] 5528592363813409778289235565916497075767459274012244
[36,34] 164592191477414672923915840147283622581222585021480
[36,35] 4398458355818188555904905543797845833509491109804
[36,36] 104018176120844321423767550472902829023980796592
[35,0] -60955828777421003735093555022504624314279180064519690913321144842303653398190080
[35,1] -252678957163148762606222192346535563731002725182297556292856514829016555569015808
[35,2] -493662849315794582061624753935411720859264273555193535030629546592622673046781952
[35,3] -603024441700380922379957539632090765902332506937434077124753470274963586970103808
[35,4] -515129780925045305331743718976566746883152743997261743984443585298638590873881344
[35,5] -325971835480951187052620118613079978791511733550824935722667521939793275162226688
[35,6] -157765690412104338110136885023725405883760401780529460500626912378083081875636032
[35,7] -59350426732390283841065247669462681512612836381602749785726060806112604614424384
[35,8] -17401766221454374945077677338456688520181351282659627434365655203636019557699012
[35,9] -3919392379522757642485186578344291637542369774968510058105246392865539683410226
[35,10] -645099690478143587177991220328350592247970020393959426041270378366062289899092
[35,11] -65045834982302659932429932711315282720535154775625965831732603028155859583550
[35,12] 201985143051338672086543818519509298875632703240037020679051893949185234004
[35,13] 1451075546837550261849770264963605800872106471379024347249110687235577231604
[35,14] 265268619095550231838873046939489407629767785832484279745588887944733021902
[35,15] 14390113464771865849331255506659982360775179066297342790586272636263996112
[35,16] -4167487296294493254669130493343604289329824562500030179229490247099337498
[35,17] -1327386406336039237231643462959319303109725252570829745119800234550641425
[35,18] -204861696804330149852116680824589220413630916456079750027864115006897618
[35,19] -18538256859971006824001513211382141510558363454010224264787896241985781
[35,20] -535113824332150998856693273671449702802228063072142927322451344940810
[35,21] 110567278807832916465501942844793762576061506741850416866362388853087
[35,22] 18028983667774112913624854866246356450951307884054353183709930790846
[35,23] 1094945855075915028300692707696563870650078665893931752494358618939
[35,24] -19897360989875171630653511270941057083072114021496180331556377420
[35,25] -9586120182788764445836192461091210129483252872400656420944666139
[35,26] -886883436021210163463877267215627167936580478813377389551715114
[35,27] -44613971449675241920670253728559185738580158211593012865964956
[35,28] -961732828578859834638194825111538610198739642431718426575320
[35,29] 50343988872596380865940430279910471370795406882106027945609
[35,30] 6761783351965253867971414667261667793924402003668751625016
[35,31] 396258815316477194081954340444565462868399935539893453294
[35,32] 14010473443945437932074479605836932891655918882142171508
[35,33] 305555910754038360017817523690673728063228843749548186
[35,34] 5262526327558227752374110249561756700566280628127450
[35,35] 144152977154589554521516946675520666778525680411186
[34,0] 13530813178050136684758519280417068207448386516763553043546015685818838582188046336
[34,1] 44179041542155212222214925252417708970740716163156594048444282606859747476948774912
[34,2] 66724820983449160866198168608896759722627082152446837840196561605791388135570400768
[34,3] 61629700619049982864726104380350527675515254859612618174145806219321370426866647040
[34,4] 38787509222778031015640618034657004125901975880509726047748746164727390661879232512
[34,5] 17583168299704862446778274521142482664263369033876394177855923499027911756541547264
[34,6] 5975927249387980906503587168007099070748874885751280760132962821849140400604001344
[34,7] 1621256726364562935978259172955828666576562078305674845899609217974082488617478080
[34,8] 408407922845938802913526795196438380125714033630000046037330209499465684514976004
[34,9] 118708092948465793168115306358145840368821109865430661595280722104536164996178024
[34,10] 39794803955139792917700619586928353716562447577534045639661533878468102776126373
[34,11] 12625414583689488892982782806840767418035155449268231673994611881277290697145132
[34,12] 3363011226597228330045174832015311242326107141394206181575899286493285854543620
[34,13] 725617963786570241973066446806759962932709972108506976613322338098152052835194
[34,14] 124605577061252132447818140413149825224049642426821315551773651553707649328838
[34,15] 16375592230141023728496325315799553775224684237963972605245720332541629614134
[34,16] 1460239896668153866242204103805927291644322123240565049612044980452704896979
[34,17] 44096827191207227537829223540445658759026534883635671138591867522029193618
[34,18] -10027828574931382269111321015679021078376424050497850001307442491951398075
[34,19] -1728965447611944100779861933825465626557795515787504545355795566235849310
[34,20] -84503611083573471094371007457019167871305306302159959579952758991564448
[34,21] 11210240552340155348294913599767303993185320709569098309685315384828934
[34,22] 2499006260795495597864155311686612452423106118246561035561431810123162
[34,23] 222638180856053479944477740418702976347657636118218776012462889292404
[34,24] 8931633620054740169910351429785933567185354552714793919937647857104
[34,25] -204286015566894576325342167574524835216654607450310555600578864862
[34,26] -49500728421942559995904753274057313748241536660489204759470723460
[34,27] -2898572633294844055867941348085998198673822620761420475983084038
[34,28] -47663506541661354700495462733593446661003723669582900413692939
[34,29] 5572416429053804779045156868914443220510752449430097037540922
[34,30] 553289914896450939156211492396991037922214596209469631703970
[34,31] 26365337339032582812438482169540590120318892257684629320334
[34,32] 752790847221402707912735745023709006704708011171031602256
[34,33] 13593555087211236620564182298081507604460654319173530530
[34,34] 209648155573929246089138270649299124633542399675615972
[33,0] 2535638567921790394726448860407685288620058269582826756881347481183621471207509319680
[33,1] 8547615384556877627795489560810002512197443341185377713828824010044392461725749919744
[33,2] 13301053076247151045403059563981912130363248612291570079123061332565774377998658048000
[33,3] 12592595172312727368587177648883442269484881507134914398661461935002294524418100634624
[33,4] 8006151977787987596646880418235338109406073934643386841250557917545209225877352495104
[33,5] 3516317811864414603327632604019938374266326924489900161537064885001231946068478021632
[33,6] 1016686324730074452678601239114047956332403150654722305744220877632902818861203110144
[33,7] 135056680734004740592393183171414564439017733762729557050462906584894751147842288384
[33,8] -36426511115390849078136396018522024786463172868371182874572054216970395342351877424
[33,9] -28980445541270218114595824853435974005782227462476484836365067453595471656277418560
[33,10] -10064431784636146272960557224893558365442552874055968754534185245447079783908666296
[33,11] -2355367065692549239482704182762777027195693922288649010817913635710763934148668730
[33,12] -394095590399198933855605101678491107983242085373216536248920553385060500185165176
[33,13] -44900407218739987163509811271198187764499797798737587546425787888263017336579952
[33,14] -2672822084211207614098271025368530928909675103528204577339190968086764037817526
[33,15] 65208307582169152619241030350086609270670948326822131798367007054652119269240
[33,16] 10598345389565351625680986679213002716906029263798494151702382682294493922076
[33,17] -6124785032782659893728611520089079640048990986247573556705560061844895539753
[33,18] -1871567757227323740753458501596229589248790887750760249177294090066059987972
[33,19] -259647195102805343314241375478398511517302183941670540145252101701203220666
[33,20] -18986691436015277048089597243634647667407035539492584475410698781445339166
[33,21] -272900488317803986084903435073911313175328901705415007644022741988631180
[33,22] 82718367287612113916095383934229272996810876213446523019862281869048630
[33,23] 6807402630696877478863982539739550800369459687549480692311084635055705
[33,24] -54429394292798377597327560787352197844283421566860687116896214418948
[33,25] -44748409472378380713524235189093684403953713497678846233094844787523
[33,26] -3330471465835816728613094693722092811803735663552617698918166483480
[33,27] -82192536920609253211762277475955022745881735778611685401951829460
[33,28] 4659439374729612025596587585238320179082945801468576932771625550
[33,29] 565854159875695246279879423647168805782299975868021866417874662
[33,30] 29618919326699684774235202572572826114632116679813885126265522
[33,31] 983857736459347146983863969651494338582299489865184465884399
[33,32] 23664255256724865015632886626566291505529959885907972984316
[33,33] 538223237277735660712298357972126808361909457438664054577
[32,0] 142219058363527590706389726053648796198037540330945367335321761100396946265995214397440
[32,1] 439578138490864549300085776764401309078127538771246144659681886638444140631686484615168
[32,2] 628914888208735585693847938690705942533558372899374556309359956924811674866298317821952
[32,3] 550002086525760201401010299039009960239574520479802279801493437350591481541773779830784
[32,4] 325955492740675632242127546473058625063931926242746191674908403115788827151625284833792
[32,5] 136068741873779565541880015324745929164249227613335695912223282980025678678555475689472
[32,6] 39337177797312204770733975397199550889095649103280991113854789561770843096268813018624
[32,7] 6684759843880498265829336600998104346640378587883810638701756207742571286766368751360
[32,8] -165175876086406723056072394807954559740972543150541150652430995317431700024719041616
[32,9] -542747343914044524666205868368918364011720682766054043209930757387833261011939010608
[32,10] -201631399480867665600115014342681164858037671812044786352510327511662649411718365196
[32,11] -43280463462344445109704825838760667327505639020012390456440601282889706347292398932
[32,12] -4710695626596925594966243049718763175390903103105035079886791047536968063906249765
[32,13] 407656903907250497740187900823316571268783775095678442202385112118806288006383832
[32,14] 299566354728909753846955504947287420842013143516041409512265173170219565629537580
[32,15] 68363285890683061077688383999955460523492165376553791100974414796544484901903380
[32,16] 9203858093321530594412194555612572319944331334987276006892020029788837764426877
[32,17] 700196080530456769587093408706591878042032753148662687449676194518076913391814
[32,18] 12019399596162560454572201936686680765674785419970488353469626852129777433669
[32,19] -2324072842101759641647453955403987273586425501966535835497485689837174964542
[32,20] 52089736065602580076826030814669864202566824276488597775247583845394270614
[32,21] 58861720596007178175913121595203961632414813453176729428663744939498769974
[32,22] 6618491363255421927425206839503347647308242094436118809765595931926596582
[32,23] 190147813099278859499719254601273812032713828679846135058078959104450558
[32,24] -25919013877107443374536966650898072836442269463206341853358177197144398
[32,25] -3074196538992933734318384269191121075394271679140667660252425503326546
[32,26] -116089065089625009256819733849548070924890015053125935826664224963088
[32,27] 2783795716687200238991588744031850701756955039190904161008286416020
[32,28] 533581225123770595157268594729850367791108598387005429741757171049
[32,29] 29445721271651841633139945481172264794625271696353601300060896650
[32,30] 951296138254257387338333188740843144729032960066718687633186724
[32,31] 21567812358280725988300102023196599316481664848520036784721176
[32,32] 581171496199007175694802846896863286165014505175316851371218
[31,0] 2622878385622969959870052971263682673057586547452713626898711436660176411154901329510400
[31,1] 11032638913243516631683268122013332887207981205586114876946732723903107764100906414768128
[31,2] 22771109717912189034122109471855446700234004093965330448021414071461127618481354046144512
[31,3] 30013520579649783492349107337466546515126627054897888734310856890316753314681840802594816
[31,4] 27879131194837962195662029652335372512466735471197090811796650665565294048144879408758784
[31,5] 19173309459123247684851505465689538967077610150973256662572075019629121313342835743891456
[31,6] 10031821434865628774888850440730301817467602920322477140638069199624844517666319952375808
[31,7] 4046658862549263693392719336763058825519882981583122793741028643146798687994139555606528
[31,8] 1259626557629053794170788883431204887445199973174627718653073347713395016847657629500928
[31,9] 298023572231522563643592322760525680949132872933066586233202646036550214650731961358336
[31,10] 51188547715724991329905593744098238125882990282717180858565366856425641740370864906368
[31,11] 5539661312996932169718491067549368308566900696592845790722855970882276392224708758272
[31,12] 127663831002879806858614174033026207591858502481699689408786429534972032431647683616
[31,13] -72971897886907909801215182191879749903078665885099008999048933076208093050927025232
[31,14] -13057327881570749365095307436046601581695965844131303590256363099914317677059640032
[31,15] -795965033947925142666399008464032983580453362162396375571131896458817468617604832
[31,16] 41431948990363287858653700873449933850725154526174953243302525489245898623527174
[31,17] 7923717384570958832424813368965603131053293464052742821651158456943593271143074
[31,18] -157948386364177571198524114363045138844156272207574508562324355567610152862362
[31,19] -75469835272399942718317272214295945143550514203048963615577017552953099834845
[31,20] 3060993481628619693197686626014791879295061089538811101821730630983201087492
[31,21] 1505225012493606756738046158741320189184764089961724635030030839586811493941
[31,22] 78980753362848237222956170593177182627677926604574259114690171573411517706
[31,23] -10439383779492748723873618564954159729566832779913025515502341219041579106
[31,24] -1713845184717530600984093157990461849227322173498155754914541821457288164
[31,25] -85853581419219435015912257407462371650929007875349878317269822525711321
[31,26] 1182075679541190554193407948770370141113941777380735780387879294488724
[31,27] 388784658891020605647877831248732145547658864993705090580151175767360
[31,28] 23320541410010954032776948636731064892093142629391452293267896517228
[31,29] 744196638583837109792741154472635957026932663517234610818535620820
[31,30] 14675081343257066541113349349843908857022905272022635881981794610
[31,31] 366386299525221598191585150354093593851873484253615093485939292
[30,0] 206931483095730401902701310933575007766843158166013639999601369749160512013678612419706880
[30,1] 1011105594332860387227661522466374065270842434637110105647359570832891466980610257055121408
[30,2] 2190071475922521068427548051684377695382359453200566496819491311838183914269643121607114752
[30,3] 2852539247301073514504132970908398762235308213063725354393877400214367599861367985656987648
[30,4] 2527750765002112599886077084619145631200999644574044844713805143393342909499531578610302976
[30,5] 1623371046133265167675377410871104411591007255382311156075450519275520721957143326991351808
[30,6] 781165020242474752317266530329475151591524057947187377407588326584084796547127829879164928
[30,7] 285250435334485707462209066981051129688483047758061898941116040565414955179994607416442880
[30,8] 78348024448702282781380352786268470188416752264946762740845819511462996613985755504589824
[30,9] 15437249981463985433637887819005071533351308957243898684015811373660135581932507030786560
[30,10] 1824729133502151157328628018637892973489107350183761355983970158110715068530485913604608
[30,11] -13631651764281494213980771935924146997735887170907623326450859946826523979428972655744
[30,12] -58350097951092331308600786146859894172909686032578425985060589569780143644873435722208
[30,13] -13346369429884694279046695190250660170788269780843763252201385301122427693103814501632
[30,14] -1608886115297681606412284299136934320020424430883530333766540882264041796524655640744
[30,15] -85570957483568358963769076353990846216268917496582115696705018385656792870190478832
[30,16] 4914228344813313968764167651484738369930740968085396614258084207396405497777393964
[30,17] 1208683222024701935457476137057676425506777822422693805358013796770592172753250534
[30,18] 76928561795669786229278174258776838843364150892468934196493996354944069302444551
[30,19] 256575998820254732370836945412977524211792090244899550247013695649998506183216
[30,20] -167701474658692493998063631573616274939016287540801174015165364834929780120438
[30,21] -13706284516627993483607986361578056213431685897915247312928391163065620174400
[30,22] -4177465273056668323707458302647261167514654941330322251461064623167642187694
[30,23] -660992240324249791353696145852969535350314404828338318165229734890858206354
[30,24] -40218815748450715940545354852827062003104868075303378461544342496287578396
[30,25] 600121104952878875941705245644104091639426617817828135328814068150973762
[30,26] 241900465875509450670515420742051690117421526335143809711754922150894230
[30,27] 15371094257182548310556043775526132772024178458413614759060184507589260
[30,28] 428248598393540244351798294830597180548001667995555929650189356771496
[30,29] 3199541652748077965604114811300244401014370529568312065913416756868
[30,30] 24524263309694084203194226665307195788093320982435580383937225970
[29,0] 12885144766312117830253907739428296211961145803847124116374488341400664882102784024671420416
[29,1] 53373244634691737098744023123877695590050963660405802121852584963339610616868489903296217088
[29,2] 102154806417937506403428497007689525884379507742102535194258678323335081739827064390150520832
[29,3] 120476279296595443106511328036962697795545900201006232765876926106995791549866916241408327680
[29,4] 98136264364988020959507632000014306523375178234656160113903865223845085200045554651366719488
[29,5] 58432235527050252356138958145837661519355921682604181176318000657179812079862088267825758208
[29,6] 26129215447485991106767580596058265372550574035411852757607742757021162624655064598088916992
[29,7] 8815183989114002498858621414736845306615816372132768205539919178662191188720411370823774208
[29,8] 2191392883995570867523464662524528165149845975992876268956133714632566465458590881542356992
[29,9] 367665240525022669959209747692951365230828731353026659883127374114196171456880722381310976
[29,10] 27112098177864907419351779927278501997112942281263917538519377888084696815179855762071552
[29,11] -4914281984271276828365671936783370611951583024254855269498845709430095320004075951118592
[29,12] -1896594821494653600400566025327809218890213991987640854140129641395228308195533574443776
[29,13] -264706321395837191136119580499977140663663851998762077017081170248927909152505918406464
[29,14] -7123844492511357584034769703509221392091945876708628350653097407312445675203420716832
[29,15] 3891575987136985807085389804167504826178087876549587800462638958083958287302438610656
[29,16] 726559712725072094004283932650070012740117733466420101938597432287446908482554030520
[29,17] 52460125230059246940040382733407757152628420362542975279070621919766513138031894136
[29,18] -625355438142928536651722785970850349125504531102887224307676353471359784611731800
[29,19] -429500220447021059717059501599507150360059940716530788978323936706922848897442206
[29,20] -33107468682052054467837441395663031162941831501292561717338431688202772663370062
[29,21] -1182159584843592904838076233942151613022797730827075792335951191118274973836654
[29,22] -72118227574340241356056918697923738258143372427871638361585634429730746137428
[29,23] -6225089881043018652723465752877442882843427531339465635294207609043093210423
[29,24] 339794458488697513509664499309041242494121497988193542382515507830094964286
[29,25] 106363388581642147460729032138870561096277875051543507089036999440606783542
[29,26] 7809518032879997051073595049434257126158941920853103842158482806989889788
[29,27] 202757894443631884900735591980197385547466805928666841362993849847639499
[29,28] -3745666625973715938811513097298048703214887553131333289886102447415440
[29,29] -294081798419279593798104848479738251430703943514828939739298973324850
[28,0] 330657033440044733568479079110577268029204858421901860618937965027469522323576004028509388800
[28,1] 1274992895405405387485927719787436490515329167782062617776134796211047759838956214495068815360
[28,2] 2336496944343118455379685223653892585974259152591029872424312755611961816495485611864362450944
[28,3] 2697004898960169448612539269259303336540006781522462978983166592189547872077282048913820614656
[28,4] 2185747416333955125853803302432557409938426455111107688258452786193353898884908398765045923840
[28,5] 1309718337388711329959940499429621921866933780173759516527399102839092444757316969522429329408
[28,6] 594175114133787172856181887765513857836127074250850515500424428890761996148876377291484291072
[28,7] 205143106300773121277380059081695258948105836867313122353607383549543682850657525358030995456
[28,8] 53270889962199555366001102607702213923672647625032649391519343373466444617609741458866653696
[28,9] 10067275703387809617674622569672138833379992606646767787602207799939465494853594221857644544
[28,10] 1303953987757717323277711812371023614785273243030467476605817603000554735127102400284630528
[28,11] 115186814492406300647293641624451641407880847508760711078660534257414481287637266834720256
[28,12] 15900257080217678585750205533200324110171679923359630609431167471991431468043027032078784
[28,13] 5465119827386052310951197687247655133009883908684407176547190214146742289923558537932032
[28,14] 1372547008736432934532729539055219306185199013006089228065300291920278374411542699256064
[28,15] 194898133720639229767111836722801533591515026699772040565173047114193578227500874829088
[28,16] 11307313381517218907161621300246792292497006462078548696617095569428752419924825529805
[28,17] -1054974803626405770579974529274120997980960013282116914131984673313830363972260469184
[28,18] -268816266863706296000391191066560737417846209557145901666884856288170246409889524984
[28,19] -21095399018139881755583487034327435125768279401967136392865463921959575126815315870
[28,20] -240376497848115729882613103918385116199760298019780401798696288273008350812063594
[28,21] 79444429222341046295047747863675074652954782883357194473523906366753887858329546
[28,22] 5886745849207104267065452323929566148631028699396983008126475866200532426264462
[28,23] 249381983279749829536096735892614808651591493314939093991264652513886189748972
[28,24] 25081683419311771210339360001990367498549256129799391059049783158301333413464
[28,25] 2258593631472578804367853019414821438262372327483112099298044588493263318966
[28,26] 59673746949151659773382992569515615302238300232640930178220653768111191826
[28,27] -4214806422904527942753357421886585139171214078838026638046324501619457800
[28,28] -326885581172428616561472332668145272143643390833453802762834368654468904
[27,0] 3552704151214522528417760694706363330211313979705737007445181476458320303131835259256138629120
[27,1] 15528034605242588573899825190175214391402794674176867005670678452046703348122744843840827817984
[27,2] 32645526249758042815913362917048488496679623258822576608980012523541783855373863284877046317056
[27,3] 42835293865955419550177425921430345558874057286424286297469612837695354961760259261728235585536
[27,4] 38681362409367112947089039024292042803439925784982263225684407579640602613008939471233041367040
[27,5] 25243543374271487736901719860810105025486834981750890197501080114976455921092331895287000760320
[27,6] 12227007371841786793202591717621877601600948443146800165888077014014551807924307098623723372544
[27,7] 4456258731446639536755318319710098253214869525218269166827144916677328960082055325140506984448
[27,8] 1230079487074341419120060858459627438113018383649496414173172391359677509574094401616649152512
[27,9] 259718285330743631499406200392027754647304222089161590211183485965899066972835746276227683328
[27,10] 43892785196063291565487885168216232177608734406153821200051601093384168937091634008876269568
[27,11] 6864468466077107291397444964028008856118629100932771196869080199842720747483094911360452608
[27,12] 1186625104304893914040132213666766136646365935961813653253872602862145369275791450568794880
[27,13] 202008159968655706362707714530096313717433059798072779818529436591421397096722380626165376
[27,14] 22985718443995526001806155803208806797430996499345295200896732936603509345474229813870848
[27,15] 91578175785132313265296334133246407215213005713344044454840514407242100003417780993984
[27,16] -498570356439570672460166857371371749151789744742282544519956114579374028163599358300044
[27,17] -89947767384781578660238722445944859854586305124396391740267360024446809225536761623766
[27,18] -6785661990680579379732198288691578712991181195360989140095386590482691173801180909548
[27,19] 61072963300820937441883374716088425566700453568225898981110490975538105371743305326
[27,20] 58739600274173918998474797737118444978901303489120485804353754772123697793249066334
[27,21] 4875909994276398294616127268306975050201567945748154109264749546490611347541756364
[27,22] 128147937400190893844377940398501436299593024481137449698531842282623730266120250
[27,23] -3299515770238679951691632345291366660871576798432290963407614658280019028292999
[27,24] -128677310223847647539277962202417626031843066504791757241072745230279060343288
[27,25] -1908104423321883816448377858524714669974350119911134164543161212716554398229
[27,26] -1997363827571376212010472460386788197443843474292427207156188534013842903334
[27,27] -182978357634478706899138853610893279766400157382449234030420714281751758400
[26,0] 9884531006658902132430551991418645635201519824989520846892366372329464092215422633309981900800
[26,1] 142791605310275466040315073204149844508552868210795139959335325296811830010752591204261441306624
[26,2] 440642752340152840559540407102834311657040656920858246070802206635848157119327411672620000935936
[26,3] 681717792535251556874470887664195256500936218039466055921253290753291064858622089517316159307776
[26,4] 655337488218166328212842481709366984402149606522523667433586384764380676183238208661274549878784
[26,5] 429615895312023727762805954450809413914049191276907165417554384427138561638727593508026699350016
[26,6] 201201675111377744864819294169107349849064970127170060563243090716555141511987177829351798423552
[26,7] 68859342343347694691981680115342793315251202145589002804101640933433261231053468150900883062784
[26,8] 17398213348723510276818765713231256697502880179551907025849135709326278862120387401289198008320
[26,9] 3286254106463233273535673385640509551543373789362253781961840942710169635719511420773298212864
[26,10] 487700253118346981054099091298056939860616021412131550685259919632687301820127103584745266688
[26,11] 63673923426159780997761256944030908324562625392844753335138941837742970522462430711556112384
[26,12] 6623635806382048482533944699091348708605584130885623752454144360806992810755867478589588736
[26,13] -432120721542046796757564058258432478426296271345987360528081927987147731371136162310332928
[26,14] -491666048391090997529605920416760019134703451696006336144549470646673734324751145816380096
[26,15] -133713081631928693552111712900555431645071498361355753914179805452151071477187822970664960
[26,16] -19553763926213248042974041981678598086613896520057656027128829470122798695934006453133396
[26,17] -1301860168702803636166145264326277373861404260257924077115601208827957076395619269428936
[26,18] 65366316265082439889171264118046113783948083320103753059781295470156927152045685486707
[26,19] 22456327166114206083895711334272847788424502296847990484180021292447486247821466039732
[26,20] 1946672983597938560232267588528729539808507101184945295223161163352658034355538223900
[26,21] 41200954719500993232726818607491163223841642035820304559799097720677582808780167312
[26,22] -5651663884473110374283663895734200265353708275279553536052811787463923793865706164
[26,23] -475805174117422288800554070777775753984086478563716761444293227083225969959179554
[26,24] -12518923892370270867825903284557570144611512412333558352584632074160428482850875
[26,25] -289489312822477918233355769949278757595152249590796279256511930857181632841252
[26,26] -43222379442971732398205519675516963021571105445345757882909268648364339722636
[25,0] 415919162469903358195999726228722385447178734166374008599620744271149421969012994549260814909440
[25,1] 3348092594534088691704936335454696371608362561360306018128136550198257667414449984922659443441664
[25,2] 8373804858835743258831617865526987057388802769531287673764648491441854266642683837528446104764416
[25,3] 11025225800812552458793117263856395130711130950017716215453635031879409996245434383845078876422144
[25,4] 9061330971584525679847466438705489213439267528894943993204912710706114327065488958432726778904576
[25,5] 4988451719944783612127488103036706733480981217517175614169110059653225178840707956552605715922944
[25,6] 1872707151890536707071429213292255252535841513226778884486535946325935083076701351648827273379840
[25,7] 459512669901541302842959246649652571762310263676625842522566919029369513676710262077190120636416
[25,8] 57376885346837685584679524114023058296864182466134724004980493961602517377235832374982029795328
[25,9] -5564052473762824438910492063049510257100280295332246582282229742786000917942563792482223685632
[25,10] -5002029994352097385108373185842501283718964251906812159831596618329786037073992260022721122304
[25,11] -1687318265587261503145800533026661742514588602512055241063358245072272170808021322903901211648
[25,12] -475503796410659306097523977946579143421461498021258042103800817198107813845129272212245652480
[25,13] -117969992914936579069772286006684076902052956671561052527030003017310681619078679116661596160
[25,14] -22780162470190655499002473214397320222195278977261971427279392922098860919648068903424100352
[25,15] -2896099166213288702573358241098961576191542526281972633157780795073713899130125368729089664
[25,16] -142515930256302590974549398279490812634579217129452218301773393477988950603139548620591696
[25,17] 24210222286854853457849787991378091255322915774643386541364435754682323428441387711682304
[25,18] 5776874300409723081059702556125949662684702107944330468542802814700801149998825454895896
[25,19] 504099299777982381513985652448197605850358157010544575581826884347223495835201774969874
[25,20] 7502464626696204736593494604802364301620883035504843506163392251223477227394514425208
[25,21] -2611291132282454914516445403658221185953039121815863397382810924032195684800595248008
[25,22] -246433252509947736928705679887589691088668300916868925608202869582576150754556151868
[25,23] -6976955710155481459943209604021987786474967313302262400141053454221031209585318132
[25,24] 189348213863376259000711819068439258381701800343346057362907127431604390560887270
[25,25] 10920343801265768055900711291488615492501974007800603537081839058699848628936738
[24,0] 24663889989998190383897895971535311171833770866390751846048902676684324207965290336547736294260736
[24,1] 93913279277518541523662115988601627485605509036358861348640469464899397577459144633747199627362304
[24,2] 155378246302338262467746216511786721730340918937526936887388606026315029896524024360420754390777856
[24,3] 146486830973427307639422410110955320501491809981395589151342630354172543602297670533608478284185600
[24,4] 84463829576456351241551363074224543271256830277483978854838089993100762768691679880482780249391104
[24,5] 27464378274400397913482153113210918421575123158358887942622225916960655852507672799286506986668032
[24,6] 1313187960051125099624021028278439004399884988701715757974406897202231547323001882672184276221952
[24,7] -3698194400642892922304706726138249530881282227597186799630240535754250882677079056557570741960704
[24,8] -2301893415285662551710852463443139602165132725903798320491075951332282822687167462629300869079040
[24,9] -867571940245180947408227578221846666953604124873326781238815117346204410094523073170556157698048
[24,10] -257254728841707990217186029120771747997059812917035016216797072118975145248041839628529656612864
[24,11] -66309623590297180970540973266842621276998164458971887685792359408337154470487527347926240753664
[24,12] -14784410803046745112712911441898098471933791326028347252686313826274612094541466023600708255232
[24,13] -2588283361211630780767075450861491132229465713775620991005360892342697978726766998381704340480
[24,14] -288009057246540379129826013992095493159989933115192791047403281418084242079344037371915800832
[24,15] -2975008781942502212506430973530692827991062377127213278439454589093477473937007870325864704
[24,16] 5690915448917437006029763558641488557053782195072423883168718549171896782912704620712888720
[24,17] 1102752367261445014965100486948313537877795742627766852603969686661782306487433148171614768
[24,18] 94026718983363304835400415551417447168217006661118893091054625890263369776500523751837884
[24,19] 425931530023417971022511554369017093044855174350710586604287505922460476606694480021924
[24,20] -767783603594050363259604218332361105958686129950744868746363592835600444485726564136181
[24,21] -76881989441839028398693329550418224417479695205610930279355750568803082942105123403656
[24,22] -2245295494804577514696574105328131809416611822348842172670976466228916347142727063548
[24,23] 143517011562941423875725735378033328239704846338966490712372215353606785071832765846
[24,24] 13120529190320708323075728701395586403795331037240519730778955439288845275388919486
[23,0] 581415285007027594138974135460023968975345576637368412389116566093247062042529181161816719905259520
[23,1] 1740786745063303764171488952108246699295962694642338600578703127991535466342290329682704592059498496
[23,2] 2262057691025973819928152676081397753394506914255212669388677339846986907861880550359112458518396928
[23,3] 1593407141540436415113828081144792934079473298038339902176160490700768570892950143367725686852681728
[23,4] 548568253959589365185957011648615293116395402641642679808854287656904308855850872450918449506942976
[23,5] -60543370355835882797962404071041585594998981221953335279261963884376694376802349944103616066093056
[23,6] -186757775001426834788971350375724782221438046385447504877585264628911395212630232468434103058300928
[23,7] -122421038551502645845809023054516069921244713264844908594283678648609522213380393339595098161414144
[23,8] -53313937713166267474743659594978131193846571396066490413595698439188007325258901626008097173012480
[23,9] -18287692565317671118701209607584551284995443225753520593765505110364995192998569179790033215619072
[23,10] -5203763241807195839739524185028471220812695854933013754879723337978349738620998736658223535095808
[23,11] -1200399392051106700041521553294791732799473923022266897799103720903911765017147539011927448289280
[23,12] -202818828728522155753128785334190259162449357267697407827326375841210642208560218948051452039168
[23,13] -17790748493905085854518690019938471376492172243882480291719162837664069736784333260319701780480
[23,14] 1810434275142012485889480173933374791402654703860654356346091266772573766733710357331862757376
[23,15] 944813938741711576758840437019849702519373697951054958037652623728987928281181155440100048896
[23,16] 162601866662241801468915880270415975041841533607906546727499855520471428266048734162779022592
[23,17] 13350385301235672704619390370555104764445657002628828080230807128425578674332357064599035136
[23,18] -147030380949092283163233965126313359110345312005191850991629237512573465049066680643874240
[23,19] -163873671528972779635668104651199957315222623614565602072209852152460506520972463396951104
[23,20] -17068164730819132007214300634805197850337013647765978359395475848182826070299759329037576
[23,21] -496133763483918907502210383374119428607839620764908230152415971412221941934847429744276
[23,22] 52693767779103794113451464186797362958720772916152053379997357181850411601955523598520
[23,23] 5638449471991957321947175991474256345493254104353478318258317518359937408966267700620
[22,0] 7770950410788529609722362186636207924020188877523461344674458744449306604629363363664428166807552000
[22,1] 20781814884493750820815208770214719571574013178875088568240914871741066427039980431764433097384263680
[22,2] 23548877783524856214426919549615333358140392337138652476250052839555471805682857791844200843973754880
[22,3] 13251445518897992294789327593337093950245725562595376675127144538812674051887286946005538033272619008
[22,4] 1575859834061212807178772375346937447003711690323210830993392572049256722093584367684374176281919488
[22,5] -3641620092545341086004381999602789676868443930583170951687796940949078762827382844517444421017403392
[22,6] -3631284599792830979067701814126158322005662469872428444781117980509454082303137950890621551492071424
[22,7] -2080261827756970771304990898424796082649978157104915529217846608814149317038774376291736125555867648
[22,8] -875047330701045668847624186560572944351350156659482668715036790889760238273483253954024509284679680
[22,9] -284157962080586006899742457112637691752635889521692852041661847229836927078018042740239261093593088
[22,10] -69216175102530072946995774344555687410250666132971156554823460667328799793346928002849471666257920
[22,11] -10994941091201998766006350430177525068973713531029271687742863691546745528989157293256419890102272
[22,12] -384069558489062972718286445292735064477884428938121108242749891498192228214827915278891858227200
[22,13] 357885710163879896534054870074083462783038571794902249853135061066011921467461032948791542669312
[22,14] 115950123196464796451307269202729490545834810647601846883995641094632437277553593230378841156608
[22,15] 18760067423395038408584453564986719945284114833031848778781435082050757961051144305127600992256
[22,16] 1471124326322444796885758864590003326718533783578216851673486380893137595527288490408439589376
[22,17] -49950816283591713268901033929307077608260417703430118883541936791444658190250457898552742656
[22,18] -26814013358447231260659499488547860936964204674837042797243198023084942156444924282705227200
[22,19] -2882990651099095102053282177331110036679818799128618525662304929371458524005066940712916416
[22,20] -80818742695384107436749236989640865113653544121044862487288936499634365569740925053299960
[22,21] 13119046350432913625126938210366735248813717817749187413414365146375072971556493233882992
[22,22] 1566710258058621320466934258311723554047154458140884600365988056990141541473361091774478
[21,0] 47365657315494663373902887053340329792365760996462819245916190861905876861484079877014139328004096000
[21,1] 99415382311541042175137284565963267091088302648820321799480162381844568825136898003242997882919321600
[21,2] 57301184990599767451312284704499872593356373548507550924572375713048320202770456678760123225897697280
[21,3] -51610305386612786105332673779980696281394864497914484891126106942295567827853137304017922145810120704
[21,4] -122843780462005335529043186621245001814049839339861290333817193308029844057946894090463511316241842176
[21,5] -119113228980759774422892268067352621647807683230512018135010689473465525904466123660515379826837684224
[21,6] -76345183447007306210509964339169056784772824776105350363089516670605308424084557648686550087334100992
[21,7] -35794572548116505455583814761007027732957658203957870279740166520257170894663750453225632307761381376
[21,8] -12453463461492102532246824951761227740690985315515531796896285004500191250661546148033272411214315520
[21,9] -3034415318705753591343656474575251746280124746736383300267548765472116231540483060262934811970895872
[21,10] -387766102734939931174640395368524684532381206964073973178968498809002973784794568286949929377202176
[21,11] 47924498608612310592781461610009071682466331769018088155508561101624194944913802329568418975055872
[21,12] 39739077341711965419499933486138223887423278340037804646164603771285764317736561371538449297391616
[21,13] 10867689762150884200016983090897698395557405180945825955753687484292677948743174374116426787274752
[21,14] 1706546587844767495931470435037898464778442884890353174668858309774381302120622274545213026123776
[21,15] 125728798508572498766204182550306506981713299938888935428502135324963031998192891295541490149376
[21,16] -8809867590554220548558936303208327114843061300510221119081065789077151271182316600451470723072
[21,17] -3471980506533820842338798092997181844375775795569888182193676723989882777259945211619802567680
[21,18] -384974137349328679683116407749362935698297776829328581485875073440554579376597153665440979712
[21,19] -10248528595939025759851614405273729636092102582518358192233277161381514973968048978780832512
[21,20] 2413948149671134490461479049520399221697044482241730125588601289688298768963420813850525408
[21,21] 317573805287069693561814730946601401913191329914367654669054532181877098230253875565113600
[20,0] -486442393763503854098841136741817804519944683246723295646225623999294174667806847310971481232506880000
[20,1] -2064733685041427899374690234979010395583318235986628077616944439301760087896679357881236107238047744000
[20,2] -4075906310923352351985104072204153817503756759542175042933282862690430956512304480589786250638209843200
[20,3] -5020292830756079175203911780827576753860675204369493468280604949892087043473417229577899256216163450880
[20,4] -4332149402623410158388070741854066970928121578222422061373127102029174515320864033221188317156300816384
[20,5] -2760796323557427005590625509647870807063843059957252797005262289375499452105743478285740632459905597440
[20,6] -1318151393771267383995882473340884471334308014206043568320538894288554197813562550272004761931794087936
[20,7] -459115397905684149232224933293688657449498798116940158174799897904349051421320889273203199785905422336
[20,8] -103116920379462318454124582544900670001851875408570766353920094407792144324738529059649653921383383040
[20,9] -5519242559788373263014158498681364757006378728658917449446768512346436528144331388566293801616801792
[20,10] 6440771914913032069581663549728472211905604933622185803218625977759642749279787921640953393753096192
[20,11] 3102136366786378437079257464327569973866182365780176851161860986191975822072366349154437351593476096
[20,12] 792611111568179615927812169953250557276095836124917194816704541910713940626931239743956545251639296
[20,13] 122696124244325073118162979150103900622055327736911716228420793141800473221554755125979056245522432
[20,14] 8136451301427010867712176275701731512734741416140001419516855027015742463550959433491770435301376
[20,15] -1104016191549699999676583881133650436120086476770463364648144253294716180001993377069188231532544
[20,16] -363503560003973994471350304276801454940966199308147382257713558475355413848433975348714330598400
[20,17] -41623732030775656496099053880537254834986638681956539533878870200334466286910392024892833538048
[20,18] -1060627674266764773489646108523189678103458587172458234728438655096715242501281193533808372224
[20,19] 340415958511780426323256858935029575558054641256664589143977861668738580630382645325885778688
[20,20] 49226930605889520423950227389902376622611833951080840714840531410904626735116020244688781344
[19,0] -16893765848841209348622325167848441720481077926349971318544580100038134550030376143560142534108774400000
[19,1] -57874070299647759479696559924081580399009216878652509404810862532379749357633374517868706758456770560000
[19,2] -94487352494476603108029300804725876234332516665320283600304584100439489416816891697380880466873155584000
[19,3] -97113425297391391916643971238132342001776742878033183297507429175881061440694525210467575057700041523200
[19,4] -69366150914695401896593626352867406386910432138624264054497284172809360334855604895507979126994003558400
[19,5] -35393797367540481702451837354203795272504488883659959567221291017170219813697728534935187501485909868544
[19,6] -12370077541464260236520759563959057977460928231596025051607714228612948805999654994541419003091349405696
[19,7] -2272269823373457037047896937988010357253094101307046668127335968360656340630871850539040127873477246976
[19,8] 358981228792516242862561953837163540849448376234969091916961418833240718584015380179193376813373718528
[19,9] 447998363128344426667170832851801049122611061177412760010886790919168433853747264807260590634622124032
[19,10] 181744863295304923614696751367736718108207866094672128989331377341435762736611070264237801087373148160
[19,11] 45289659224268290537767186326976458982384564892751234793152084557996172595713320601437362737557929984
[19,12] 6923637437299069528024384113864508650915512162692759660452717265686261901049635348136646271571525632
[19,13] 366681425796895594135156767587226337894692015794148354221213594557814257256043731432172365815382016
[19,14] -107459737897457281777924102835467871495779763625938158053200910004492687082177275491477944426397696
[19,15] -31333275470341208765844697727492629737866000109713359539639660892082887658668738204676102441353216
[19,16] -3712998778995319944132380790401541006516626986948796994644668437832687915091296455699010181218304
[19,17] -93903071701880614602518855637862969002993608234511185977430013264734823777976802112724030500864
[19,18] 37605221824803613430762667730507369242198368496991736153326943482101287695849583401470485127168
[19,19] 5984944522353187118129233711147061019949551546821877574830728080704465416204445091032846592000
[18,0] -221392480082478987597230053656545454677184501358413887077794450308797218832339113098492477762961408000000
[18,1] -706246236498427680899507917149556976149715268707758121616969510539862601430993270081741414760815001600000
[18,2] -1045130256717098220269395283447115770845193325360405724295614975266555368845170190777851140887344578560000
[18,3] -931564218452800990621296046092096900750207689307215860707147134973936998922865115971272301908919844864000
[18,4] -530902881926122675892741159889879709622657691835896689543806799912833652996514191984599509943386636288000
[18,5] -173259153176529163957986812346523975084284921419715390691036004055847165793387860234991763481428471316480
[18,6] -1213275506740339472593245016821724263600597635261630058707455358010332682501459514361679369555834568704
[18,7] 34368669511637742226771028818045524331338055982822016782118526024937206346776729301466996898942532190208
[18,8] 22054253488355720783814331720073322480359998159328907191959393842147773882328208338361423047785292496896
[18,9] 8231949959458599958185831321444248147471764778911932485421059636742751823192356534555798242866877693952
[18,10] 2028175703655447079174480403889439880790654118085675587224676899314103971144714648185695125396721565696
[18,11] 300971840835507194302005790952697964054099800592668355177791613828205763552470145980995186617987891200
[18,12] 7807218303485116246324384323081548202829307238633507388605572549083216945677865617305462073343672320
[18,13] -8403296756448662185824350257735113038063726579743299533908292440618529857377304507613782717544005632
[18,14] -2251143079619048772572989314474855825417968000510696263866814006772022548857510695932128737485668352
[18,15] -277359597354435417795228379361715440939234446689453748425710902047082649883469476067090803693092864
[18,16] -7476896346791388480561882953691458904614656663838953836635924898577605679987167533094658171215872
[18,17] 3293651018729435581159601449097592955994155980661234605292431344619116121907290609853837699596288
[18,18] 579764490605967174031100310254094739016504794821063933361568411792891194290980012879630263779328
[17,0] -1473490031377425678904478760076899109162345885006729090347559305315952953058939142770443138503802880000000
[17,1] -4090347230332878348941034875784990783406731366244231768189563949454266144712163084414213972624932864000000
[17,2] -4715968274353869311804840182541197009639311362348609695805837258034471441013645268611230243725561036800000
[17,3] -2342012674230799398089277170499256433915707953939506813947748816805915392196715778339410504037412372480000
[17,4] 577244940387546750052743368121593952039174281745851419594106559272955262763953429644905217188729716736000
[17,5] 1847803793036560505724083776885088109866060927707538614197457423952933224163384778350838440439852512051200
[17,6] 1555220774424906046695690632011957390259891689299202880889940645352837054070200514607686586592083711098880
[17,7] 808903598691125654354097668976529526391090502019736855836337523549370119173445485313455233432986834698240
[17,8] 289832276293139470766743527377393054527514398805747654560160361516261046903031547436420390747257693011968
[17,9] 70629015903392572699007204468931346652608186974999008326713329005192978352401836127558302386439950696448
[17,10] 9681437259699782046044539738209328418234947808008716951569026182261429913517353896127034554850463973376
[17,11] -344221404589648916607382753489002495653781617753321726833923549855853936060687053742959196272303144960
[17,12] -533530159861747608550439910592820845547575433802369255005597878532654389087240745290070867441059364864
[17,13] -135408184508205491242561649104926702237117040971921960454354141118771834659436819751579115969818656768
[17,14] -17474588761563790467270577173307202412471806636781630606243991016342354622485388848265486446879047680
[17,15] -544905558384050074279900377870770595521298977965575458336520610634999745191675419611475254438428672
[17,16] 230143741172149259536649588175461666662180341060916128960280834461329481865367805888141380438818816
[17,17] 45158766818154152053592368640752642121087838431198459832725396175305995276744768528762593434959872
[16,0] 410073444816482734958018440477632836713875318293477507615610618718734721865705834205511490627174400000000
[16,1] 10902539284972386737579286279115110155789222339061461398237449475317258485141259707245846503652065280000000
[16,2] 36275333427629860628475439871535186298461768915470650493470288312955307077197426348043315383497654272000000
[16,3] 59209549498951811027225968226675265209036271698512302571367173335604680242405828238377106928405630156800000
[16,4] 60429329238456454849106688169273256364130276364154354389131817729629121950977741179716867769040896000000000
[16,5] 42454465501543796533707229525422955433756226991540759039172612001132745141085718075744185952558173388800000
[16,6] 21357136901178237090539305720948283259812442971448481351049557571899318510036477047168901153310003481804800
[16,7] 7683262403104408600300209852865605831716504879011260909948681387338102682155423977172065804818255320186880
[16,8] 1847456056929127676559364814950098269123645560405686776071154684190627680109802482989961630475105527136256
[16,9] 204251630997799193516145686634102139362962873340617167043912189162912550384599329117335331158378465460224
[16,10] -44245803764250938020140647725464041143426869505127868576165544250631486737599268041241383869464340856832
[16,11] -27486644811535563036536666819950143575716711739647787623636526924766769001734858444064826933722119143424
[16,12] -6805405712616705238139832411376998783228079605418461609061189893951597550677183825682172738708945567744
[16,13] -928710392247248792175091685068769637807851320957978052917895877663075215606045907831440202478001061888
[16,14] -35450474451452159807336652313804629644986644606008666009084495041267139968225272270172551564698648576
[16,15] 12879447623614152615105077731588432112861587262106419020333253748755729884922163156521341560356012032
[16,16] 2846092559710538915791936330075608350119362517109844259720397842090874198889416313108198867925565440
[15,0] 120924823379301438890470339699604036718813522260855977847361177387180122991672568493299411739213824000000000
[15,1] 458581860701887526128531001688660519430683324004479745414414827348343262057743145428139705178993459200000000
[15,2] 823956191634007718690026179392468140011525124645270232435874143338328546420394737753669767047529103360000000
[15,3] 919106158343268576152883747719633580968824983958095772024945837213518011201923971244569706036732100608000000
[15,4] 700977910878305019430686364661230431127779646531018570424328360324833897235951347281347267017691470233600000
[15,5] 378039700412030159743150824348730920012079810792955159281049009308468404757611762833863261497418548510720000
[15,6] 141831832967034577096335234281071484206498751539544353585071974608739020526134359438240614946000930340864000
[15,7] 32606822281539805857424716464835020119637177077089333856688816617068392258106973033039553301535831936204800
[15,8] 1146596184519141908784078200161387621448621452366671097398357041264646882144583241191728801456523334123520
[15,9] -2492826154098866441170132737410657135337711793466735524628658278824081721251068421884087167776340630831104
[15,10] -1144217129133258754648332314010199403266447176272581771062582402767983583282949503522001034789556227932160
[15,11] -283645200933750272679359752198005077723815094356824121592971527189247310869324658997988015287698150391808
[15,12] -41373531351268612317946275139596539394365259442453845815610038875844901832889656679877155697751557668864
[15,13] -1978025059425227760427769484083560567284142687059170625017200486797050856866167711528273561063734116352
[15,14] 576868463491382519351118149547394945536752150828325369798470954695376840273176232012441666758126862336
[15,15] 145666295576579690221825441099572997631585738561053262707595827361164771847494536032842998159005188096
[14,0] 1407974909371260321854371930738500402269241559091872064965955119496744919564199409940985841702666240000000000
[14,1] 4649658244048947203672781994269720501069218265882324999422375267993596302533046743211367245832781824000000000
[14,2] 7161286406842188008533958121069936593776843358713287162320593658699975890392135113109781945143158374400000000
[14,3] 6693999939337971945264545714786056048206013368091351086729442474556720133584590119506201143860904591360000000
[14,4] 4092760458456009582954390240587125785541311079641501366956677650885727667798343607408948784327582285824000000
[14,5] 1581930619588707846536905972466545016686962074627543968368380530218017834956315196424701156959454442291200000
[14,6] 263847857055302999719474649607199410282862698402656618805832645249170722322182968434492531734488704614400000
[14,7] -102663494758252792712407973549588781942410058922607006219273254212874209526105382200168345212635574173696000
[14,8] -95508632610834364851061055484987410975132404045070440444391300413415351357281856100205263868855690094182400
[14,9] -38365528651676062416845374394502709156714274599837765230231571732664076578929700802207989208506669675315200
[14,10] -9719635297515544764740661226545309262193319093696890246408022819558500626537655449194619489200695567974400
[14,11] -1529048208285618909546571200296850512406906477581072546928151492724627018907304459769250865182777593036800
[14,12] -91144877184140438851592586911863716993694064628772663757750428658630730067080056805865859579722671849472
[14,13] 20605219680100960393289887040197505098541450657341306799977980731951062674880174078118886460047914696704
[14,14] 6057806743387641293608653957635239062446888606299095797634168677256554962836857763746180757547163058176
[13,0] 9151780952247657421793499106985202000325337726699220565567358829173348179386768312761573066145792000000000000
[13,1] 26423526805089446090132889130789203491988511760593355437967281215389306311956639886158421497856655360000000000
[13,2] 33705635448953778939182915605640824865921740611204085766012143475095496720095030659610956124947218432000000000
[13,3] 23241790216512428749616959155287099581972907042991538502222819295718130340011844682910282262689454489600000000
[13,4] 6921151327428375569869349122798170233598050699755520508402276434808514852817812330501828832952267571200000000
[13,5] -2720618597237037931546365055542802886142139147617962722753263441107777863898591733481474835391077941248000000
[13,6] -4349819791209848711430317414484136379540065013461316855032829419681961506972864105877520114169870811136000000
[13,7] -2640893444609726041851479625771516672514139114271916944941244608348336765117413902284644360004542545264640000
[13,8] -1022889309211713161538284102542017551703881116038655936655626840883299816571428661166766152543795232636928000
[13,9] -270974158570434197151406222276654554140855359894870238529832734600719892396114389659139466814015004685107200
[13,10] -46435527743274804478538527408258619482170651564808198143793050546707121620595918180743753058102590151065600
[13,11] -3404219284865169681227567891382802620071879864196840693225634764234187567253227985332325845869118976163840
[13,12] 582724943120897038293913115918129591314012159927832165294502386131262037049767097511122876438146596208640
[13,13] 204663486827401464105819961854771548539844538549852567143168100642927943377984627264401619252393264807936
[12,0] 34422687868977184804769799706876327275439654104066848761891464487189720420352081056416552079851520000000000000
[12,1] 72309451289238659825316259243556195341032858266254411296744790915491215262532364169201235008893747200000000000
[12,2] 38759771404681395520178404128392962971938564439541455846886063065895911004616500327365404562670223360000000000
[12,3] -46031101196121590639945179716614492797176569626333748969551068201262329977778200999403886501479579648000000000
[12,4] -98341807961164375363765962773318995005283212221388098191403082131299863329097701465129950298489277644800000000
[12,5] -89025190660060424527003389552264352184670882939533934454170636644673439492539987761811902550835850117120000000
[12,6] -51559390596264949454619979571306522893833426396474335679593831969592461499004315562393643431129721602048000000
[12,7] -20890503940542242787359272994003366873178227065712696118040911377749875775787115973923331347273780455014400000
[12,8] -5985191488564282678347869321534998629786776991238381299002497230381865235709111233815830729255216648028160000
[12,9] -1137586865727600856766115923437372033900161452349210957715286461753651058811696563094261692120740896178176000
[12,10] -101934741487016444162754188299088006062986335695325843516968570388564134468567587226926348377787971980492800
[12,11] 12705616069956605206243543107302798764795284864382471062248914472015470590524745854057590093543870614732800
[12,12] 5585443318238905922155106675417198777409459817704482096754344469403045405621797207820027178846620294840320
[11,0] 28063728753488729781629029526816897474729837721283583221580409946492080845886787444708703574425600000000000000
[11,1] -169270218348475444596935101023692372127091649827969822477021029495053441642423394458670236818210816000000000000
[11,2] -693719042162672463989555171226534146594531351563103711991120181717544846535398201016024282847143526400000000000
[11,3] -1112506393739824175399597012359953135403444507665935718655574694325017993976085099387807649533913989120000000000
[11,4] -1059958684680938774124327363632346500045281147570089580569973328218339752851068543442013356684054888448000000000
[11,5] -680542911273754071713130495081131961659263840849490241967802326069366616346770590821207189560557463142400000000
[11,6] -309069780658428681980733822898560634211043372327319701309772265841890530862280080724401923538060553748480000000
[11,7] -99594839336769644629684687259955684988559488480104304252845775728613595675010620482908220347214727217152000000
[11,8] -21478952780692845484786313470984192817412580008426609457744293530446739671007845482820206760466046359961600000
[11,9] -2330874050179978264612307283472582782101010070279135532664058829464992925370946518659698591579808139837440000
[11,10] 209440165682948882615822128746058332196922524869709236155172557143052456317837070119549303217144842944512000
[11,11] 121601841859890985921706893043599280611542181863194560656758145505001655622451009441684782955417123055206400
[10,0] -546081790223673590889953667781486096012030952206806103497224875701852437650792301464479915835392000000000000000
[10,1] -2920063200627873646622925390282335288656871636840506973640809818353129491975180160199018602446192640000000000000
[10,2] -6185038517227373299068984533047179363682578519616043659548145284697753865288537801278424504693948416000000000000
[10,3] -7435135258209379605468979048207639339489093868801018442774716530658388334580158871171845471942056345600000000000
[10,4] -5811126322685745108014220454010284710991646715654481524753049851715111115845199083541128328332433162240000000000
[10,5] -3130452313186501578119165950172055027695175914162261597636522048593677636335708902343293296937212575744000000000
[10,6] -1174831883170520634330077322004733352784998141056726087631516171898657622271472779078758550664574192844800000000
[10,7] -291830736336167462718684904506072867520273922711092269843793691804630734122049007956482115353000678522880000000
[10,8] -36803377305995532987137628373099738516621549172990669306499969910208994760211322347596600312657484972032000000
[10,9] 3114608301602353761797194699020941767887134596427254008300740685972174457140366608919979340240851776307200000
[10,10] 2160259382504022521190115155662134216429201512605026339941711778911968810411151796261117461469525023129600000
[9,0] -4075995835194946489210376540344650550713770675822413116179208472183750067859869783006955165450240000000000000000
[9,1] -16605518693093260931172800592209551861568188033222726798292712497305420442082008098775829727884083200000000000000
[9,2] -29524186022142940382070312561347123362828052728899300698310156073452975789342045359724582755117301760000000000000
[9,3] -30664902529115095922946754000824546928292086846831315923717424562594519452222315870076935902930665472000000000000
[9,4] -20661856682604565554912885164446316270596007591016453649309577572035654916781848100234431218537463808000000000000
[9,5] -9295489261971789525495324594399751187890108347450218245451186615771875674698844275399158955793511874560000000000
[9,6] -2655635528503363487390914159805369066221520869516355030923529976578443436561788698296736975620602331136000000000
[9,7] -345883506185246758996269497971257357102768318791794158826697471347095410326427428178412934936046809907200000000
[9,8] 59696127243531475514512344125954470738807146365588699219715907740577626524295172222539239996671980994560000000
[9,9] 34761924777273176827078355171047893318975047719792369441168906818100709648437102747951006196855396630528000000
[8,0] -16822490123233722700508904599098082032452879112063392682342704969799360121075717744259272319959040000000000000000
[8,1] -60023187543741823840704232013021063005729032905441000205226944138070253730812676623069608820080640000000000000000
[8,2] -94136522284382112870553556775745554721366070618234324115576812729261117948303813047140737690265190400000000000000
[8,3] -84855249985593050175825740549316754622611117021787084906766645737707956402502991520970437119862374400000000000000
[8,4] -47191840732612196116182729809239705616739017935470168110010660194645282258862275831585500747149606912000000000000
[8,5] -15177711434790698695337541703921123994237113240328122666860760949495121013218754369026997715695199846400000000000
[8,6] -1344871595966772994744799846222846530787709446708568533638693772470307413258356396761208292676846223360000000000
[8,7] 1127566090226912447371770636553123252049365888532434161248602014470575460769493907245728295555094806528000000000
[8,8] 531956689483104007596235629297476052542671226550756775863866534799476636390044219514910063324865495040000000000
[7,0] -47564821297158077641108388230628979671061828233161071153820126402945211375231695753880681840640000000000000000000
[7,1] -151094541232391369458194782912051642618496125525264267006880201757588062558395881330879117194690560000000000000000
[7,2] -205215057368560539189941929362214197068926456743113314330951689701368195940475486292416071255195648000000000000000
[7,3] -148712828622541349409812367952914495901871519031125956482867561367768167901122153960478579238528614400000000000000
[7,4] -51873820633470228842968715955958888008077146774875801842487406607663608407353684748359591222354903040000000000000
[7,5] 4444934399884690716344924346647815342104551818587872026666346491723636569733022941050245520499408896000000000000
[7,6] 13864399481260816060437293531456480408618937999393608189466421788816951765708810509693380894508502220800000000000
[7,7] 6587237566418097727199798054242536239250944185731754170618968493519006624614576491746511799266091991040000000000
[6,0] -96462787623962656644826206308142002555382871349975063601421711683481425581771731772041668329472000000000000000000
[6,1] -265488567859138121117028795345150481147717374033123947070834459553486969973985568521024399264972800000000000000000
[6,2] -283542704196190406519455416251751814611719025599512646102030951197029371286687698833242268075294720000000000000000
[6,3] -107706204749976265372813497898068224440702515463730621956936947303283484305206144562510829027590144000000000000000
[6,4] 60568694468776362390876397517807049918646452375194972351561461572484077416164582203005715393334476800000000000000
[6,5] 97092531500896595447925442293625448737552403766181974083423599780013517761669513423262612581588664320000000000000
[6,6] 54372777280565397303159517940093415945182855101566915005685162784732130667194688961204062325093433344000000000000
[5,0] -140837798545128607781591434606773864069626169201462763339090123469769735042054620030169241354240000000000000000000
[5,1] -308843865093311532351900840167444851283286424815341343939817124442549466296229584346981393760256000000000000000000
[5,2] -165220134457040907090485434703508440483657422899570355300154353897968907011371654253540615913472000000000000000000
[5,3] 191071850218912093435551937670140378306746123068973739088823466410236801510554891827498467050127360000000000000000
[5,4] 364182818209903430945481802396238665628902139704002218033787885851179539212181413368702579767246848000000000000000
[5,5] 265466571046723272599168337626570694502016497995691949162038695042233210181150114924420385719137075200000000000000
[4,0] -147102386737870958109707338100606943029967209910730571098580017520861043061612390679215446425600000000000000000000
[4,1] -204816714244886731358490005321541747852171682451536031085144879453045085095267839169411793551360000000000000000000
[4,2] 183031679613130281738183247436926005375381554591197684015237547883073513373216710753000334819328000000000000000000
[4,3] 661823564757371472728100586140485301654964575764946264227445005319186088056913952182789602698854400000000000000000
[4,4] 695700127432868993723969762388290334614364506872098232176502630895293891748787052069322798032486400000000000000000
[3,0] -113143362123429874978757490278154180530365746772459193146960163815280981365681573922911289344000000000000000000000
[3,1] -45508708948934841679671927090829984063266359426616455609089884187577412570220845968451751116800000000000000000000
[3,2] 448663238530468211419148266989508740794529931308501567957280750256885205483790027285742758133760000000000000000000
[3,3] 842051750069184297348938336913454805642739159118490810393725681669341202594010140936224592887808000000000000000000
[2,0] -73991408446533800113337889171700117862911450385690161213894041192448989783934377063916503040000000000000000000000
[2,1] -6396015250407436873622301078876454890077428258557148004052147419112075534024450696183545856000000000000000000000
[2,2] 308421197436868331508838046708667407906733648660549189251246395871478796625387288628262915276800000000000000000000
[1,0] -45717234519126470692758904741556621606166435413676269764733560943536648882439523159297228800000000000000000000000
[1,1] -58930394516486786885910408256260637634794247620195202312798394620491135827112835539040993280000000000000000000000
[0,0] -17463172194722532276542764847180604108844591632746791757810220923367878870488726108110848000000000000000000000000
