[54,0] 1
[53,0] 36528098200
[53,1] 392538462982
[53,2] 271325891214
[53,3] -21054409332098
[53,4] -193541027810262
[53,5] -956783759430732
[53,6] -3102396924348479
[53,7] -6704816792145476
[53,8] -8069243331834150
[53,9] 3070219532835421
[53,10] 38740659626719634
[53,11] 94962904221133577
[53,12] 133644993545079615
[53,13] 95874044868846101
[53,14] -39947323561087462
[53,15] -203904240232094594
[53,16] -265577129969293344
[53,17] -154692032463232064
[53,18] 49816117171224153
[53,19] 182256019613577888
[53,20] 152892231081258905
[53,21] 27198559749867901
[53,22] -64042629849724369
[53,23] -63290702525607716
[53,24] -14653190624243226
[53,25] 17092638622036731
[53,26] 15221641342459094
[53,27] 1921428093339199
[53,28] -3850355241355703
[53,29] -2105769045963893
[53,30] 235751913883998
[53,31] 568548456196918
[53,32] 104890700741112
[53,33] -86427356988308
[53,34] -35697126863779
[53,35] 8210106570420
[53,36] 6314704829897
[53,37] -480190178491
[53,38] -795724563901
[53,39] 20534868762
[53,40] 78168266774
[53,41] -2646896691
[53,42] -5992708039
[53,43] 509751297
[53,44] 323653987
[53,45] -56365076
[53,46] -8556585
[53,47] 3207613
[53,48] -157410
[53,49] -61586
[53,50] 12985
[53,51] -1166
[53,52] 53
[53,53] -1
[52,0] 716013481230721538680
[52,1] 25418566040274261236188
[52,2] 447746853016765551868595
[52,3] 5211195076937317788511424
[52,4] 45026872829284383129700997
[52,5] 307704911236014468383002362
[52,6] 1730356357811293560476379220
[52,7] 8226199484788556526358090614
[52,8] 33711247626843392132080869305
[52,9] 120836528516213115565005285861
[52,10] 383142507466453604434953654156
[52,11] 1084222878966083435316448633033
[52,12] 2757808470354024817683849200180
[52,13] 6341652749387650619136220462527
[52,14] 13245847337893376190840024906446
[52,15] 25227445150382521629757041818022
[52,16] 43949907817085038377218219483216
[52,17] 70219206553983765089657510527660
[52,18] 103103565633757566297502293570563
[52,19] 139357606621787529280386791801222
[52,20] 173612384073250824908321150868668
[52,21] 199539185293772677340175087401751
[52,22] 211709462132665751834977672028483
[52,23] 207422196272829980423501973544890
[52,24] 187667095649450933593345000764001
[52,25] 156759444709431485012862076971503
[52,26] 120827801380361267933839975914156
[52,27] 85869866156446236622158975058901
[52,28] 56205999563696058849318283543783
[52,29] 33836624310308183073826227032319
[52,30] 18702775416967293104022875770113
[52,31] 9471897549237969033964602264354
[52,32] 4384354199525425419569967133920
[52,33] 1849461931700124875259673522684
[52,34] 708550379684515837521291660141
[52,35] 245551972869091232406371470922
[52,36] 76617794735839212754155925792
[52,37] 21406459031210605829420048783
[52,38] 5320863775248137236550160431
[52,39] 1167665102592200074641818168
[52,40] 224175308961668094135953861
[52,41] 37240138853345284476172385
[52,42] 5281497564257465176289255
[52,43] 628926714306894252810051
[52,44] 61577317550563169456240
[52,45] 4824411348235533583358
[52,46] 291767913340425703419
[52,47] 12963414182677819087
[52,48] 394171708575467213
[52,49] 7367234040562086
[52,50] 71069052446527
[52,51] 257094926192
[52,52] 164399852
[51,0] -4071994550750897865399624
[51,1] -148220946499259768608518568
[51,2] -2610721938905123209751314236
[51,3] -29759112718675321223208704058
[51,4] -247445707333793643741693757922
[51,5] -1602863162845159005408608381978
[51,6] -8431490856516284894497467188355
[51,7] -37057586140354391727287370323342
[51,8] -138923260897573014837178256491479
[51,9] -451159156603127583309635621673607
[51,10] -1284480771997812336358104255697084
[51,11] -3236141471080716104949064476558732
[51,12] -7268251162003706326983040524392578
[51,13] -14637053007478044942756023685521558
[51,14] -26549310376838513185851452846847691
[51,15] -43520703485940076890569129936629192
[51,16] -64626093994465278489304597949311231
[51,17] -87055473848380156597276775543001281
[51,18] -106425348781463358993531055915741366
[51,19] -118001126181702692889429672212186358
[51,20] -118447375166667456323244750917255691
[51,21] -107276608502408804646147446112879350
[51,22] -87184186593371387334625529155192547
[51,23] -63019675925138638125967326459568951
[51,24] -39915969484031774017303198069371792
[51,25] -21546547379878660357625109255603454
[51,26] -9308105808819621050747273179562565
[51,27] -2599490446441013739733473495503488
[51,28] 236738756566934910863066934833981
[51,29] 947975586112952718353246399023163
[51,30] 803901657349757370895803245113270
[51,31] 484770598487152928662840827929004
[51,32] 240436314416594097918109363750459
[51,33] 104036134130049888097001109178640
[51,34] 40814005004674776307188477397024
[51,35] 14916590108993889770175585707069
[51,36] 5128073781027192395500013823944
[51,37] 1636029101152631841006688298833
[51,38] 468893065874408434976986373346
[51,39] 115663498491987305943492845503
[51,40] 23299221869275083845683800349
[51,41] 3527769870986627017308359227
[51,42] 319036890399312448973125468
[51,43] -8314956190945439047061768
[51,44] -8839803015151935330924540
[51,45] -1693125950093451194947012
[51,46] -190562275055171734214501
[51,47] -13262754268422226384836
[51,48] -456253071517605713877
[51,49] 4137858485933006705
[51,50] 682362717790784970
[51,51] -2234932678513060
[50,0] 17037977170766873973084144288
[50,1] 535678187105259114879251898656
[50,2] 8211439214634114198241965415076
[50,3] 81626953350159818257045317924976
[50,4] 592721319277407697656415485408539
[50,5] 3359699969189563229799036234420274
[50,6] 15506223282922274009239762064644953
[50,7] 59972929977362319909127186135784914
[50,8] 198381596094360695819916058566401774
[50,9] 569580801587039639977177485416804186
[50,10] 1434836641828214926212812746478383359
[50,11] 3196449647164336985220441975969287841
[50,12] 6333399923974101747186147376216690192
[50,13] 11206867242925782498613796425292903635
[50,14] 17759920135752394541186473546468321887
[50,15] 25253287121448786609923383838564038656
[50,16] 32254786455317159342093753868553376941
[50,17] 37023507525284543473192208769081055743
[50,18] 38188400873888645842088369858595658757
[50,19] 35371032323494800674071365487711311542
[50,20] 29370113677592342814765355379338277448
[50,21] 21785528340707979749833419039093834333
[50,22] 14323232960414782669894234532049057470
[50,23] 8194885881322469778641890111765927423
[50,24] 3888819314135813566282914692141282654
[50,25] 1299751044906331762010086936362869257
[50,26] 14215081139680715066700965403784086
[50,27] -441300131816522364847922865653312855
[50,28] -462994898949239128207222733793022927
[50,29] -323105314840474767723703914708348082
[50,30] -173085158660089727809625466510899669
[50,31] -71237664754292712334917550060409894
[50,32] -20333267485206353747815326468502466
[50,33] -2013796670806196478881419312100398
[50,34] 1743265415766223087713150520908291
[50,35] 1295157302550726374753541517195511
[50,36] 516797376273800416493701080060545
[50,37] 141818320939800789148213296787448
[50,38] 27676999563117701937666096101653
[50,39] 3817930696270569786243131009023
[50,40] 394759541277900655258152543906
[50,41] 36431104556104706051662939550
[50,42] -1838162673409923190283731245
[50,43] -3362339512416478689228768111
[50,44] -1008355446078009316767217037
[50,45] -117908496327219304324081800
[50,46] 4569749397454760878200823
[50,47] 2604099709969348035437139
[50,48] 182586411419554826719841
[50,49] -3029927990904158686619
[50,50] 145311205511340363586
[49,0] -35547556753754430849403510964224
[49,1] -993576636143188390814518084164416
[49,2] -12719847164053019522361487566767928
[49,3] -104676344202938321155598308613480400
[49,4] -635753547392402285486613331314610880
[49,5] -3062724708039004692178741655611237204
[49,6] -12204603162482999383661472673478930534
[49,7] -41282787015312512767920697453900013488
[49,8] -120524637440285782974452208080464921107
[49,9] -307122076421155184828079213763712407372
[49,10] -688503344007582629523274040504741143528
[49,11] -1365766719769510129722569154772707516951
[49,12] -2407673998995161806015351792393714710542
[49,13] -3783838867410407871349708670094454088995
[49,14] -5312094777802405376666728651191866811988
[49,15] -6667464767738728665515885717440938578629
[49,16] -7477080006689379347975238469194883622817
[49,17] -7471128107023188465094164813995096759953
[49,18] -6611774453266376961849122022724491117122
[49,19] -5122451359448552740956988328398241506160
[49,20] -3395959209937115637491005121430850472716
[49,21] -1832385872560145924706467217056960782602
[49,22] -694747493731233672797403247370332419489
[49,23] -49636388785826581870957894014309985672
[49,24] 196717459710420146966861949592730100803
[49,25] 208274344924858969004242262631374675635
[49,26] 133006824857344069861612628739281250735
[49,27] 58964846096389071035111990499068288784
[49,28] 15649311881886735422915082994409763935
[49,29] -958231408264344988666461498343876263
[49,30] -3870808104836243897163732766162852421
[49,31] -2591072802465231729392263962860066598
[49,32] -1144856153187056134833458371229249822
[49,33] -366705198588702250712164918637906037
[49,34] -69315676112073998904442360737033284
[49,35] 9653767613815882333900820424915491
[49,36] 15671535378598051488779375852898713
[49,37] 7596483462481200714938364478882127
[49,38] 2126266823075402184258746288258827
[49,39] 268387259610668510650783536240866
[49,40] -41653058647021329853073333570994
[49,41] -24493875045342534351697791430033
[49,42] -3716017530770876763562398255488
[49,43] 119568094568108541120991879833
[49,44] 106025293066137355358399456467
[49,45] 8842242982958820333930494377
[49,46] -496393737054558581203962971
[49,47] -52779528294372706480437562
[49,48] -27698999988835002159662
[49,49] -631740085711630023783061
[48,0] 54303551502863589133859628103858304
[48,1] 867622643619471010779369558059049920
[48,2] 7770089019738688831453419971104826112
[48,3] 50647624993992338345497525177623803280
[48,4] 262112517961916171679284748853974461796
[48,5] 1117408841599855257384998889439613323776
[48,6] 4008714997369091881593430573777581628333
[48,7] 12298264935122055821439323936143482013042
[48,8] 32693938133226979436762703060112945968935
[48,9] 76123059848604794287600353365676850255487
[48,10] 156510116486253479440810414849678552194916
[48,11] 285806738779257165399295129094630869164693
[48,12] 465287587878641701636037909053638466101041
[48,13] 676540600295446236788000178272637581023125
[48,14] 878622156845270961507732437533859959108803
[48,15] 1017018494913110728427593225326630881240551
[48,16] 1043816110817079795207500974725779287552848
[48,17] 940151590511443548907274549641422111335830
[48,18] 728114298007452716549295770526280266645837
[48,19] 463907914723469736207283011773819750925676
[48,20] 214839985426353107752757476709821420558329
[48,21] 32353549511876350734024503038778619286818
[48,22] -64723547527445951632559795672769121365509
[48,23] -89445232123555730470089723591624077736297
[48,24] -72086417423863124896677379649411658813826
[48,25] -42318465130067385073954042615691256387265
[48,26] -18164202686119783470803687460343261797728
[48,27] -4845581979144010894874458241661090372116
[48,28] 70829179592555170816014443164921980866
[48,29] 861940199153788417803342024877548929030
[48,30] 487931086606470413878807171527308894621
[48,31] 143635390747041442441502249143892518536
[48,32] 13795963698377869568158334560708741340
[48,33] -6594740439617426278141550224534202385
[48,34] -2475190332598590553810720207301171247
[48,35] 169451317688811901521354693452970170
[48,36] 333170673319633178445079345464307751
[48,37] 82092467532747570913524407979308550
[48,38] -5284586339966705054953947978723751
[48,39] -7255687179228128184989913410907945
[48,40] -1420999462818287392581267578534671
[48,41] 28282056260492078398025321562508
[48,42] 52715738806163428863330893299340
[48,43] 7010744992939723280293439354201
[48,44] -176607088873045759871489926383
[48,45] -155599880854124676802286365121
[48,46] -17930313596748218351298793177
[48,47] 904902302471858168183072668
[48,48] 314389380017282862434373660
[47,0] 4835195680329882800404056119546184704
[47,1] 9962005084192471916869028792783984384
[47,2] -370111181439288145109945982726521358304
[47,3] -4219282266435034636424864197668762359008
[47,4] -26726234144853300872122926406031415761848
[47,5] -124654924460492258171143823629722459893272
[47,6] -469657960017817433146638634042231593485728
[47,7] -1486814657939250203416553018746274758163378
[47,8] -4030178718827985808046365360967094969576392
[47,9] -9457630035639320840677411314350126637900472
[47,10] -19375267209914906920833182215230184420983575
[47,11] -34902466469772754143239299406749329594036352
[47,12] -55629091359812756250525111539621460740794286
[47,13] -78815692729752801243098843947507588104759625
[47,14] -99500607235502084618090461492499947144872956
[47,15] -111847136031382227779039630108315367982001379
[47,16] -111403203152941921332414752017637150017128102
[47,17] -97275305587046540260709559305005045398421593
[47,18] -72961181638003507152174169287449391269431512
[47,19] -45108874421438191990498837884713766464316581
[47,20] -20684445320492065739146533331491536795317837
[47,21] -4133874957954299352541619980818256414195081
[47,22] 3850386496031417005778040852195392607218194
[47,23] 5511234446147917537629180111001253889855576
[47,24] 4078178680207104037941017636402197706039125
[47,25] 2078283133124972779547699680229075421166744
[47,26] 700436894543775514142353024847282248720114
[47,27] 85091251333197026857260630517386624553555
[47,28] -66239909997380952378854298281280247064268
[47,29] -50198768989801032915192467144428124882043
[47,30] -16230033809046939246040787066199534809841
[47,31] -1008703648234157714656591530821166075163
[47,32] 1526240480313737480413621122939204383850
[47,33] 705151705112681247696039005877237971498
[47,34] 91846522641275301904863492197049576695
[47,35] -39833371237220434289681121068413379456
[47,36] -22412603422571117886616552309495593366
[47,37] -4429174332441551429640774929160250335
[47,38] -60135122078962976994044072665638287
[47,39] 139400319041060624109821495506704131
[47,40] 20111641599948711537184894990999390
[47,41] -864716772453096833082467135554218
[47,42] -252692945206432714544552678573580
[47,43] 38505159530626229842961793866906
[47,44] 7863672414997942270097423425314
[47,45] -73536993263475031169692551864
[47,46] -138087203664698211713575067822
[47,47] -16374593571859997205106749390
[46,0] -641678308926751728912537019552197039104
[46,1] -17883921652701938144748047588714757027072
[46,2] -158602566746189402133701139146214847760576
[46,3] -733168580006400411138722211059965179418368
[46,4] -1821789509466172146622622355712725196411744
[46,5] -476795645597046302315189090098671855894912
[46,6] 17014381772427141680412094324835879803634908
[46,7] 88179492150664284793096606749091000216143004
[46,8] 287045399063258238121021334292915719232868372
[46,9] 724341461281599885872720718807586416524182014
[46,10] 1521937356593517471614957926795331999989328812
[46,11] 2755885434118679622363636641200176014589737605
[46,12] 4380089891142034637405564104015838493938080854
[46,13] 6167776966802165727423596113748289867831291872
[46,14] 7724795235037134903900983891719212486544465472
[46,15] 8608219516795438073327472283321942348910409254
[46,16] 8516185227366966750697871751072683354972580175
[46,17] 7444700022105759080753285363145760111802471136
[46,18] 5705343310821914456350091130156001961051292971
[46,19] 3783358583172614385090396385779953673298050631
[46,20] 2122924600534274827973006768100949224039215828
[46,21] 966823928886159384366006889254642629722204035
[46,22] 325565564373418679767783481552850583119169997
[46,23] 58627560377451186967946960807611500605277716
[46,24] -9004102828039368443571067038597337987010299
[46,25] -6345778028487274204049515630055860999633607
[46,26] 4105822127807650191648427064586867131089346
[46,27] 6593316252040055221568728221943622444454235
[46,28] 4149148462827492119865324237177898369050272
[46,29] 1475057997118025025148019023687309713374210
[46,30] 172417029342204344826238549157667457521439
[46,31] -132541382579597310066496943978743485348425
[46,32] -93755029502523418911222171213461395321850
[46,33] -30621640281966218588305900757494105169331
[46,34] -4867002276335027218583158263764439236817
[46,35] 241587312903762636306245667799440999839
[46,36] 291222650082758168438786436263012901640
[46,37] 50842022566389662057660883242871753964
[46,38] -1195147500142371187357453089867523359
[46,39] -1642188792170988902438728760128585531
[46,40] -196677986104444669258532719152861553
[46,41] 505796551809112353160225635028089
[46,42] 3112217761531452352740516545173406
[46,43] 857201578515699109099601327427583
[46,44] 87884825420364690468247949864723
[46,45] -3583686262355352414844458235481
[46,46] -392599965890663312489087607358
[45,0] 44549896432446194218683450636699059448832
[45,1] 271664357696535958527721941019290851286528
[45,2] -15651053788607906855701823421875205025024
[45,3] -7215610444298423467359879973462400394092928
[45,4] -46424744576568866660686129042512320438575072
[45,5] -199142056849181144385108032041004371883618912
[45,6] -746434782436970996141663665590092555139997848
[45,7] -2608085999839967477157867599841620275064738208
[45,8] -8213328839510106588051352647170167651801703308
[45,9] -22398639378056675620445425705418542718681061808
[45,10] -52078243259849455013546546699432429696772178138
[45,11] -103356552799451755855247074302130347391244850936
[45,12] -176459360868127188004034004877523666502369272559
[45,13] -261516456011658630066279654852575527995168598552
[45,14] -339153944891436185554736035844757987930773478311
[45,15] -387270825002208435423392286490101214213106458741
[45,16] -390867148178600722001855681081306390557113387843
[45,17] -349143326862658389981582214741710964000048458508
[45,18] -275605529231491456594865333150845686383653622898
[45,19] -191377674531593513557919661299719826559267177331
[45,20] -115957849112144171488766913276528750485607400133
[45,21] -60566159960905618363549235540893806936332475599
[45,22] -26822181975996517252562795342593055680964250722
[45,23] -9888688267657845560017620060565496520192675656
[45,24] -3031762751718867743756310320372952877938162063
[45,25] -855703388259476691864298254904973099871284618
[45,26] -307497840623637468163601024165403119869904863
[45,27] -154804368291702635751225273045085412784568597
[45,28] -74239524390533894113668300535217575854946171
[45,29] -25824265315756150814343177264658612596477118
[45,30] -5027199990547365514347898464376537056986312
[45,31] 233360034301857766574290449519047073178419
[45,32] 473703189865809223436715935176090117517937
[45,33] 123781399465391638189989803524732480904943
[45,34] 2305910179716650870380380986824106839259
[45,35] -5641264830389572995584942206078667071864
[45,36] -695277148868892066346733130109129444635
[45,37] 286904257810993742484473292501475707527
[45,38] 91807549796495572825957388253011169910
[45,39] 3892509439563103867259523457859257608
[45,40] -2058321873686514838824097503743190400
[45,41] -408527435464031814656782680616626196
[45,42] -42488410301203057323940447664692638
[45,43] 1825814180174366423523870137253724
[45,44] 1550100214135447356361686942802594
[45,45] 74589603576458257706899908475186
[44,0] 13024653229302944523865235674886738596270080
[44,1] 182998211360416640433119437446233179674292224
[44,2] 1329081085302301389779959680103756442278366976
[44,3] 6565841029817380027008898717216197493513050624
[44,4] 24650858429974284213774514401846944274400021952
[44,5] 74814557160041756224646153967402762640849785408
[44,6] 191257807272215132084030579546425131779619126080
[44,7] 424698152543055063519778264591689834309235355120
[44,8] 839748382142508441564070134574753069484331673216
[44,9] 1509151309675637832356121255904892031555402972596
[44,10] 2504280925478753076759255670467436805509859176108
[44,11] 3873322231543202774252602359854277894531215746984
[44,12] 5593532990577240380664027009545882011995397356509
[44,13] 7501869754267296042953537422654781263123554283541
[44,14] 9252087422867789676725819047355069730669031599734
[44,15] 10373341064617490593656592056915729146210053841264
[44,16] 10456583999980355961589013474129141245255887424346
[44,17] 9380546174520763538461240463581501481943825287169
[44,18] 7415544861768309937130455055606829144411314848592
[44,19] 5109210953031962359198787550263291079041874496290
[44,20] 3023303567181102601507333685180961499147695472336
[44,21] 1500698334971485607693842396232969501031257825928
[44,22] 596615482084726639788397112691652479734688712427
[44,23] 167922195828043281214482483807226099603279334662
[44,24] 15704330247966805885958341698772541692867583918
[44,25] -15803543128735652981734499836271984890472382274
[44,26] -11800209003284833892727248148060052329338605768
[44,27] -4667313260151148233799290649735920127582126338
[44,28] -1101912888222959129916540866251042886584296121
[44,29] -48691675462290509483062982505582488236649735
[44,30] 90774677767494184010487195378769326067226596
[44,31] 50210093927999964094202780568489043118448790
[44,32] 16907987014044741373683502761868511989457950
[44,33] 4245384599876202917054439854492843915521753
[44,34] 775405649523052440831897160310685038283635
[44,35] 67283073309790537564646600181323840751100
[44,36] -13186460021521099860726128053406523795066
[44,37] -5569989742062691760290336838331993446530
[44,38] -690770735683810456193017823500437613695
[44,39] 10910473169849603331505434960275562507
[44,40] 15220436482203701737068303129556490660
[44,41] 2818608087952779289109269876741529870
[44,42] -110829265834866259257880828244673289
[44,43] -138039437514940184676264034560912350
[44,44] -6963079274527031360884356042430562
[43,0] 160327782656630935916574451291615503451095040
[43,1] 2289002925073587511883406956001876353176807424
[43,2] 15400740389166562342416228306465058640528594432
[43,3] 61912864492698975100322044069616348419396736512
[43,4] 150228015299781780818158520551808059142026660864
[43,5] 133116926484250905331949576429750470150268099840
[43,6] -602126686490747837977104890028747018282800452320
[43,7] -3467099340894266225510753613835761567765088444832
[43,8] -10639404982726274801073070472130226614828528690432
[43,9] -24374254470921283846674800186992812073669026284624
[43,10] -45935064273636205327175977839664694640541105341052
[43,11] -74815846724689358415328397356152329429676071854446
[43,12] -108513011074410754291462366947907091100375231004606
[43,13] -142454405525938075902310590851589609337304008222816
[43,14] -170035443455032966741562408451598996695604491105760
[43,15] -183739559814215595837699287359249775383508801301114
[43,16] -178082331993100064642652903906607934720629431826254
[43,17] -153041733796713820519791925275696107309423454945784
[43,18] -115111384431112110997453301592350000329649208691599
[43,19] -74525080861740317445775986545331399109699026813044
[43,20] -40422832099181504877737276869851477070286416285473
[43,21] -17335342916640316124167437019699191596931553449073
[43,22] -4875226750512722144593037565622502753378669458649
[43,23] 152608814893406917675715827759265638106134382068
[43,24] 1285353536249394305647543720795794846512953798669
[43,25] 1000509564635933195591132529432317282864992350183
[43,26] 514451172194570489907340195484193221815034270784
[43,27] 199858061974476302180510582416469269931689446796
[43,28] 59430949997513806161994767158374635600689885334
[43,29] 12796556261369917765417368950055279819789925018
[43,30] 1537235205777923908705650949026016060310300608
[43,31] -142410049266651150244077570848296416005086842
[43,32] -131305987645772296336687249209857917207771443
[43,33] -36212211306000119818512638120231898560581076
[43,34] -4396482933710757898890710672697213433314520
[43,35] 641301704411566719682677929480684907884051
[43,36] 385794113004551007315361819003900896438790
[43,37] 62379615712119568746354335204435523120721
[43,38] -336290022768683375793503631020853430940
[43,39] -1804696544109655196238692394286182687227
[43,40] -326106973791744737553667807588155456855
[43,41] -4520999917619864545716524808930103239
[43,42] 7667913235664271011895403897890241902
[43,43] 209235090928099793948062170935779780
[42,0] 2642308856081263462201178381021742904779108352
[42,1] 36035929744552784245728449156352482243310538752
[42,2] 261653175109567359995437987178444947611483379712
[42,3] 1299311677399961917553833673431750638306665514496
[42,4] 4817967288127310457976605033752553960080957628416
[42,5] 13869462051944619547782880611282583833170973041664
[42,6] 31522786367165978226900815678371049862722829726144
[42,7] 56788919201531806304958006690758452581715861781440
[42,8] 80718400127142481188182546645005834079012430406272
[42,9] 90357001832612443240430601953223053271424288022712
[42,10] 84867673293530942717691800131592319179816397800740
[42,11] 92650910795338708559600348848602564149621060434376
[42,12] 166355342671203520624657203425490771121448714804512
[42,13] 346568804116395906868131530826360725256390185839634
[42,14] 618808943184656459334603786884897881592628412771275
[42,15] 904139467551930516026474878613716943911791500686987
[42,16] 1097762458691280995460225839656558012269863655827070
[42,17] 1127694418407431018067829442870187843023706091107668
[42,18] 990859845840857708922332865569633094181807135961574
[42,19] 746412853863548142896706345086643678467158573046813
[42,20] 478427722339682276309225603197642947640416502756954
[42,21] 255376369706250710302715517420842900910314949492338
[42,22] 108054866700605036729912895264462448849744253367325
[42,23] 31550064502236394324394218571354094508020022813580
[42,24] 2305204206173205222738581943013874762577135657165
[42,25] -3966705667117414491249897872125101161389571367423
[42,26] -2913465562604682555469241572209416937360054684249
[42,27] -1205601826777750617475233864010738952918333193495
[42,28] -335306638726367526929586320567077227281172386243
[42,29] -59356622394609693785645196933112485175837860636
[42,30] -3950551823519525966935694783602429313531418466
[42,31] 974741686419345534818580003579970817802513949
[42,32] 184572959663487910269579558664610824965017427
[42,33] -96637764105541474151424280881215367453930821
[42,34] -63003061315387203171620420001777520612027456
[42,35] -16408735191362311824660284289486924681518617
[42,36] -1556367488956155372071882104800964911666172
[42,37] 250595144684328601587265639128230310277662
[42,38] 90703931898739423220286082427190609048236
[42,39] 10670997019983499562736171831291350699093
[42,40] -398580133090077965642965844022033373567
[42,41] -387228424281803449342382110004298107959
[42,42] -11664134505090627966859379504840700900
[41,0] 5068456650314261786567146555919292415917588480
[41,1] 202936468879277323605268882238787715161715646464
[41,2] 2926511152753696984225669692556838233103327975424
[41,3] 24182864633380400123005013740421162618498643998720
[41,4] 135375056754984800913937386200006502558563968945664
[41,5] 559797249009316974969352289925632057126653537476096
[41,6] 1798959415676047536738952469311338055599772638506496
[41,7] 4637089318167398928875335053989260062756095057217408
[41,8] 9781320619729138209266526833272952887191049376224704
[41,9] 17088773429864098181427882058346714735348408891631744
[41,10] 24865040771614189884000324254293030650457732507150384
[41,11] 30086735193032038178992886275430491696042364888172472
[41,12] 29897025003113027974874059496626781454545673019168528
[41,13] 23496214716263134513924006503900208679933379586028594
[41,14] 12878567570640781303590055642231475099856151445790900
[41,15] 1718721138286496299313367731165779725799178588888352
[41,16] -6687079658049259132148667475692047615522895202227722
[41,17] -10863708761497633357907123286102025751194558493466880
[41,18] -11233831043949271374982372091695045685114935525812718
[41,19] -9257353369031875839470654803419298163682720592092992
[41,20] -6473830209377111616566855734377027926773110817569787
[41,21] -3942576056411858131586759197154333271428221983858180
[41,22] -2122234388669382158749246716839139429019832964249881
[41,23] -1023859752595026498001469013828887600277868324490003
[41,24] -449956041155848719049669913184109706330502410181681
[41,25] -182724442438953769488833872065211211476840011446382
[41,26] -68689677931867862218836037240550412725044914608523
[41,27] -23471621147404586300094104647626585373792559987711
[41,28] -7051586241779995009198676099562664279640375537936
[41,29] -1796198262024513324458945376396815341791503852740
[41,30] -374685036885086999831735409228937971222393346320
[41,31] -60123833663666395516194397317880012850070409562
[41,32] -5426431408302855986005469076269440720535109394
[41,33] 680063998771511063413768542210713808852448798
[41,34] 376407953770863232888942829804872026495278892
[41,35] 49573034590812070765525975147005918018207792
[41,36] -5320205912001989418015843051463471824647720
[41,37] -2600400159920134886723763448346406779639950
[41,38] -352395295887059044823451796282571558654042
[41,39] 21083445738173974812275483479233610867230
[41,40] 20770680282793398855470454036771169531413
[41,41] 1442324480273515100930692888321174775648
[40,0] 2084080365531229121879587211364357965086752768
[40,1] -1462468122981412712535653186322119342371826565120
[40,2] -24754836207388240287263181591714366910634578059264
[40,3] -197433420586693721138277042319278047334319329210368
[40,4] -991688834218847275152329956772628282571997883099136
[40,5] -3496631087130648428633352639112056173115298185924096
[40,6] -9043024531521467231995534916717670338671302903412736
[40,7] -17112258729200372685874273592531815869104715570058496
[40,8] -21675179979726172833131278098136159868489492685434240
[40,9] -9262562235568181749124159412994674196030035869273024
[40,10] 36134887007252498372871777854623586841829364234202400
[40,11] 120641298502285375994324304821254639115802236956768424
[40,12] 229131147201542767843003238239724966344052908251310580
[40,13] 327322174006036929102568089701750290914565876687028908
[40,14] 379911968480828312350909137860655681660161854607959100
[40,15] 371625370306905410872712954384988078624014355151058766
[40,16] 314074953856325516704846942118690962986551148331729396
[40,17] 234542581845377020927117724858938165204494890620828814
[40,18] 158427331193899018216005695824643060141266498712893958
[40,19] 99067119467200463130982363395852804704346004915432294
[40,20] 58374022762652348192840854190184549046291933707547772
[40,21] 32617676414546719220891775387604253367028466045720583
[40,22] 17178071949193867857494715166279940098192711752138651
[40,23] 8410314978175439171309355607862206543191197837930621
[40,24] 3769152966328189131369998790252569916661936598328656
[40,25] 1524520473227919399134473537144691036750521882627597
[40,26] 549641929449492128481501176946008146078830469464054
[40,27] 174495844986634671114931369687210623562068896898133
[40,28] 47945621302978132858766278261084445932741398515550
[40,29] 10948101009961353542021246343259204917526752982148
[40,30] 1821614600921644067595206456892508682156121687928
[40,31] 92386674114829799318007215757721782738374175468
[40,32] -64898325596712823944328707678812800302545877421
[40,33] -23588793541194623494621310601832422678597942172
[40,34] -2960754462405931207149658219438883348474840841
[40,35] 272566391683320289125329921955342069110730249
[40,36] 144098326731186936137805576262223517955827183
[40,37] 19736877505327551798291051517592854762546851
[40,38] -194901376744178165108662168312898389057847
[40,39] -675525189712791332735152361947458763953425
[40,40] -24830430839937162971774457589528599735912
[39,0] -2465897119004193180103894704752998672309478457344
[39,1] -28762966905111832169351514184418006358744196710400
[39,2] -208131335467900512526751922793538683854467288530944
[39,3] -1291509630840423936039710835706150061909822164598784
[39,4] -6990015310801068833669303013370644565459890652172288
[39,5] -30977641913930524985967500011123537524096552705253376
[39,6] -109021596948951195435126449758055346853418878344583168
[39,7] -304294212094615144646869247265832595581038189950343680
[39,8] -678014608431717574351249798730303343735460189728284416
[39,9] -1209157175299098182591901919605298584731844513480395392
[39,10] -1709045781316624466100092355837892242718384580501150176
[39,11] -1840064197830803026064839878105993861601463933662911104
[39,12] -1305045480749865454282131128371607021786104180680811992
[39,13] -105019224141834237747932768641352743346559643329875560
[39,14] 1366559671258775121057924616136749001271499370953873596
[39,15] 2525824597231570999106876453568948386935368818368601320
[39,16] 2959174121736061007187354448492897754870000001454228018
[39,17] 2649829978871831835497695983970221761240184678534036944
[39,18] 1910237231494156971854261182306792280418671729584226689
[39,19] 1126593709876858631609907675273383776314449870894743338
[39,20] 542858983170713325466097743753250543920377775366624118
[39,21] 210349679011421800982789982679446258278546597007994977
[39,22] 63338369163035930398995404787688526557727926167713034
[39,23] 14041953290006724162336459131463728941886754829748027
[39,24] 2414850556904487725605760628797586804007281822040919
[39,25] 822349829225426900323409807534352595592662143868957
[39,26] 656043905011464128396097190111954020453636328305718
[39,27] 431437357079041190897581891345156964642731876774252
[39,28] 211164277500726821150526874381267717975690328419730
[39,29] 81315974948483909404955159701659324424808884564892
[39,30] 25270599146381385365105888018017076153818729876301
[39,31] 6191417153916934750469080730852551273179952413626
[39,32] 1077361321126320484578687861064148745966176289952
[39,33] 92379666644239322886245474362133083053065619287
[39,34] -7330749778097935262816288460315125278926148031
[39,35] -2803424588515182231489068945989578886876963177
[39,36] -341738813992723179163120532642385017807066036
[39,37] -14068925473590216430909107957803838946079842
[39,38] 13776533775667679826923506221014017505100552
[39,39] 656012971553999896443121984344683761068198
[38,0] 18169764271530665420317585099332100336293335400448
[38,1] 390804990818813240121444556407973353240767540625408
[38,2] 3996064183060741731360270849447170655199777830043648
[38,3] 26585068979896617331313432439774831561137602904686592
[38,4] 128502245295456290223793539100872645796443569416675328
[38,5] 475289516811008277355452918523880756673899575614789632
[38,6] 1385038057680058411929152852660339381399159851754717184
[38,7] 3236443766974223685798150722781720322788178292463683072
[38,8] 6122805999412658420041249006883369540527379511185123328
[38,9] 9399798269114316247154298650812999017622025933297127680
[38,10] 11639248634269421235056703097681302424382073176406919680
[38,11] 11418353658266451988801311754326693970126092831697298400
[38,12] 8560894077707782677681320909269610718503294057970865184
[38,13] 4649460431529945038566642490055543876443289216064072072
[38,14] 2022538197267589849696753900620846729339743922598668208
[38,15] 1977380027511109518964987889750225687916092575639839844
[38,16] 3846438955151923208832805383635793902062639484275527788
[38,17] 5768939438348285859149607452362860233319788436619878636
[38,18] 6278684708819002445820631377454929569921408919415088169
[38,19] 5211900715735376920261023869401242625169952853641852084
[38,20] 3389171508796973597688270120060048698913326763682248282
[38,21] 1728860863234183595422222594724850096325203475599116629
[38,22] 671070332908835044322814900863736200477324926679333398
[38,23] 177527350496404637734969945595767864642492972916527586
[38,24] 15978919476208782828791081432743909703581846564202221
[38,25] -12433961165276010335383459484374508656802050863421939
[38,26] -8169848698328325949068038516202931230728963500996443
[38,27] -2878592550052601280200078692782531267590494794092337
[38,28] -716707508415074092802787006323444618204112001724393
[38,29] -139217560986827927917913840819537303449152781039716
[38,30] -21220656754557380185027667993782399197792692383070
[38,31] -588050760725676512234387311561491461339176067874
[38,32] 1432899984693925955509292785727465132505073141140
[38,33] 635387932112293696527226460013700345161724470171
[38,34] 155945535390445043417560926716157509107081103884
[38,35] 27806527763229993558147340208308988090127471831
[38,36] 1515770804583440585259565547641304624174837225
[38,37] -1087738898992590637139638112743821926937365962
[38,38] -183307751693409351909944361775646861063220810
[37,0] -248231743536139083809690325531899595448306297208832
[37,1] -3793778991729381413479384167200107714156028963979264
[37,2] -28870965101653691218638616865543725336989315367501824
[37,3] -142986852447671865870394193485445072848497984954761216
[37,4] -506584210164530318828813011505948493504342810657816576
[37,5] -1340900481984761846447147890332788113970870474815832064
[37,6] -2721544553898910447255389919794503403219399039680888832
[37,7] -4403437711288252821553895884356370075957640174386511872
[37,8] -6429835908605894394548603596208232012946775903769891328
[37,9] -11087057856986274433601633841996404991292418228880084992
[37,10] -24852058991979961921231263475055180308091834519493915392
[37,11] -56804685162846844707065233005292266261445077051082050944
[37,12] -111478445264812740019645075496882592001769396685951481376
[37,13] -180377931212651506549292056129351644689154389924238954560
[37,14] -241121251930849219667669004702222044431644610061670056584
[37,15] -268593751528540795146752918598422828742696685991014961304
[37,16] -250931669443985326199207412403056316430639932508725963868
[37,17] -197084162777427832299259257211307397198727362833201102170
[37,18] -129856756198096213634928083530376626630726395225401415490
[37,19] -71269241879335289338056003904141810777028737171768706880
[37,20] -32166773965866699852585916620566517308661591993560108669
[37,21] -11726487365835265890681519842925019628549252153566424216
[37,22] -3408515834850815287173820249187596086002703929339117120
[37,23] -835785215114075793899543121786376407860458699188861523
[37,24] -237619150973673961469654031397005255068219871548489155
[37,25] -106454743779376261670382965020285752233042206938679637
[37,26] -51992277651470985445596390379629621360738974664178352
[37,27] -20548028592550658254628492065664653591800014962103930
[37,28] -6411987891434887651615500122206147054276465126303363
[37,29] -1775435572335764881552941322284197033460379895399602
[37,30] -525970573380138486091785623506991122291462367675331
[37,31] -164426626469285285177537205121948350026666894335511
[37,32] -43108465233576843344935640487811902568082527202998
[37,33] -7919809142311280963421759414599701685401850322144
[37,34] -793925384875609619069650684597508014007541556460
[37,35] 87352446571157078598308037091521011565668558500
[37,36] 54486271122804028977947076852423186682632157856
[37,37] 4459124438234766882347405844100896269518833214
[36,0] 1124634467740694507792007731564008590941046889775104
[36,1] 10802690128142648856090146715111681801008684274810880
[36,2] 26513410587467534864568892969243998698052896472039424
[36,3] -213972798248074539096079420342890805377367106169372672
[36,4] -2379706357034613501402011309571033206438233450102915072
[36,5] -12456645485634330198009309079943325167590432234550312960
[36,6] -44764547389908783239746647201940761230632362971880382464
[36,7] -122785893947000461350439513443416874831748590537836554240
[36,8] -270945537532786927695624556437349574872021380399808540672
[36,9] -498277782358518018363007149270880923976386270008012310528
[36,10] -786930305941816772569805266625647201385312361613860267776
[36,11] -1099229028849793195731476663905554503055540161543039190016
[36,12] -1397754644236310710394263650948894633340046058207855590784
[36,13] -1654702312559552344797142978963190243650116518051636695712
[36,14] -1839249543278920452049084020556887965386992177723636186656
[36,15] -1904791183740670483602105442841919830893904961725919724424
[36,16] -1805398532126645386073541881564974313396119258289697692324
[36,17] -1535488265505171233401364739413947894783061503931363937792
[36,18] -1152125363597742310139477729511625991626083940198303750712
[36,19] -752228554586231713366719315387332112656876468629754614338
[36,20] -422146307686470726556598933180284013277256701998460355873
[36,21] -200970604280435316838340186679149984569898057665688153021
[36,22] -79809789642415734825810993971435033686207856097826714114
[36,23] -25795304419247542588025155227200093176244939824105396160
[36,24] -6516472102534562631366616600259366279030758287189751569
[36,25] -1191495168560686430412746865953973664937518926352482356
[36,26] -130172071985791221886184307794646947067085607087145872
[36,27] -2244578866846739469750405766271922265225816741003292
[36,28] 882375883109683313384215678704273023141656873313696
[36,29] -357232644206420395356997990131199198356147325165906
[36,30] -385221887860549391926489718922350624211954385608426
[36,31] -249529970559523452341715611204443387049269444854533
[36,32] -106905263164889277092149969055091299673371835388173
[36,33] -30421503213887010753110923389736944692589939925731
[36,34] -6990551386664924323217645868351272879885716730572
[36,35] -1152300286598313516262021782409513007557749392825
[36,36] 62353410094138762884708458583359228493208772932
[35,0] 1645561770749613018690730507396311789756646363758592
[35,1] 44975266309959803021787601419645927558649482716381184
[35,2] 560481742079662189227771114760313089872907496546107392
[35,3] 4040425656468111205640808842432388455672543576805343232
[35,4] 19756822735685286736914205717039216647095837026010071040
[35,5] 72184488269373635958429887771225632093698661701949718528
[35,6] 210316635679018561930748157496967935026856257875468369920
[35,7] 513009662393037163317786020919017518832750718828212584448
[35,8] 1087536176426743388607314513196715328241929825432153499648
[35,9] 2055234151743814552690186147924338428071423703751968630784
[35,10] 3501524444420736586195144703283134547491215286902755076608
[35,11] 5367184645145394323539393339172076083692173334902339416064
[35,12] 7323301821013837268517525084554459652940791095980096267776
[35,13] 8768910683999948646451983721752597436617876570074595010176
[35,14] 9070031320647993333253005338817278253881678040259427012512
[35,15] 7949666347401658090069751481033333056191575600269994485056
[35,16] 5728271372687592109197480788219871702709333440428327120344
[35,17] 3178763724976910204436461954169967759031428255970853739240
[35,18] 1086108918596367212859008511917043096486410246974390985288
[35,19] -146158927244882913376036924091618623816223749688093732810
[35,20] -578067117592009392229309547282069755778867690955407418056
[35,21] -531656859019820048339184123281053889407567506275735040968
[35,22] -329379909357071396270098972218048597384849765757345043589
[35,23] -154581690212704914046992126097124076399618856299815637408
[35,24] -55932892146431690888071418192516959219929330410635949831
[35,25] -15085524936729793040957276996088864587881571590524769213
[35,26] -2647941611029479376752716123299148384229159095661781079
[35,27] -96148568295715241446144303511551577565261715897436388
[35,28] 116405820570569394135517994544917030613653640002857740
[35,29] 46362268961156710500121457394609785206866068449249523
[35,30] 10589558173170801835204941108123557062178799901957994
[35,31] 1634673053239673840901893831499527606946158734406749
[35,32] 208220867434960356745238369700388473359368512610861
[35,33] 58909245674326735795957851059138799939324752361751
[35,34] 12030674106447555620175337774537261415635120957402
[35,35] -3189975730071173626463305863218912471784874195552
[34,0] -12095850820597033620208998258859642782059918442627072
[34,1] -215573595999423689306243227395665975825130588899115008
[34,2] -1363304239181561004542420727067049419755292854463234048
[34,3] -3507647120335586666105551272749230912066141476351901696
[34,4] 5497275250231513088269532933424044711608708327094353920
[34,5] 86943991637156070217340006785505456772508737148369305600
[34,6] 419447826682827556591409195049154485445405941832456306688
[34,7] 1372614205633555386419647606600761023516903049071788883968
[34,8] 3540034582599446984779026472564238492699326893544226152448
[34,9] 7704165558718450385922776206395523527062345646282408212480
[34,10] 14703410282147106614119780527213088809129824435799683258368
[34,11] 25086448832083229625474292564102402146985565599629588051968
[34,12] 38446246362414948487812363766385154689390636326094032249088
[34,13] 52706780980134910774772611052242912985618012226365764386048
[34,14] 64152270480479556357778668918080402619284147849322799566464
[34,15] 68808982138614489109891186333404490292014343852392970218016
[34,16] 64624831857115438569610951185582004075714191545683820986848
[34,17] 52842579966023523886516375328836034895764447363151023332976
[34,18] 37380249990920863181481002004784880032675403932182797704876
[34,19] 22675452277447745498101468616666065724724067350095211150604
[34,20] 11629932605463869266370403579471952489905241385260945553668
[34,21] 4916530049916238244461302938588093938206939932168973508874
[34,22] 1625001644567782683031098784847768226324693129921157159508
[34,23] 362403220726993836533079129425621511714886806389397733303
[34,24] 16874873611076077303632869923229745725704742805562498152
[34,25] -27441500697192053427107645602633471228681415514787338200
[34,26] -13740474136131110111030733674484452431173828635189606357
[34,27] -3433437277547771721447484979850596727015316898277744932
[34,28] -307414653662100330270790193183880555538953552910968566
[34,29] 120062412628640146121911667264296552132166206983481499
[34,30] 61377244671665821717605951022945842375159555570016596
[34,31] 13847871685026788668476705124665514832751057615786122
[34,32] 1643559582938463183307210820947808837387118620663177
[34,33] 277148158276724238351608576301369020084488396824529
[34,34] 131413357247058116073497547836282512905926798230330
[33,0] -114480415069350550429476673264884697091678472077574144
[33,1] -2392017365688844042415418648837470512412834809606307840
[33,2] -22480805784748103095869240149266011609318623747451650048
[33,3] -131800258071718601179696354122028824743048299223964450816
[33,4] -555972927316578227072262379461655445375310884141732200448
[33,5] -1832011150326973815037299998515348302509506539476127449088
[33,6] -4981737095969673350108551292207572639207156479165505044480
[33,7] -11614568461896785131081766567475370728065511619923877953536
[33,8] -23770870652189819297511710826574272071091264780885924577280
[33,9] -43099411531336474767378053116573821388201451726091088568320
[33,10] -68977403657870570662726332332360598178973048635617953390592
[33,11] -96166771340896031578783298071827930060687107713555390932992
[33,12] -114323989508396755729286441200854189908491512137790943997952
[33,13] -111865275489575377283637601816479734589353580578039319944192
[33,14] -83336355026315790914842431020486527385477185063423675955456
[33,15] -34929345799233966877708103173367657495017863413531838363520
[33,16] 17301207108916093211003740650508253733570622152334444214528
[33,17] 56108520990353159750371421330054220352489603520800595665984
[33,18] 72144440134618773576893163595551009300774345854948046645480
[33,19] 67096864009522117223150515030256643216506822989716192457840
[33,20] 49999293467404352824489308948531726365280645125411619822796
[33,21] 30797260277504098002815224537366243997464259693885007158064
[33,22] 15779394739996208291771047400203695715682618883528060281490
[33,23] 6668446051334430827278313714181120651165795823944632242552
[33,24] 2269672605753463821848268963299488838000537088772982426093
[33,25] 590743354382103930875072093544999692372347995954667756892
[33,26] 102251257981536806193980951501751672720415233497836845560
[33,27] 4544687018416047310782947237974090630109807153152127515
[33,28] -3598433716111722553403588187552186710372330495795768073
[33,29] -1197629212795370945504971400660819809153341620773832341
[33,30] -123468496945558729484896514902327195917046319408649328
[33,31] 28855680901112874718930842570322947110342446954896396
[33,32] 10664632284158948255801204791562740124489249683634931
[33,33] 1116414875152233642195702851024535317573778689858102
[32,0] 714889936365182392571070189761277133797471335699447808
[32,1] 11310358933686162234608706827157268882975750135012655104
[32,2] 86080724781313226524574043877348050334356307446947905536
[32,3] 434337592194189740582089869391264208161415318123405377536
[32,4] 1645084847693149267602482466351102813251821928986548109312
[32,5] 4943118591732757703172421195911793098989476523159268622336
[32,6] 11993168708598239107858830381368263104612680112651658199040
[32,7] 23140505859092972925025874956407832778570855881550275280896
[32,8] 33023720769066757698909139782856121280339332604887079616512
[32,9] 24928732863786152789977566677493177442210030966050717859840
[32,10] -29914375028426130680588353510760121438039565719419423211520
[32,11] -159958815132387138394297954968346465060738521197599261413376
[32,12] -368335916185500436076208152488335635730382220402362034874368
[32,13] -612360765799330909411892054506678419101305142503265692303360
[32,14] -811142097452505016961847332229014133640072060972057625481728
[32,15] -885904444025166113202268554008394247443616265322346431305472
[32,16] -806715958698053336279044518477455971011823023091425524864000
[32,17] -609663511446536904794913983630615284770894325051593518633152
[32,18] -372491557398540531973990767999135121462905144446101414209152
[32,19] -169849822368481999332130583271183025115854976444946377988384
[32,20] -40413308024218428019080584521131243604696135943260287351424
[32,21] 17606981033574167553909912492394148140494175691325608785548
[32,22] 29195075247131382807767504668803802570396520366871881154236
[32,23] 21320148191758920579194666130940162627031691187461505009128
[32,24] 10965348144535210970041597018739188703094070677882541829917
[32,25] 4277022077221838512274204920370963131770599129591497196123
[32,26] 1261212231263915998438097280325373344532886630461673905858
[32,27] 261158630770001344835045801377697328179567919526503582577
[32,28] 26360472026808238334661690589601549296570649232092118481
[32,29] -4542328212630424999454667669059377133308938841744801616
[32,30] -2482462488192532214308670384777040084247643230424580442
[32,31] -405079946370188823982881444677811132154486493695114669
[32,32] 5519339106323111805001083451829433352743170539464760
[31,0] 2760994795908318133340839386667673938648790556502654976
[31,1] 44554976367841952175292760571520033688679618053295570944
[31,2] 333772827603236298657220840567994338915601518536050081792
[31,3] 1651513797672883085221070686545805949363672559530895474688
[31,4] 6333192610193405523162535697140727471991108489439713689600
[31,5] 20533964530129538805032967909705656818229235387047425343488
[31,6] 58459999296868763476259970106800151519988800411848901918720
[31,7] 146379659890720790757963113994334104555184500942590286495744
[31,8] 317345722511594711788811741117391497874267352140734803542016
[31,9] 584176187667386738724719717188020293440911460110504642314240
[31,10] 893920990502744068921075821323180678705891336192179215335424
[31,11] 1101696906480491155085323179771035860854980411181218674958336
[31,12] 1017333415436481890772499704417117097774924969993776724103168
[31,13] 528915166918866242420404477128937810006054991287899781486592
[31,14] -282015352986229558746343665864968620718415003718365030232064
[31,15] -1145840781621813283088633096027713950812946493395530130068992
[31,16] -1749689096977244502136605114060394945247407697211844279583488
[31,17] -1913827708766275802578263321203080245622543397603722751241344
[31,18] -1668370597024434114984872937875335589697006986142560818716800
[31,19] -1194959175359822520065922946614551754657032694505532046500960
[31,20] -702503183850756254046856803835991713026235123597794665314512
[31,21] -328550635010238053645113037145238546298928727615829750499968
[31,22] -110729448588602631602444527203627637824257492009487437756460
[31,23] -16282877030362957478844474403283378250111116610955109964694
[31,24] 9494545046470564163143350696935907601314687163314251223502
[31,25] 9302722488542510335685802760415029889181900348270441112016
[31,26] 4526915758018953347864371013246617762197812527148810650362
[31,27] 1497048638303400792819495008733527605923910638849300863230
[31,28] 332995749483361715358194354607559687133411037602966742738
[31,29] 35042239655747341107853763435350914453410469394848336236
[31,30] -6096308895625308810967569433693817732571763754573788878
[31,31] -3119921507790307507389628820853068466849871947927129960
[30,0] -3334827575630275252267405714039715749717986542740307968
[30,1] -72861743911966050528944231309850878103113026534549487616
[30,2] -836802979323912216129382117895746707692529598078870618112
[30,3] -5896770109985413713381790181715377796402145247088802267136
[30,4] -28208594078924461353053040242400523934898530421541536006144
[30,5] -98108160846750419677591255897197395063805962721933952811008
[30,6] -257927365027494163664560528023806990472591387241627835957248
[30,7] -519593002630535945585501197718507001760193405605270674079744
[30,8] -786305297415136499421555848299579911129520970292897318043648
[30,9] -803993977175187447846865266897788444794509578733831397015552
[30,10] -247440408517363084481760660498314541465759506617260040634368
[30,11] 1036248126532630407438161765499937599362806631631708336046080
[30,12] 2790963625930085923183788627124231031586079212503915991220224
[30,13] 4373551570480783350273310775318352312566287123892822750076928
[30,14] 5099991545418932515782600550245904591940320866684471063971840
[30,15] 4664030708531076594209660757514037252587789437592219572087808
[30,16] 3294475216558430960709076194162945222170379589070211847865344
[30,17] 1569510844549433811763072285139465098600770052620552066481152
[30,18] 84476388105455234634023811256810930199677719899903398662720
[30,19] -801935985698110592583723673511463935945382465179546251052128
[30,20] -1050985837364779594728679257421536052065746237895371799522624
[30,21] -867880926450914278473729774720162445472522543723867903035656
[30,22] -533303411472579589139736681953487043521913820969862231741100
[30,23] -249235700318278779869644011809195129630556756666057766206192
[30,24] -84599591809147130821790810733880403578710480811804119181462
[30,25] -16684298928870797737643754290001668995991733103725553025578
[30,26] 1486701064540965085752729783096376007567655835867892138675
[30,27] 2805748114812258844392258791845816571476430776317353742391
[30,28] 1260979617593355632549269984243597806784465377852581508744
[30,29] 322117254539784939246344885152068178561658259494733379833
[30,30] 35060682284155959219746471912481735307510950495448415796
[29,0] -6660009377528547569878137639158511054465791897026691072
[29,1] -207897606079143014343949849811096170988506720601315999744
[29,2] -2727887987775886494577872231510474045517296059357662806016
[29,3] -21258621440799102680170660413593350276915660076063574196224
[29,4] -112937469862758989522884169942736804727504350757152480034816
[29,5] -442811036459108385232885463360797541170077322380919047192576
[29,6] -1346694264528985055256491661519575067867799426907847034667008
[29,7] -3279719219323195914041460992163859815250964246116978687737856
[29,8] -6522160012929537264628052687084750011877458960728414670553088
[29,9] -10689316000767866133659207935361686752101202658832725126414336
[29,10] -14409122227296420828062329440605821257160213195240037674254336
[29,11] -15657608932235653454897498021704900172135847757853205516517376
[29,12] -12837115890722193818009920595622593698259319150373511226114048
[29,13] -5947628305681434384270807117096317266258011481567162908286976
[29,14] 3100438443506022035787902698490401551590533704640901470031872
[29,15] 11360313077476730184664556417659620185775410430839348424988672
[29,16] 16293073413351501709213456905545976301560817029904154800846848
[29,17] 16862826003184908916050540728785040704506979320177571538117120
[29,18] 13790097108056350424131157939755120686383382743142326044453376
[29,19] 8974991635888492155013599719449676255868772424463128854493184
[29,20] 4440763715231778946769062044505342339380596445565361377983680
[29,21] 1399307522248056829060377296700036061012615044282900880404384
[29,22] -21729156630175350017419525878851396024799756828329500372512
[29,23] -372759303751340819417196107167939676596868093470945234257032
[29,24] -284002892822782263314568540063527421794437137709905966929192
[29,25] -133075457223744322377497434061468800785518140032174439548938
[29,26] -41932465291349987725963578295085851797701104027676807665504
[29,27] -7003309491575637595562482561233241140637306546761583468500
[29,28] 990932319246233539263411047251785818992206602890900872376
[29,29] 1071301163939690033562417400346063075393824387605553991640
[28,0] 135759515612628172837176255300451199617661177192400289792
[28,1] 1877992004842850610631133731053059790589274278476984090624
[28,2] 12391407564646622254309466526501179096812249514334710923264
[28,3] 47637306699472353953930046149360247426019317936893605183488
[28,4] 98737299056118068949146176882015974296813893261404997156864
[28,5] -15249092577141499570928337963630200151034752649617171546112
[28,6] -943485213717852151739512131113354017255796808785402016038912
[28,7] -4059524335007598188689449275591954191674757019234155734499328
[28,8] -11210867765227945829584276419536048999236431760406306406793216
[28,9] -23581020504810303293363407246945278849491783384366127417262080
[28,10] -40010115056115790929756323253284194407343531374678849596162048
[28,11] -56072209591278433346799515649987558032034906561314760053981184
[28,12] -65296025213025969046457951869877976510189735206037193290530816
[28,13] -62466395393950983972053715902752606273840388921547487506464768
[28,14] -46886454185614560743610565486621001115492220031085138171363328
[28,15] -23117820040462086617757587905768945779705501835777875511549952
[28,16] 1289928478996393342055303100586001248972577925813909529872384
[28,17] 19343579960874527477858222710508348687510021364515111991361536
[28,18] 27383579565508780042667924256616322255537932878119354460830720
[28,19] 26011777197110064577012138015652500089566543534299274296458240
[28,20] 19003924422685543277774204661026230571932568195674841345058752
[28,21] 10893745213244915072424276117484048462112395136836833700608672
[28,22] 4732854669470422638163023203168674753588073020708740794799200
[28,23] 1340212901103785085053116033567564323881782937233350763416120
[28,24] 33334833611390601421899197451810485169216432158819197480148
[28,25] -223896801408840236195245596356317061669593379628044435672172
[28,26] -149844475651927430790520684990969379759859762921535589503222
[28,27] -55689673207798519509654767591354822079093984933550898670750
[28,28] -10537984901942475972771271663938345988484302057528637201138
[27,0] 790653146830969305415929495581316041749255161143869046784
[27,1] 12016373801735093942140829380387338774442259898606995636224
[27,2] 91660700278417167196079501327725593529402635205923531915264
[27,3] 455162965698465825260901614134157417657606211745248331169792
[27,4] 1624714068351595491167841523008731913591105047526312324890624
[27,5] 4395911987414073416871934285869649593591497039470803657162752
[27,6] 9264748924422999053750011524117967384899078036798713012158464
[27,7] 15269949704632602089941499109901435001630129712470928136339456
[27,8] 18966633487491496579258068396946369053738491829728443389444096
[27,9] 14797153908311309783091516996910923061626666077103966568054784
[27,10] -2290122989490527402118143062153140792888905542958683822751744
[27,11] -32740379263664108499973210733558115940483363159513943973822464
[27,12] -69690470750109704246679940030047910669359706505798946691776512
[27,13] -100989345758591273246696552098878420923356497905580815561916416
[27,14] -115642960275516544011697957915444043958148695581680428580339712
[27,15] -109651513150387550687659374533638869681320621496404771501948928
[27,16] -86659604774597459107040492522841435965878102739749033045577728
[27,17] -54638119282591356167372582841896772699678872151707170360836096
[27,18] -22579853682542384923136555596601549852546627286939604683921920
[27,19] 1766860547799987562516160680484007639661668255996001096661504
[27,20] 14280951045764987812816697849258432695696386420952066721745920
[27,21] 15967213179122060672698463210290330714555597119376082750765952
[27,22] 11556534876351654683143144012817151688960392666389083721219776
[27,23] 6040805683737790635998338057006142484072257967189060012589088
[27,24] 2170477544375781216445266184819821829150749335439519503938840
[27,25] 344885650713455199476915951019293872961425902633861972290680
[27,26] -165733928585504716487080817384841338026478083292229658321108
[27,27] -152165919308309098490777675930220015255008388712184820631644
[26,0] 2205487365099453500712649925379083117739876493271238705152
[26,1] 35513553411803580647774271182379854581735443767587248275456
[26,2] 287538169038975588711833949969725465022546714584530626281472
[26,3] 1532580652769055536525162253517750744490053574301514974887936
[26,4] 5972076983309155208665494641675179435024959809363914291937280
[26,5] 18104632485789451419010770138097570178451611408314749985751040
[26,6] 44516422564366907407268819224418579577810779787854501304598528
[26,7] 91404505578997459271248803162984554695562826899882636881166336
[26,8] 159653315352048597961513626024394643354204102731027523818225664
[26,9] 239195262568394769810670698107086291985900598686920293740445696
[26,10] 307042556942093022897073160904220999055155323427220789525741568
[26,11] 334588788411337378955589270785943983642032530399149200173301760
[26,12] 303976202201649961843501292899603011355478680575190922903420928
[26,13] 221093064751525875999502391142708021730971991307433232670425088
[26,14] 111334135759541398019795826710915450854836183064588138170777600
[26,15] 2599595673801243485266428718001822678169554692288543497519104
[26,16] -85074516808435082424069089806005202497990988781838057696051200
[26,17] -137679131010649167233091057812879050273238240992885154922119168
[26,18] -147000228196362447049898524803410354728783368152299400500772864
[26,19] -118019148533544614141183507672410271623688326338901299532239872
[26,20] -70706574870653937166557339813532913113308962277607102096106752
[26,21] -28258407958982890168777369183381584084827625966184555014767360
[26,22] -3190287443048942966920413350264375119886608768653936673485760
[26,23] 5420653881926700350287803219387419313210162806380017661401184
[26,24] 5021220978961269396409254064898905607018188767166429149694560
[26,25] 2301897826947710061997837278997855770819805359838049527879704
[26,26] 438487326352304480434836596223029520372746461447175397076824
[25,0] 3639899223236985623482652555493248743529242865292906856448
[25,1] 66884604489603759302696558625642119959310567327669378088960
[25,2] 601706431029531257367047031748697481889378636078530768666624
[25,3] 3507945383563403605262035557247619013060609178979796235845632
[25,4] 14804118031175918568550093745787335136122423141623513558810624
[25,5] 48357447406888871668730920437943145849476215873493886906138624
[25,6] 127934358426234662059517984571795914260923756840136786009128960
[25,7] 283005137654947851454881350111301080591316897502398407916912640
[25,8] 534308948271312347575101582610026275753837717240843855785361408
[25,9] 869931832597379545707346000684980239435059154518319000488771584
[25,10] 1224780599227321226658630199463633005719652438149398967235903488
[25,11] 1490104909128854371316913331087150460428895955424650315501142016
[25,12] 1568675260869309376680993258869396374133234890422547402765893632
[25,13] 1440078115193669053986378408008913195426884469447267191004725248
[25,14] 1168306620138540760986147707161604942612829943819849388725338112
[25,15] 839788455051398190101318022147984632516154279572999161714180096
[25,16] 508074787037336540727976834704792899902093650915790703251161088
[25,17] 203420484214723916106859703816482233300684737724099620654333952
[25,18] -34493907829222230038741884893075058277510267573061714343452672
[25,19] -165914102016501751339773756618889651464179357260246892885196800
[25,20] -187307410228754007505807504133649677029503830351851065149625856
[25,21] -138522161335680208624555645389131289123334810665832556292878848
[25,22] -72382988113475185489690721270392013771562641182280301199447296
[25,23] -23601896515241357464653170959947083618380808136679201315747840
[25,24] -729765506978709350260792682037646322593563808476871904933632
[25,25] 4166096660201616299714016699064550253345826049926575847138048
[24,0] 3445122662318124709909911834260208564556487318678330671104
[24,1] 89588383035480013174260190915129768811683280921974896852992
[24,2] 991545671471479474044839421449598381425212079692910887436288
[24,3] 6599431523916340841514663786761369200081443964177800805482496
[24,4] 30476315441157375427142505067863293479665816902612328877391872
[24,5] 106027689749730662205280585952637125032630316308764446196498432
[24,6] 293218395562742047741182743813571468362746063239855706044628992
[24,7] 669233975737304826329944942613477188791535756684467077986123776
[24,8] 1292201133133426831749808261640374452493308063030975246205190144
[24,9] 2138889522549618158126521430281613925008369786602542164887994368
[24,10] 3046332675008112293086016591234197967917294534228110423565008896
[24,11] 3727051552150491948848470335745457165268546793255014395999682560
[24,12] 3915360331457454225509890085748582391719956837427778456100798464
[24,13] 3568380621741800074108110901902172286709585591446018172479340544
[24,14] 2914896066250122069225275293209520125258270681821356511295963136
[24,15] 2256791318883595832901738898183570928434100007741776077713997824
[24,16] 1726827705709002345591630134726938139261798779885576444363948032
[24,17] 1266618469007287744253080208928159546761246944767173132320407552
[24,18] 799639460441246392218991468876010510578412940630967199032258560
[24,19] 353838853566017104359922914905684311198807511073019996730476544
[24,20] 22051239683448904647418734990040299705730831412332165065697280
[24,21] -138917249140417506219162754570653458156559479287985888103216128
[24,22] -152117389831531669564352541094836208533355276649446123423452672
[24,23] -92513785529761796920638220347944475110081566803451653408679424
[24,24] -31505836938321036195062055498188109571672319273330416814267904
[23,0] 1508793578725473576849990180192429368622197554878288494592
[23,1] 93787365193573160202379395555335820202672832742687323979776
[23,2] 1431905639393558940099795385814040147056515268033532890447872
[23,3] 11095828129547530968977970947228226494115088968360833207762944
[23,4] 55667473936056447591802075034317761847496003959689627886944256
[23,5] 202276089201523730462523167887928682783503341904476513056587776
[23,6] 568819032849679476370204062907945470613977094553899208292696064
[23,7] 1295310784702097048868501156717602907116973140252530659479781376
[23,8] 2464397138304402972184055197915761692119678754713951687365623808
[23,9] 3989646584925524271072902937449088533492809658069819200861372416
[23,10] 5525090241174586328789419709905938025386610287123098293801844736
[23,11] 6500397701874196595695867698256159088747534516668120373754068992
[23,12] 6395086652916663236925126455011009499934189711047710905906233344
[23,13] 5161080746744774668400535411946799370384183080848387804048130048
[23,14] 3401532287384218253012853362115902566187558370816173303794368512
[23,15] 1990467212656292876010835362745909278894643942599487144563834880
[23,16] 1415668202187119989808897498247888187114587822246979238530351104
[23,17] 1486233738429955831924302244931039332381859252090754990582661120
[23,18] 1640649301558365227719509500066238171934469829614618453376434176
[23,19] 1462493114307461503954755181093604469897810162346868012319268864
[23,20] 938936273599052291584379799502831480741371900767771971800770560
[23,21] 347649753711104153061714350634359154103905013142207985320546304
[23,22] -35771489602320778427054338563725868792061974785684472982305280
[23,23] -143552106994840587032054913376704073826331557232784864214917120
[22,0] 2517698868514010339408285541962323553869151195809670234112
[22,1] 86144437340968754346293831518170439235505002841695450038272
[22,2] 1809344435520661802097375224300319519501278915854206077239296
[22,3] 16288545524614918392395602182447014366703121853444863601672192
[22,4] 88334864202181976893498944000481859570967222756915756765544448
[22,5] 331987709962590471768337871384371066341203962750745743204548608
[22,6] 933888883688351754058835830953386400583348848841304100464230400
[22,7] 2069121310004074889389679369254838478335344526016747945236365312
[22,8] 3746415091002388752578988674981797530396397885415754687483740160
[22,9] 5686640692063164550695379930550273850342748274519177750451847168
[22,10] 7318559102998072111076040810458549246273989758143130475459248128
[22,11] 7898196671544217082701798136966887695988868162998685466592542720
[22,12] 6790696200736869316432199640181460125533518617997625357701742592
[22,13] 3923821192115992226119805728238543766123984911989926280508211200
[22,14] 144630455121606575991828002806943693931527194900795816881160192
[22,15] -3010206294316924675290921133093835596453487899167437643829477376
[22,16] -4189358599267434905267155889963485394434316624151771622399803392
[22,17] -3128366223544200884434711716127347135033393524847831779326033920
[22,18] -825147536936276011642951234602308435066798220920980937740959744
[22,19] 1178782568626900364795506532961864475164728630855080132739072000
[22,20] 1880612745262589254044589366558757241788139127643939764965679104
[22,21] 1384651574002931007366785027707943540568208312826902340025227264
[22,22] 515635012033728428646033346777529962637433793788955038180708352
[21,0] 16199426261039233416470201619768248958879755100100512186368
[21,1] 70903905380017169500967255300509702316369682955261603479552
[21,2] 1592926493648848526092378636186802625922903523013665503576064
[21,3] 18320203595501699826580231026892823652977250933540319708315648
[21,4] 113843872726368454067809556681077751652715786726605340058583040
[21,5] 456447334349027973901677236156916694018426977153286270181441536
[21,6] 1299710928400708281385430663025315111202340276180067634429034496
[21,7] 2776960534359285622287665397168018975439192140758555390988255232
[21,8] 4607755339893767175444043168437651813924993355765128033923497984
[21,9] 6073470498160706504446429245563310368307338424803317584066772992
[21,10] 6452988807471954066863900597855261590213428704981434492101066752
[21,11] 5498909258563686033636664213120908659793730165218511572946649088
[21,12] 3359670730681225259279525960551960349231758046708642494225055744
[21,13] 72981202186613913768756041521529090950633408772407173941559296
[21,14] -4452544680181552797695983412452845914972237793389213227595857920
[21,15] -9614944708090611908566789581821847000570156344181131594932158464
[21,16] -13489207562678576147867385080330646886408241533669575561100263424
[21,17] -13774560328137357992639856086411856010504692096490150607063220224
[21,18] -9912159740925581561358206379753050560950342642268664923102445568
[21,19] -4082417611775521226284596972609067050814233324364163700966195200
[21,20] 442951351651819599410695455678935228331204210503105631879495680
[21,21] 1999075976339160726272808681112691037932843423899937993136586752
[20,0] 54658281677491069855441654476861493288719435500338320244736
[20,1] 67517305060467295719563232200701537756009976297922406383616
[20,2] -76078919039648732531583275167345526493127733776385012924416
[20,3] 10203820645452143936716420899655427730445694975010019500621824
[20,4] 105390218627972280107762828434470278318830499822803112343633920
[20,5] 514504856244005587867292660451430645033962037667634542211497984
[20,6] 1582251765954051220267088482223367719676596669646831154995658752
[20,7] 3353477662321590315127574634272134768259843541315070707334381568
[20,8] 4980714875009943063657352794061359491857684296504567961258819584
[20,9] 4862406145473680324046240750985916180942572710203376018879676416
[20,10] 2144078230868502981517453679996336101910259178043467705048104960
[20,11] -1644224973117216717240506301209108370482754336648575936383418368
[20,12] -3309745540459155510747717082796458196228058313657619898234306560
[20,13] -1549005957246557795568011461276138548164910904810125624663343104
[20,14] 464460799073136119412349696682216784256179292196347360498941952
[20,15] -2351871435874778208285506201930263738802233496772292506396131328
[20,16] -10899736358948570949287699988919003872056976343153819733625929728
[20,17] -19541902635913007408055752207065725829959194811417675338580492288
[20,18] -21268452567625994354208183022801326139922667122031536442916995072
[20,19] -14859560597876062391683788254981577903092234652033936351063572480
[20,20] -5638704819375166797300758753831770380755899487105462036614283264
[19,0] 128607702951267767324332942390169662774542883898804246937600
[19,1] 215767320703263642486828162758578842656342407664238516502528
[19,2] -3360661328847061704738835254277240824496521613081189782913024
[19,3] -13658096684256768137621264956507311538267619494909279595397120
[19,4] 37221836562493965892639504354463867206408577395544780703793152
[19,5] 456004840407210364139912031942121024310454053654667597359087616
[19,6] 1793348969323370483343801468168596612691226199533624470859153408
[19,7] 4137722487084833152031694766471171502325645882629950479745941504
[19,8] 5871689524715160820652519091610410343084068820285945753211240448
[19,9] 3720477435385523663574468743669545598746573765863420551300644864
[19,10] -3994947175309680276841299145435465835713502293026629430873686016
[19,11] -12893838254697772886254575089082491944565175341410435648658079744
[19,12] -13147073557058523895917830508749280862959233791324461238914646016
[19,13] 1462428996830194639273352903553900832011676553045106168405426176
[19,14] 23820705617142054236562299029456089970762754175948794678598434816
[19,15] 36219074513563634504679809124955685314804264410796162529814904832
[19,16] 26679767019332994601632297752331413949206282820522080244224491520
[19,17] 1832059162176391757306979839676132952481955318765290515738394624
[19,18] -19274593304151166862600765002653948748416041000559568513065943040
[19,19] -23787562952534253951259263709226937507911674666520115015045873664
[18,0] 243167641231666473518107768931805238401907228115764422639616
[18,1] 858360839650900829813746685706043341488847961718424833359872
[18,2] -6624409281908010137486619888891510975980189351427702029025280
[18,3] -52358398375624060017027841392656733191671400927497253539545088
[18,4] -105016067457028012793985937216471117572535856526205264899080192
[18,5] 237842446178735984325395653619203836189747939556314422932668416
[18,6] 1954202564980670942240797108286418140065589986843362863400091648
[18,7] 5596556602609575201901333524059230227169920290060846916316430336
[18,8] 8831708651224602479975309659563872331696944395316033877992013824
[18,9] 5518068963627752314058043748471303039543893920882407269763907584
[18,10] -9069427172017473539482922212220506369248768785873642811807498240
[18,11] -28527669047654247605450039343856829793425137879923076592811638784
[18,12] -32950916842052962209890446417781491139892507006721802490525777920
[18,13] -4365912628597205913063018895207800642430508087531461842997084160
[18,14] 50428313437837514363072670554110816763696248269447081457994432512
[18,15] 96938531561210251845863047071811446361834149874009884105912614912
[18,16] 101175762908106968541153059701654773221519916860710069906926731264
[18,17] 61931116198851925574354399946698318094582556102878425941616361472
[18,18] 10852264711527915975068242429146710203082081275042782623030575104
[17,0] 397225070712361998108945585274625313553169353632187521433600
[17,1] 2450797968835954126156937062996870988540117929894298718830592
[17,2] -6516307852628839292010259934360852184330280673020009892544512
[17,3] -97152057168498577349059764860173661456160916351391524622172160
[17,4] -323832341388958682366397437220429688657390675467624595425591296
[17,5] -216527060765870106100578193729167585938137725157049709656801280
[17,6] 1862942645770810675400452455139495749354795262116392566467330048
[17,7] 7610418845880596487343689377854788375081437552469784608393658368
[17,8] 14532691189881123217576135100779377586027582614545399102601953280
[17,9] 12501298758638094321823433832751223876423425369665495687319519232
[17,10] -9988328061281550496593539305693085923107230424041601413396037632
[17,11] -48707767516905061818265743838326962988757066415762715782267535360
[17,12] -73341952359068457173994293665109840846477882920779686335981027328
[17,13] -46373174282825904379369762228828824468903825194016174698351558656
[17,14] 36771863344967145578909199983578495180997925559958674150476742656
[17,15] 129805539841246712259253302214381246895322705249815571043411034112
[17,16] 170242971290883649450413429455477713638061797042700023211768152064
[17,17] 135911454060191704550997422270510661197983710041810335541701378048
[16,0] 596118981826240192050965706766346733803414829495516158492672
[16,1] 5355933074331167678165916801882915918966263913525241257656320
[16,2] 796276970502688230082382979686393962191664003138659310108672
[16,3] -132471950682102426297516835051057657510742079256099277764558848
[16,4] -600689108073822603281692707170329348659173239916197296272834560
[16,5] -990978412106709322307136586060882973420951707207036125136814080
[16,6] 1067751427479817143951821230804309229257788316658201275804942336
[16,7] 9161481213356626242279559749489234559760298258621578898801950720
[16,8] 21946992480352847684242566786519237432688848872176700543138267136
[16,9] 25479375792406833465303615288191543630355728752992480941295271936
[16,10] -1966802127097689528700645837460847093882780121856991802446315520
[16,11] -65354174404493581162978438464796620340142683577562967563000872960
[16,12] -129506013219558366403296661229864424939881030982800833184033406976
[16,13] -134303200202764682487054218497367019094910315686841607160082726912
[16,14] -50434333676600616521652419697105054140006570273832723389815455744
[16,15] 79616143325463866805479555882702729592817226006603400792638488576
[16,16] 170548926677560630457082710222912440424270209843084864311013670912
[15,0] 869024262374761823864299505296675242301717473689604479516672
[15,1] 9678693087078339219445304719300168707309671498436047034908672
[15,2] 18028988272859656206576066660320641275576713393736698875084800
[15,3] -138184403162554374623481929941002338866190968401272989298982912
[15,4] -874743912264184622708398226715505289472740358883372464043196416
[15,5] -2047939206236959702166168718315093680126690176653405186470969344
[15,6] -776930143179668623616181253781172811333673658578426632274444288
[15,7] 8890416610017733320117325283236522408353190195123932668652158976
[15,8] 28725231356577075242297441827346222116490379445159672146527518720
[15,9] 43593736713156646723035506032860351485792005002273743509311717376
[15,10] 21414972481145905463948661584781998091921322111805362479422242816
[15,11] -58385120957660242809739566946552502584731340939897889869461979136
[15,12] -166882777307360974542452396316094769905621787200453302054912262144
[15,13] -228534661305582547234998212100872966532259797075636064861345021952
[15,14] -183208920553000279899898428441512166146419129271658195404659359744
[15,15] -50708884131644483227397356377858782630359006919822534701414875136
[14,0] 1259655880945880198971699355043423806803282066487731432718336
[14,1] 15182545892124683988588512869421572342005089588135318433824768
[14,2] 45251809947233479483341945303387253330990952592743072163430400
[14,3] -97058130502413120336260507423298717786400522702130456976949248
[14,4] -1048850505540133886360877106575441176933686739759246725135466496
[14,5] -3153755615863011199488031852478594942314986625714068374352297984
[14,6] -3555047572460707659310883294381592032713614659431457106165760000
[14,7] 5847360070453849988873681709829846757321650634728200262289195008
[14,8] 31691718626893714588484258544082917390344875539891499964739616768
[14,9] 62381847410873681342480625036155060338975846775419793299176685568
[14,10] 60503986936147936121936862488031895237851380992048185688729845760
[14,11] -11293466628793057534992564258042788212395751367991217380791418880
[14,12] -142039192140529428886647185459669433080234962656900077399180312576
[14,13] -257725549388469216895192692237349323768780700886892118466317254656
[14,14] -275789828021947246150292734181667365412596167562580614734078279680
[13,0] 1770053494684608654337319464283903604872760411738129848860672
[13,1] 21204298062657421008814949444405585238156551113696537338707968
[13,2] 78973309958756017427130161695846161548282706069877559201366016
[13,3] -5676446276731124585098324596946026587393328551588521685549056
[13,4] -1037344090422594721914104327265658403711184696487546111811125248
[13,5] -3970133314948851488691945881971699918874298298911484829983834112
[13,6] -6686202254026014944561789053815830592917443665050776882452103168
[13,7] -123733000166851542341932446613651116233296832796662948868128768
[13,8] 27395678545051608756960526338575602718500754913479924390203228160
[13,9] 72237202080148391771516004626831779029846142704296471168997654528
[13,10] 100306774706614797624226541379862367790532565588541544557623377920
[13,11] 63908763981128035736602907269192433402919040453250943499393564672
[13,12] -49033764807594222037613518688589519395103664833219337661467066368
[13,13] -184488125833106439659074639757284062119991902068242771120693968896
[12,0] 2299237350943871974627811599960118111911120260350629136826368
[12,1] 26606025839672117046429556536060771985541090288354455571136512
[12,2] 112729389484370981704350736383292388855654131548307169805860864
[12,3] 121951513515310706631659613790308801044055807448313487784148992
[12,4] -806520168425652989009507276223195375125910895446069566219747328
[12,5] -4188101072342856617681810872301677835575286453933203241994027008
[12,6] -9261166089027660680471414849641294825166613538969899232493830144
[12,7] -7901358200597411804294158379523131686286139899220405897534636032
[12,8] 14458871299142069143788042149897655668974727213479345008347709440
[12,9] 63369739193232720211187138530258008003541285389934305675703222272
[12,10] 115861567528843081108218310369514501438842907320059085535588646912
[12,11] 125406573141891901419190090771335588625759125867708751494458114048
[12,12] 62195956943998043625805072189546592546817630750018440184828264448
[11,0] 2650000396669424898734086043078260115681517715637798650773504
[11,1] 29875251358169773829005048521964251020221553713766523887157248
[11,2] 138359276062079043308191073257241824000369141245733340824207360
[11,3] 257618588755462727801684620944851074612946967671767723017240576
[11,4] -388720838825972513156656235032699060533254523205226125129154560
[11,5] -3628054860243521398545175157829266519133289934300580243117703168
[11,6] -10229020843119677877736223868833999450934228482162480406379626496
[11,7] -14732818284255146450019191602397123588144329363699716247798153216
[11,8] -3308065669943717685360483706273832571612251559356787382223372288
[11,9] 35867343168911842245743808642074444601470829277529947410603704320
[11,10] 93672839984558737915392887812831342679010561103045264504239685632
[11,11] 135193062537213540691802333600460467164575886064672369595377516544
[10,0] 2637620374394622782785944873067775541263542255759476603748352
[10,1] 29641575060952397048575847867941380526398752598402192948330496
[10,2] 147857766081441441900654493938838156747862815752909308058140672
[10,3] 363853620887885039017456950457915001847678719805456519710900224
[10,4] 110479189493019559819052381829004431219987830004949965443432448
[10,5] -2367007946361022907811154852748861944127423272127583342154481664
[10,6] -8929606097820838050743064213733611612045238680319456977629478912
[10,7] -17376879958332693926918428298747491268692840306539639544983060480
[10,8] -17686753537082359718967576314980635178235055711166984851321520128
[10,9] 3118945426233869773359901832261061971697165829921494578719883264
[10,10] 46639239564618423861979310986747767763328712667954692503979950080
[9,0] 2225598692958903861113675981971211852381077251538472803500032
[9,1] 25526441942955319771623696859867951073359246517545588314079232
[9,2] 136621782993054511808316225068653093556003932863290530091499520
[9,3] 404159946969081208656346039229814485466427565668570453990440960
[9,4] 525768663153842265438426713924936533414321963672787702322823168
[9,5] -831851408152758913690992951410046107812952440622861969516396544
[9,6] -5800100565164598950279148572775277505249333864152013546889150464
[9,7] -14669028098601467293442757903878467996086890660015927057354588160
[9,8] -22171218894668927949110058864066939615607610170396763888459710464
[9,9] -18337679980460422867849659312821715970655563655582205242578567168
[8,0] 1567455880640508413765773826085889123130259106757327747809280
[8,1] 18706153956685232836465070819952299879366515010532939982176256
[8,2] 107424599082146746560961052606308195711301653205769715883966464
[8,3] 364367173421789187046003118574673583331080415810437772927303680
[8,4] 713563020119671392971046168293178739027253238413595288199495680
[8,5] 384668888881052068326587476642916398390126249673095358896406528
[8,6] -2306916654252926232071373993691801167229359809147688584585674752
[8,7] -8709780360956864598328816850643185254863404087929944569158828032
[8,8] -17192779442148734641661540848009373380256817457809783837345972224
[7,0] 905884177163821101146912600298233101846803432821953671462912
[7,1] 11422140552184447955481267192010364595315831957734676276183040
[7,2] 70487535379569060105010191263753315484526333719353617285120000
[7,3] 266763872959464044944195184390036382150854083629385059640803328
[7,4] 650396219825488916988530265424189853744631367878704529162633216
[7,5] 917801452585789806847555806034391847700320285555129560093163520
[7,6] 99348031652044235425988030510124003003649527769368720564027392
[7,7] -3064142828989383314976757590007191756446383521323499483215953920
[6,0] 420237897326185500457846362747365647425326154844518087655424
[6,1] 5676539443750386788669138898549023660876997769710452682522624
[6,2] 37779414489861166581627239105428728250389174583863527717470208
[6,3] 157069961627732282348242324592142190717524963584379564001853440
[6,4] 442583933124329993331411114277845744454633061236643320444223488
[6,5] 847669031326562519802158648291488500665509609439771179591139328
[6,6] 977887920356602347611427599403286758637864169574465779017973760
[5,0] 151450486023819158322693573326122968714302158212725758492672
[5,1] 2228099529336966996839422724210810475234444007924849868537856
[5,2] 16117342467717579338434208330867687249432979207083395397976064
[5,3] 73104072105964316414103179159481610629166181626072532202291200
[5,4] 229811135403733206956154993725306937146771368720110831565537280
[5,5] 520300296344560975615460671286184499498910758845703918094123008
[4,0] 40198404007825549294660714965097881611501543282047673434112
[4,1] 661321727682775235134792580371144183713916901158977089306624
[4,2] 5286290098795926234958465728704357790816603672608855409295360
[4,3] 26204493591945967441100303660461362336361325251178298584596480
[4,4] 90457732794269934589052239478656297777223888588866196770652160
[3,0] 7090001685036886942397979311028597630450407163236001513472
[3,1] 137814203519219056276035032254775842500243511649145674792960
[3,2] 1262201549851337794505842587216423276010934714307932399337472
[3,3] 6930852104717711921522546942004305377396543852900807880998912
[2,0] 642517780097901854821998043334733523590637881898381082624
[2,1] 17423993012591872496239835824967852649672662483582993825792
[2,2] 200335170527745886163631758212965139275293948883677216768000
[1,1] 848608388808549619576223830819459370780087768545031618560
