[60,0] 1
[59,0] -944
[59,1] 2714
[59,2] 19824
[59,3] -281666
[59,4] 1602086
[59,5] -6466400
[59,6] 20343023
[59,7] -50955763
[59,8] 101150485
[59,9] -145140413
[59,10] 81364717
[59,11] 331667320
[59,12] -1500721227
[59,13] 3895970718
[59,14] -7680998957
[59,15] 11974331253
[59,16] -13969826185
[59,17] 8480761362
[59,18] 11163716624
[59,19] -49874634728
[59,20] 105161475864
[59,21] -161204091070
[59,22] 186841948297
[59,23] -142080546386
[59,24] -4187265164
[59,25] 249024780174
[59,26] -535616456888
[59,27] 754814412462
[59,28] -778258634585
[59,29] 518530761584
[59,30] 9023923150
[59,31] -661327298930
[59,32] 1206304437280
[59,33] -1418363874766
[59,34] 1188302760486
[59,35] -587336791743
[59,36] -158245011501
[59,37] 773069465877
[59,38] -1060226466372
[59,39] 980808599571
[59,40] -646905701721
[59,41] 241668837233
[59,42] 78294261243
[59,43] -241964552608
[59,44] 264154822361
[59,45] -205581102907
[59,46] 127286584660
[59,47] -64948081224
[59,48] 27671217887
[59,49] -9882359049
[59,50] 2955252416
[59,51] -736572166
[59,52] 151790952
[59,53] -25556381
[59,54] 3455335
[59,55] -365859
[59,56] 29205
[59,57] -1652
[59,58] 59
[59,59] -1
[58,0] 1041350
[58,1] -19858810
[58,2] 215289407
[58,3] -1630961662
[58,4] 9748896034
[58,5] -48703623732
[58,6] 210845424812
[58,7] -808939315563
[58,8] 2796231975228
[58,9] -8816274668567
[58,10] 25591355287093
[58,11] -68899345784194
[58,12] 173071227606187
[58,13] -407559843319276
[58,14] 903264997967778
[58,15] -1890099014186111
[58,16] 3744008269182166
[58,17] -7035689560710458
[58,18] 12564723832398785
[58,19] -21354342811152178
[58,20] 34577252250967486
[58,21] -53387085387504146
[58,22] 78648896704476795
[58,23] -110595519795116786
[58,24] 148478257618378819
[58,25] -190317648955831086
[58,26] 232872600928436092
[58,27] -271917080364730792
[58,28] 302839672736228403
[58,29] -321477043649315880
[58,30] 324992235429440355
[58,31] -312555374753506064
[58,32] 285609926042274886
[58,33] -247618291050261394
[58,34] 203341600173964303
[58,35] -157856278195894789
[58,36] 115587937111826509
[58,37] -79622105239213995
[58,38] 51437535090916577
[58,39] -31051994329483231
[58,40] 17445844671152218
[58,41] -9081131940002149
[58,42] 4358530530333921
[58,43] -1919123175057940
[58,44] 771450789976219
[58,45] -282120084947419
[58,46] 93952813207147
[58,47] -28823179550286
[58,48] 8373717224102
[58,49] -2376772483479
[58,50] 650941635779
[58,51] -155785006442
[58,52] 26409045106
[58,53] -1313787043
[58,54] -728924822
[58,55] 218124003
[58,56] -25442452
[58,57] 768770
[58,58] 58292
[57,0] -46568700
[57,1] 578427740
[57,2] -5362530827
[57,3] 39623715659
[57,4] -252400571315
[57,5] 1358469271749
[57,6] -6299880219737
[57,7] 25598927795552
[57,8] -92610850724826
[57,9] 302250402125285
[57,10] -899717689449863
[57,11] 2464283360961217
[57,12] -6255435790490478
[57,13] 14803300263136078
[57,14] -32816259174189125
[57,15] 68419242886411137
[57,16] -134599181750266914
[57,17] 250520136073780916
[57,18] -442096936769859552
[57,19] 740980384183872503
[57,20] -1181066714918051874
[57,21] 1791924034614795134
[57,22] -2589295128355138154
[57,23] 3564064507865692427
[57,24] -4672402180747511343
[57,25] 5830808756402277716
[57,26] -6919864452701178336
[57,27] 7798939297503807783
[57,28] -8331041425561221312
[57,29] 8413174358968523887
[57,30] -8004217908098385287
[57,31] 7141106487508221019
[57,32] -5936342798740130098
[57,33] 4555478094537696040
[57,34] -3180136472083843105
[57,35] 1967642586023842971
[57,36] -1019934397153464800
[57,37] 371031008307070994
[57,38] 5121877601822232
[57,39] -172471996463372641
[57,40] 206625738570168396
[57,41] -173939325398973760
[57,42] 120758781876233131
[57,43] -72383359156665002
[57,44] 38023989281069482
[57,45] -17532678883538447
[57,46] 7043442176433427
[57,47] -2422105312054359
[57,48] 687858756317488
[57,49] -149047591195750
[57,50] 19336210331382
[57,51] 721132156870
[57,52] -943066420344
[57,53] 153803062630
[57,54] 14303996934
[57,55] -9899673248
[57,56] 1631350236
[57,57] -104536790
[56,0] 111232759
[56,1] 11244544500
[56,2] -80643269248
[56,3] 346221097151
[56,4] -308813273048
[56,5] -5794168947001
[56,6] 52754183473047
[56,7] -290223659767023
[56,8] 1251236007654986
[56,9] -4564928506704558
[56,10] 14637975231547112
[56,11] -42158122295912429
[56,12] 110637111114319422
[56,13] -267304307459545974
[56,14] 599062420692819604
[56,15] -1252647647014122498
[56,16] 2455056540178143863
[56,17] -4526240063900326508
[56,18] 7872418628717074878
[56,19] -12946880656016990645
[56,20] 20168737768149472102
[56,21] -29800338621512239106
[56,22] 41799948887800264768
[56,23] -55684605267926945411
[56,24] 70450716820534163388
[56,25] -84600091493151442024
[56,26] 96303444927887374776
[56,27] -103698333263180323549
[56,28] 105273060410043630929
[56,29] -100251060237850677769
[56,30] 88868165671765565191
[56,31] -72439974810702286791
[56,32] 53164258149296017666
[56,33] -33680799615190571206
[56,34] 16490609216416553759
[56,35] -3398110490723759512
[56,36] -4844134866800277478
[56,37] 8567421805575019359
[56,38] -8898475496330734268
[56,39] 7282694513604352514
[56,40] -5017815508424095765
[56,41] 2965794208621814387
[56,42] -1501480040765743560
[56,43] 638553483933807250
[56,44] -216028254110910821
[56,45] 47939207744714766
[56,46] 2282734381129379
[56,47] -9949204082776679
[56,48] 7035341064285623
[56,49] -3585657036351899
[56,50] 1486098290381288
[56,51] -500190540217954
[56,52] 130914711192950
[56,53] -24803072074903
[56,54] 2980662931536
[56,55] -144790017015
[56,56] -11503820177
[55,0] 24916395315
[55,1] -869832766101
[55,2] 5691329147687
[55,3] -29018612639387
[55,4] 102992733983124
[55,5] -277413179672683
[55,6] 415495113672573
[55,7] 646614828402958
[55,8] -8187919544444612
[55,9] 40173764090977225
[55,10] -148256416431427321
[55,11] 462233024120805504
[55,12] -1272896964779443039
[55,13] 3167909113617880067
[55,14] -7222670290162097764
[55,15] 15221595329227859509
[55,16] -29839845888711410938
[55,17] 54661800057132370570
[55,18] -93882356970967827958
[55,19] 151562310089746949975
[55,20] -230414078917886265362
[55,21] 330297132320001127195
[55,22] -446836203429557053519
[55,23] 570719768775236950886
[55,24] -688202974189175766097
[55,25] 783041850756487285259
[55,26] -839590796572839588132
[55,27] 846297623085563518423
[55,28] -798561182716334755930
[55,29] 700101251084890489990
[55,30] -562491834147840734159
[55,31] 403042583711554393826
[55,32] -241656315680068289419
[55,33] 97400332858973707018
[55,34] 14708825111443326011
[55,35] -86309701992634837441
[55,36] 117090393932567883319
[55,37] -114325616786798266282
[55,38] 90360124481187059828
[55,39] -58677620775080866766
[55,40] 30003397081780411096
[55,41] -10029784041693639654
[55,42] -519726497244124259
[55,43] 4063178398786707110
[55,44] -3881021997046966058
[55,45] 2522606166112344568
[55,46] -1299368382767442424
[55,47] 563100899803534152
[55,48] -216012213604229008
[55,49] 77474535609156487
[55,50] -26699836823891931
[55,51] 8502555695112733
[55,52] -2290539726510764
[55,53] 473777328462865
[55,54] -67743727407639
[55,55] 5636910692977
[54,0] 336580585297
[54,1] 16239796046963
[54,2] -94078337231235
[54,3] 494543069920386
[54,4] -1732408590013681
[54,5] 5003339779565620
[54,6] -10198807143357531
[54,7] 9296423488158700
[54,8] 41947683456934486
[54,9] -301514378237671000
[54,10] 1233318196141470519
[54,11] -4015786647453217017
[54,12] 11298536850835356371
[54,13] -28425077407245357813
[54,14] 65097078988143427609
[54,15] -137159642349459385530
[54,16] 267715426911338547242
[54,17] -486297824490189933522
[54,18] 824609978911677916619
[54,19] -1307918542327940407564
[54,20] 1942649486074961661970
[54,21] -2703077962832983406341
[54,22] 3522532802826382680754
[54,23] -4295158990717489783897
[54,24] 4892309450756774838363
[54,25] -5192582175165822950131
[54,26] 5117337103994603409116
[54,27] -4658462105220452977008
[54,28] 3885658686313065526209
[54,29] -2927957160065575200665
[54,30] 1935782130632450640513
[54,31] -1039272679606011912253
[54,32] 320593782961750936344
[54,33] 190068642631035637346
[54,34] -499668610910938665021
[54,35] 633277630973642234052
[54,36] -623237303804848310456
[54,37] 508491231891382243362
[54,38] -336593349614742841719
[54,39] 159117145518488846227
[54,40] -18967213215561654942
[54,41] -62206267807067679792
[54,42] 87229442865365172195
[54,43] -75502707706544651026
[54,44] 49883159158639117520
[54,45] -26417640832938231353
[54,46] 11336640564604424816
[54,47] -3955007585970080439
[54,48] 1162410203979086526
[54,49] -335663682565636341
[54,50] 119441961339469684
[54,51] -47941484290962051
[54,52] 16393379484867888
[54,53] -4085622938313369
[54,54] 681240110949966
[53,0] -32895103802632
[53,1] -106541561921844
[53,2] 365332777178729
[53,3] -2787178268460811
[53,4] 8229229999073512
[53,5] -20343854639955848
[53,6] 15659923574690234
[53,7] 112673648635364149
[53,8] -793501695204041194
[53,9] 3353611859897642584
[53,10] -11393929689213240078
[53,11] 33605229653383944357
[53,12] -88867465968482313208
[53,13] 214274113695110490849
[53,14] -475639472068725732029
[53,15] 978040765328814007984
[53,16] -1870155992648719667748
[53,17] 3333662532356542095408
[53,18] -5547416966884807476557
[53,19] 8621320690073997725258
[53,20] -12507977842300109086610
[53,21] 16917110435325038288243
[53,22] -21276682632933396792488
[53,23] 24786289742102549798294
[53,24] -26585549786848250541474
[53,25] 26015411527832763548702
[53,26] -22888901064077363276788
[53,27] 17649916679661338283293
[53,28] -11318752164083174923295
[53,29] 5203492287191854903973
[53,30] -470332724311216422588
[53,31] -2245452197203336066065
[53,32] 3003038933752856957647
[53,33] -2415148514210184436149
[53,34] 1290675342263949672187
[53,35] -266459562843636048438
[53,36] -382621646474012186789
[53,37] 696904138136682703473
[53,38] -839896106044570675806
[53,39] 923149389023761100804
[53,40] -954678950291783946736
[53,41] 894649436185065065960
[53,42] -730770313977283412159
[53,43] 505565713259287708895
[53,44] -288228524873260868480
[53,45] 129722722220839023790
[53,46] -41586549685094042265
[53,47] 5969673559254990274
[53,48] 2512648072402708592
[53,49] -2027728718460257502
[53,50] 624865181106470534
[53,51] -44733844051960954
[53,52] -41526344354230404
[53,53] 19042739390358147
[52,0] 759583289433042
[52,1] -501563932432863
[52,2] 8669406727539578
[52,3] -23748721054153608
[52,4] 112924133850168619
[52,5] -398739498966651431
[52,6] 1456728467383455042
[52,7] -4793913714641822353
[52,8] 14708042664505127746
[52,9] -41825523441353441275
[52,10] 111021843293475599928
[52,11] -276067516379590497001
[52,12] 644725535145998588668
[52,13] -1416912054507343675536
[52,14] 2930704438432763304949
[52,15] -5705676911521980688639
[52,16] 10448241482870797924804
[52,17] -17977636989687946327932
[52,18] 29026036914556298097654
[52,19] -43887861224858077151555
[52,20] 61978542468278124106090
[52,21] -81443531808433523449692
[52,22] 99049907686290532396341
[52,23] -110601304458879726390482
[52,24] 111966720603802713861490
[52,25] -100555054390297513497481
[52,26] 76730371117544024223138
[52,27] -44460353729689800463420
[52,28] 10651259784463478127223
[52,29] 16863728045865717685933
[52,30] -32040109374292440954851
[52,31] 32877894039539366324935
[52,32] -22074468993448590199799
[52,33] 5656459269319214750795
[52,34] 9751423662692430830527
[52,35] -19602127160854858252895
[52,36] 22715622433407244854283
[52,37] -20747117840291616974523
[52,38] 16480489899217777494940
[52,39] -12160295727207833696344
[52,40] 8767016952409819462955
[52,41] -6277092372128393460592
[52,42] 4329426863211778225427
[52,43] -2711336614587935555189
[52,44] 1439265787875877609791
[52,45] -587157749448502076396
[52,46] 137138643956062238117
[52,47] 27897975430631795484
[52,48] -49336985246555485337
[52,49] 28406017992151301065
[52,50] -10074622805033632105
[52,51] 2194903156320019657
[52,52] -191940856646927795
[51,0] -10329517732145520
[51,1] 14807132821369394
[51,2] -157634038255772470
[51,3] 547881900126566520
[51,4] -2248626733411026375
[51,5] 7243166563092669535
[51,6] -22275608000422404841
[51,7] 61863740021647968701
[51,8] -160650386455098841429
[51,9] 390255492627499265370
[51,10] -894847569120518627171
[51,11] 1947748097414315254584
[51,12] -4035387922022261973275
[51,13] 7985685342238223053839
[51,14] -15093037113260880098702
[51,15] 27226449423382032007367
[51,16] -46784230092867696808161
[51,17] 76348510184379564860255
[51,18] -117925769305556795249946
[51,19] 171663337691940319655693
[51,20] -234318515155034463769709
[51,21] 298045612856224938885061
[51,22] -350306968143283669735305
[51,23] 375785055738620913510752
[51,24] -360567061513514324968564
[51,25] 297801412524855968710486
[51,26] -192779554358860088741224
[51,27] 64671676695267633326694
[51,28] 57134333521616743358659
[51,29] -141901334990517285012358
[51,30] 168718918497966771073330
[51,31] -135107732072462570639356
[51,32] 58384392434660912132210
[51,33] 31578728610359851826104
[51,34] -104959615480143311837723
[51,35] 143645808111495214954530
[51,36] -146124084291161222682278
[51,37] 123920260407682701609006
[51,38] -92857215682775130059604
[51,39] 64872884432683805010120
[51,40] -44652593812131132528127
[51,41] 31239796906488717399288
[51,42] -21749232206427429457103
[51,43] 14185759875194964121399
[51,44] -8101002236140959927693
[51,45] 3757257829498429601245
[51,46] -1220866923336584979814
[51,47] 110906081053767739352
[51,48] 170911658565287033748
[51,49] -134774757948093863849
[51,50] 56471269865541553123
[51,51] -14845089957437115839
[50,0] 100278722413023872
[50,1] -137463805880104298
[50,2] 1365847833899574376
[50,3] -4689405653850208239
[50,4] 18882225584663257680
[50,5] -59088190077152552691
[50,6] 174284481065466875151
[50,7] -457725513640970966183
[50,8] 1112114366035314891630
[50,9] -2506838644875808456453
[50,10] 5288597820503618759142
[50,11] -10538822705570791077527
[50,12] 19910347479548215415946
[50,13] -35910888848265447394398
[50,14] 62029468110237796616516
[50,15] -102797849209963705516084
[50,16] 163524862854244222503103
[50,17] -249223642178488711209165
[50,18] 362722373997203669092093
[50,19] -501591117432360512276831
[50,20] 654603792233732078036455
[50,21] -799421849152711282438236
[50,22] 903303505790034743795670
[50,23] -928839089187149255530434
[50,24] 845499127166574853812218
[50,25] -644462656047005354123358
[50,26] 350772088006458600367170
[50,27] -25476058757418138959229
[50,28] -247697866461748162662871
[50,29] 389586419455346174067947
[50,30] -357115455363608700588605
[50,31] 164696579260474975165809
[50,32] 117745798547356982347663
[50,33] -392247031954150411453507
[50,34] 573503906225943231063526
[50,35] -622529141679666124509777
[50,36] 555793705112651588740419
[50,37] -426926791883259288476276
[50,38] 294349463275625705459762
[50,39] -194634666505647957547479
[50,40] 134809867715079755267469
[50,41] -102227723201395894482227
[50,42] 80387941071617624278776
[50,43] -59703230016810815733928
[50,44] 39083210277580559482141
[50,45] -21484972593265505954360
[50,46] 9332238870400603751444
[50,47] -2780727963083374770340
[50,48] 247320139815949863254
[50,49] 270305434836651830574
[50,50] -176244959328822688437
[49,0] -757482631350806675
[49,1] 867861748749483733
[49,2] -7971342855853926733
[49,3] 23964372206074419989
[49,4] -95401702676899418854
[49,5] 287514226177050845407
[49,6] -833255045143695643360
[49,7] 2126699594173599334443
[49,8] -4979407995616210920338
[49,9] 10750838551027011891335
[49,10] -21488114742857727331336
[49,11] 40233242337297404328224
[49,12] -70748132855577427770261
[49,13] 117804212244909419094105
[49,14] -186844126925273619886401
[49,15] 283347877501864487273112
[49,16] -412453868916393835316216
[49,17] 577234366914772337534559
[49,18] -776113713901812775804665
[49,19] 998976659700611963938581
[49,20] -1222461583059186684208607
[49,21] 1407893451840672489662025
[49,22] -1504904053559296151477692
[49,23] 1462152866454755764202750
[49,24] -1247654247880540551584277
[49,25] 874448375330572099296056
[49,26] -417830125572299017659893
[49,27] 11609655115428286991675
[49,28] 186983385521020425541411
[49,29] -59000984806991560340801
[49,30] -413655949549884666016974
[49,31] 1116911537195834575478924
[49,32] -1832005213691433915545550
[49,33] 2319811859380384573274769
[49,34] -2422974856655272446837581
[49,35] 2133817853529341890839219
[49,36] -1588787126170328236498149
[49,37] 992646295036914045828142
[49,38] -519496734063687465372331
[49,39] 246257108471414611044347
[49,40] -148691246788312943068521
[49,41] 147512342063050682814239
[49,42] -165046214274601184922583
[49,43] 159490365760398941017929
[49,44] -126838929180181897745664
[49,45] 82578553612751712145807
[49,46] -43173848629401120723317
[49,47] 17177876042515038173596
[49,48] -4533302187138119293505
[49,49] 376585885904233843684
[48,0] 4637741644931291905
[48,1] -4835434772179245133
[48,2] 37428037863967427882
[48,3] -83903726716780001036
[48,4] 312279671532156626079
[48,5] -842267485152083034517
[48,6] 2360288172821165836300
[48,7] -5823199859323646871016
[48,8] 13116048610854864628105
[48,9] -27297236166626788010472
[48,10] 51948851821719938371866
[48,11] -91646498411034317353721
[48,12] 149720406749615234273905
[48,13] -227818789927703286137014
[48,14] 325292050768169798858938
[48,15] -436967964349798321923340
[48,16] 554652164181434268432658
[48,17] -669068406539594438576392
[48,18] 769456964044022884951553
[48,19] -843442717771445663342195
[48,20] 876168087533039808732235
[48,21] -849443767458155090352366
[48,22] 750454611661811388739165
[48,23] -582258137942790835298763
[48,24] 379769063880685640430002
[48,25] -236831902105223975305054
[48,26] 313281942650988654102717
[48,27] -809472862784510870557754
[48,28] 1896155040611533931225450
[48,29] -3602438039559949669181940
[48,30] 5722696602622104521533526
[48,31] -7803778205237919781445891
[48,32] 9259335168134310412061211
[48,33] -9594115767258145979795339
[48,34] 8629775722136244976790771
[48,35] -6612312863613968828735418
[48,36] 4124316939547836448721145
[48,37] -1834417057856842143275648
[48,38] 226768727011558027128936
[48,39] 549557070354002192838738
[48,40] -653752659839909526146066
[48,41] 397687380786862600378269
[48,42] -73781088540370916950115
[48,43] -147117500634477124394746
[48,44] 224649510305735455370456
[48,45] -197636539515402839023121
[48,46] 127131831844857214066930
[48,47] -61269158819288763712493
[48,48] 21151784294429318945999
[47,0] -23375836385012886117
[47,1] 26201976772381928473
[47,2] -164932250895355698938
[47,3] 257311213539827642304
[47,4] -733077433437484784637
[47,5] 1281282334981780316294
[47,6] -2739924915213975432723
[47,7] 5309493725229177293189
[47,8] -9023211383193867378232
[47,9] 14613198600076540537014
[47,10] -19206434586264078667695
[47,11] 16999401547437576057185
[47,12] 4792661469613202762789
[47,13] -67773793894173412505421
[47,14] 196554018809240792680718
[47,15] -418358559564486228071423
[47,16] 757725967786061171876607
[47,17] -1217499273836197726990372
[47,18] 1776879109366807208693815
[47,19] -2395900413017164203029782
[47,20] 3005163086647721682598058
[47,21] -3515804593238089793221457
[47,22] 3807042550506880823813250
[47,23] -3714768031649714911920217
[47,24] 3050854836247166718345701
[47,25] -1583706577065334895103107
[47,26] -945028000200104654148819
[47,27] 4748885458542000390781021
[47,28] -9880024823767732034295102
[47,29] 16031293667954053036266664
[47,30] -22396401671740347549958064
[47,31] 27715642465867644377535517
[47,32] -30582023899448520596204720
[47,33] 29974826654666605767434786
[47,34] -25753840671556967701849002
[47,35] 18842272892877963053759509
[47,36] -10941953749564562635071416
[47,37] 3874387020676585114525131
[47,38] 1082396216070640223119935
[47,39] -3538035889233115779058516
[47,40] 3911111489582043626586568
[47,41] -3046806327434527186543472
[47,42] 1790009142016405016431227
[47,43] -711407396902975086216828
[47,44] 44467776254199783859969
[47,45] 225682656104174196068870
[47,46] -236445073791178121408771
[47,47] 145827121589615614707055
[46,0] 97281127156295420956
[46,1] -127837614025464247907
[46,2] 708794354490555616360
[46,3] -1029017684928660173266
[46,4] 2006463337374965930030
[46,5] -973641795608022663996
[46,6] -4199037632108291072582
[46,7] 21305394349220234971462
[46,8] -68153265207591318153539
[46,9] 169232719092589909696776
[46,10] -365970648341532992337914
[46,11] 719001518048031717284897
[46,12] -1295938967449700853103867
[46,13] 2168428650180752824633193
[46,14] -3380943751718901423923980
[46,15] 4917616873427188063917620
[46,16] -6715155527897833073662287
[46,17] 8623096919501927769388785
[46,18] -10413377009177772746320449
[46,19] 11878929212274684657873696
[46,20] -12806724265256760454942704
[46,21] 13003377659967326028105073
[46,22] -12282582995222416460790600
[46,23] 10367439467352521083959193
[46,24] -6965242581418811601275919
[46,25] 1736582140490508175621814
[46,26] 5711485950448002080109500
[46,27] -15674437355408980016135353
[46,28] 28162574631822034646644714
[46,29] -42486058042814757093711095
[46,30] 56918659563411765393764107
[46,31] -68774742231663410453590959
[46,32] 75015333893570708577201817
[46,33] -73388233961404623031291653
[46,34] 63525110097629984275115755
[46,35] -47377400359391073284498403
[46,36] 28645993700571418985425022
[46,37] -11375887948025897315201843
[46,38] -1452434138087140253462346
[46,39] 8670405964000591419704965
[46,40] -10847902985389542609297082
[46,41] 9604101093788082829894643
[46,42] -6777371758900078984264222
[46,43] 3824859775499978869815285
[46,44] -1575505045709292179869443
[46,45] 281294671877025864274329
[46,46] 207531096655128738284332
[45,0] -333572678136828499934
[45,1] 508218990985408278092
[45,2] -2710580378290780830308
[45,3] 4807151726194445111164
[45,4] -9260401935806278948510
[45,5] 8767433041374970739082
[45,6] 7901166101048174841885
[45,7] -69735763311428489379777
[45,8] 244266132767215483511426
[45,9] -635633829336823743344684
[45,10] 1379311955702851631399461
[45,11] -2676890010027146298578856
[45,12] 4705611989284214826508219
[45,13] -7568371807577218874659919
[45,14] 11243896043911566625023506
[45,15] -15421459544850596825321704
[45,16] 19612041994200492352472817
[45,17] -23204108731090086104365763
[45,18] 25463249517863815435125601
[45,19] -25998754115737909213983207
[45,20] 24729177883934065839335403
[45,21] -21755141535997754111186650
[45,22] 17352581538683942122472014
[45,23] -11489297289562844321629601
[45,24] 3937178220290516303323346
[45,25] 5711741530588646430609594
[45,26] -18241588458323880967234141
[45,27] 34544971143044813738356855
[45,28] -55331143460690272297145188
[45,29] 80217395112089456739650351
[45,30] -106747900782919764393380581
[45,31] 130287877039296847243094852
[45,32] -144948727037439726819699340
[45,33] 145748027394873841336966977
[45,34] -130940536529254942661600963
[45,35] 103177962057477325889466198
[45,36] -68714486283000062133332480
[45,37] 34882204806124108702429874
[45,38] -7545660684312245905289011
[45,39] -10281946588576332748995042
[45,40] 18568226275969415000982151
[45,41] -19387425629234203288681476
[45,42] 15703340530820216326034682
[45,43] -10353749633015879991383140
[45,44] 5417924059990887768992379
[45,45] -2000306130161099758929530
[44,0] 938331718464196456018
[44,1] -1563147118466942811821
[44,2] 8376209665305341499205
[44,3] -18342315222304260992943
[44,4] 39757110511733499748181
[44,5] -66934482889641604714722
[44,6] 85369501343747413582791
[44,7] -50795904488228636155526
[44,8] -144783686549996678828367
[44,9] 729462652381638965393355
[44,10] -1912575186884243124632934
[44,11] 4069946361218804607727472
[44,12] -7519696324435702120470892
[44,13] 12262085516972627673575847
[44,14] -18104527719227682181734076
[44,15] 24215298427556455695919938
[44,16] -29317193009608786374504562
[44,17] 32350003658021799063286175
[44,18] -32140177332222813437271753
[44,19] 28553752431304813315582325
[44,20] -22631859197263595843773523
[44,21] 15519059451122021277805026
[44,22] -8543387321136362404167256
[44,23] 1907725634941457774918550
[44,24] 5162435690249216328104251
[44,25] -13717194686719554317295317
[44,26] 25699387219804651440922851
[44,27] -43635390520804006236268163
[44,28] 70295442306950047901363946
[44,29] -107018680663979045792376586
[44,30] 151319476737837567659557832
[44,31] -196156024038515860774531834
[44,32] 231052541448889473098658390
[44,33] -245729747269236246823647092
[44,34] 234583374624615289091988362
[44,35] -199432387413873617107506726
[44,36] 148799756143848797313399237
[44,37] -93849076306288962805463147
[44,38] 44407908617154846062106373
[44,39] -6935663405903125054965505
[44,40] -16134122735769651467832404
[44,41] 25853057243128836353975995
[44,42] -25544987786287612556878332
[44,43] 19516112240406784188119147
[44,44] -11832044460977193565235877
[43,0] -2149820843171709756035
[43,1] 3593686396899426403813
[43,2] -19744837039402260480351
[43,3] 50531347804351215452211
[43,4] -118534274200309968422830
[43,5] 245804439766435415851409
[43,6] -466319778338654482660510
[43,7] 784487467483410861993407
[43,8] -1256237388378746338077214
[43,9] 1625290960427862437517633
[43,10] -1936379545011394458653092
[43,11] 1985543978214376331247512
[43,12] -1408957946377955574156289
[43,13] 591956817630628990447349
[43,14] 178714569240777429408639
[43,15] -307384187868166856022600
[43,16] -1706718059271865722383958
[43,17] 5689314666886931020347485
[43,18] -11393019295556616969959600
[43,19] 17387037966479737878976742
[43,20] -19858994694447832351826789
[43,21] 16615434709261539571288175
[43,22] -6640849123389449986838425
[43,23] -8012380401354957108237474
[43,24] 22527952607083821525752315
[43,25] -32798140736553133903181484
[43,26] 34324168179727844628701619
[43,27] -21778130234394709988934371
[43,28] -10901509582563682910707309
[43,29] 67818048116269803682642430
[43,30] -146422015640570065291899887
[43,31] 235668082086128656588662469
[43,32] -317297825651915271284101584
[43,33] 371653862214302805892517082
[43,34] -385396000548234145551129954
[43,35] 356951206520309995728403708
[43,36] -296327981513941376694913791
[43,37] 218705790855136713883301407
[43,38] -138742133921339147822223117
[43,39] 68499565271381390292325085
[43,40] -15969787524457301842760604
[43,41] -15843742767068871933212041
[43,42] 28633920544801753340734689
[43,43] -27618723238975892626087878
[42,0] 3963393509113773342558
[42,1] -5728640190778494746939
[42,2] 33510103112080465855432
[42,3] -96668459116109206441934
[42,4] 233851659694710834769478
[42,5] -515874711004241571083655
[42,6] 1128330528173216132956913
[42,7] -2160421487472917658322945
[42,8] 4314940088320777287927705
[42,9] -7568713759445052517089878
[42,10] 12854293977071945319142391
[42,11] -21252172292109265802936479
[42,12] 32752103289481738610466361
[42,13] -48525395475114783589928693
[42,14] 69230230342801114233961005
[42,15] -92729679060681655664761376
[42,16] 118625235124283356268216350
[42,17] -141489538838273035074015773
[42,18] 154181705393408091165802163
[42,19] -151098798899349600823714399
[42,20] 123389738077004463915017973
[42,21] -69169869034095984172532994
[42,22] -6936545663992745136285926
[42,23] 93942379094560229177905484
[42,24] -175173242686183199008758150
[42,25] 238380158140546646796143980
[42,26] -275050289480883613701250920
[42,27] 276143571775246093811636397
[42,28] -230722801607375895626177846
[42,29] 131296715740383475497718058
[42,30] 17912722553142691786525771
[42,31] -197864151036185666327935324
[42,32] 376264288930138474222481608
[42,33] -517363070929268208511615315
[42,34] 594554226793309671317462140
[42,35] -599514583829505266047170517
[42,36] 543090884322479350612225228
[42,37] -444936934790447138316140167
[42,38] 325330608813297218747180917
[42,39] -204674901419319838116024194
[42,40] 101347711269102855984820511
[42,41] -27284396990679095652066853
[42,42] -14358180901411492992591288
[41,0] -5764447735894261592105
[41,1] 4433350630974944744019
[41,2] -34545665011759487561985
[41,3] 116150525605311328506837
[41,4] -276309454418419882319717
[41,5] 550482001844653968587894
[41,6] -1355500001007952729088492
[41,7] 2495768919837118823520981
[41,8] -5737939322574258524361672
[41,9] 11316111480304564953994504
[41,10] -20981227543369693448341626
[41,11] 38538843479708790668201140
[41,12] -65082619619752152751059180
[41,13] 102297469832035002684398409
[41,14] -154002240784443631736506498
[41,15] 212942350336416886194038160
[41,16] -275561447457274131338811984
[41,17] 329579432095436149097533163
[41,18] -353678614264317974733767098
[41,19] 335427145410763142574522077
[41,20] -257839927545918344723983952
[41,21] 117900816470734765638326955
[41,22] 69274565412989287525672470
[41,23] -278170335299819487824625400
[41,24] 473893887126673387184847928
[41,25] -631287074023682494494056340
[41,26] 738209044496562526931974939
[41,27] -781099593539791212647148746
[41,28] 736859424176791853416975120
[41,29] -587903050326425072743445382
[41,30] 338613160002127323549438359
[41,31] -18399435872874248989163651
[41,32] -319246293726043259295974806
[41,33] 612938380469648657040391491
[41,34] -814333092446569102964338226
[41,35] 901794897121188518225916523
[41,36] -883499426914002045003248180
[41,37] 781968253937303922642094041
[41,38] -622240335755198795846422501
[41,39] 435632455384894110538264963
[41,40] -257845658442045854414555139
[41,41] 117416745585829658250709741
[40,0] 6418625714547962055585
[40,1] 6167187628423706819856
[40,2] -1783631718629117048705
[40,3] -40320036657871844825938
[40,4] 84050738819727941803652
[40,5] 170042707434302513490029
[40,6] -44453954466959112502028
[40,7] 1199926021090547798093233
[40,8] -1168751751023443224291163
[40,9] 36567426273489218352283
[40,10] 2317441076847161244375757
[40,11] -12215193567906483584678372
[40,12] 33166290213463909798388704
[40,13] -63371113378138265381727922
[40,14] 116305743210733655813543682
[40,15] -180746456031064813108398017
[40,16] 252719975557837225201705212
[40,17] -324524014595800514017433447
[40,18] 361018395384412151117045984
[40,19] -347459182857213779582072141
[40,20] 261203316496232616037209556
[40,21] -88750195105639339246794160
[40,22] -152330957481742790151233741
[40,23] 432841276425429371697400482
[40,24] -715557751567714012779343600
[40,25] 972284156883335377507376483
[40,26] -1194515447031041915371108589
[40,27] 1364249858374107617822390315
[40,28] -1423003365460302270119644589
[40,29] 1313629233773215753430295425
[40,30] -1023845418501972428663384631
[40,31] 583571564947134372691574224
[40,32] -65484284419347759044177794
[40,33] -435973841796956669193887114
[40,34] 839486605466679071780885860
[40,35] -1096445905082803660971871097
[40,36] 1197797038253474106361196043
[40,37] -1156260353865238531631824672
[40,38] 992599078448809186868725009
[40,39] -747904767720151039482042645
[40,40] 483827272757955592531788514
[39,0] -5280094461868677403494
[39,1] -29392303773286160505136
[39,2] 90636046343949383079541
[39,3] -164072952793799750925591
[39,4] 332873007619506638671422
[39,5] -1707336770768008300727294
[39,6] 3084510250313036894731931
[39,7] -9195105223986055451317608
[39,8] 18336091160467020648981694
[39,9] -31018548204440570898269386
[39,10] 53040159166415099281955902
[39,11] -79743286801060393601423876
[39,12] 100440438599053549302787241
[39,13] -131550784633235842794402868
[39,14] 143361003011145951340811244
[39,15] -146397345639066798706484220
[39,16] 145827204168335032035160438
[39,17] -119600890410045590033090360
[39,18] 103228344091198492943614151
[39,19] -98443073082710031260970056
[39,20] 108148621406994519240699000
[39,21] -161752619956332957640389038
[39,22] 260934898664331937546037387
[39,23] -399446869619231207874500349
[39,24] 592328890567611230864946003
[39,25] -857028713096766977646590126
[39,26] 1212663562238996506495457858
[39,27] -1647012764905829823441531443
[39,28] 2029353262475308393279631111
[39,29] -2196667253637395718359991709
[39,30] 2077966545426783791732331991
[39,31] -1677551376747138754515680335
[39,32] 1065288216239253575359351075
[39,33] -362683005281237202422300719
[39,34] -308402862969296281207620645
[39,35] 855071963380321231203605062
[39,36] -1222445830473623894341818042
[39,37] 1380490165602069304703525359
[39,38] -1318998313681845055044210238
[39,39] 1076843492183917992646903608
[38,0] 3304841369082954694087
[38,1] 58599179814027106892530
[38,2] -214465748597998870766595
[38,3] 432385939345994817848849
[38,4] -600373032777982267550449
[38,5] 3071743066184997728099484
[38,6] -5152781239682305827076392
[38,7] 15094873283089462719695712
[38,8] -34101345224792134934254481
[38,9] 60696194863104461965351953
[38,10] -107677113890104356108920882
[38,11] 181914055774079341103954578
[38,12] -250997303012764232792645802
[38,13] 361361890255250092037845161
[38,14] -465728481341283553269482770
[38,15] 564550606590166334528588778
[38,16] -685026030500273296892378761
[38,17] 756643170865883895839763241
[38,18] -802309288937309415114938383
[38,19] 815210688770081035628943821
[38,20] -732677739870778033746720001
[38,21] 578813763826438101702746987
[38,22] -395580212204134086213833353
[38,23] 195139883489552748134057674
[38,24] -90392539325196189749064377
[38,25] 226135569827994890644313183
[38,26] -684460019265353380992585262
[38,27] 1487811982926158437303872653
[38,28] -2423303316870161743580997099
[38,29] 3146103855087952052539086064
[38,30] -3474226317824766788420657649
[38,31] 3365989094977615456087677390
[38,32] -2851211326336823971311017305
[38,33] 2044008684689007636560986369
[38,34] -1095832282379792842421019120
[38,35] 150371631565434765663854863
[38,36] 662060220274574678636875374
[38,37] -1219887876992139794644390249
[38,38] 1435811016381786232542667115
[37,0] -2492187820081391996738
[37,1] -76509490856641183610966
[37,2] 326346145863944116310438
[37,3] -656355634567405095024766
[37,4] 211147962640717535647288
[37,5] -2772359273858483301683204
[37,6] 2624784724493981146113963
[37,7] -9008817284543433349484039
[37,8] 28099375763409111313477936
[37,9] -52226118333999090428793588
[37,10] 92008832186422305701652484
[37,11] -184470813392238120788001507
[37,12] 250466218309385609186750750
[37,13] -378732105892562937043206316
[37,14] 515110680374809545810142853
[37,15] -625215793308741350984241458
[37,16] 799581948598440472248265884
[37,17] -920575427347418073730012109
[37,18] 976975728926067647880968497
[37,19] -1019414530543162511920326547
[37,20] 899239465596270771123726405
[37,21] -583413539295999777402627897
[37,22] 206434071266739555122358403
[37,23] 245794661932100333047891799
[37,24] -620059240081501117743355267
[37,25] 583809923388985353051647422
[37,26] 13906019398830554680806680
[37,27] -1223917329130684284557487853
[37,28] 2795819424656157916331733849
[37,29] -4188515676192489787855205891
[37,30] 5091888272330484696315077707
[37,31] -5453476759610474378732803225
[37,32] 5248067653715174258684516569
[37,33] -4510975436123422265990523927
[37,34] 3370157962536714711041544941
[37,35] -1997283131023404368021887282
[37,36] 608190250735490708395655341
[37,37] 537320374793076458018604452
[36,0] 3803249800370061262175
[36,1] 65657664887509374874998
[36,2] -383027235366652542101802
[36,3] 847123204007110405585504
[36,4] 815755507303727690337783
[36,5] 525683492708014583133006
[36,6] 4571744551713220413167635
[36,7] -11565824382234779655857531
[36,8] 8740116047063089609634201
[36,9] -10349867354759452540269777
[36,10] 32528896692685290734127015
[36,11] 20123955280033541671399046
[36,12] 2612096678846756843899530
[36,13] 35706426696303996841510658
[36,14] -116584092800140849582302240
[36,15] 129335521878677501762811592
[36,16] -279353773179855614181223778
[36,17] 433202252866977033117239341
[36,18] -439900106254370154680297650
[36,19] 488970406763408989961226406
[36,20] -373349138030649929349505638
[36,21] -134911406338670137938824282
[36,22] 688123937540516721716179672
[36,23] -1267559990317421168249484352
[36,24] 1826135768204652363210852702
[36,25] -1796320340674945694872875298
[36,26] 932012219449838015725791979
[36,27] 722300950227066862008121182
[36,28] -2890314272638853807891293271
[36,29] 4897305061386122973997770272
[36,30] -6325552232000328577308843179
[36,31] 7206552889763672028279508319
[36,32] -7517488484792481934234640048
[36,33] 7129556684304438493872130013
[36,34] -6035389817170648835950106782
[36,35] 4371025358468979664972645125
[36,36] -2419687713140464716008971484
[35,0] -6317149870053467047251
[35,1] -17897687578175211794185
[35,2] 351784667770207788982839
[35,3] -1148329347531082894438019
[35,4] -1630755005601835096197222
[35,5] 1820441634425762311622063
[35,6] -10491261969775226714072561
[35,7] 33404142797875614354583534
[35,8] -56657363185847037869885970
[35,9] 89765969902791326575294965
[35,10] -215016187419146420031323175
[35,11] 252294549196256178795174360
[35,12] -439039242740061389903075080
[35,13] 609584687369680986014034132
[35,14] -658292990670700499120848840
[35,15] 819195280576995016197640243
[35,16] -715305205091988239832925954
[35,17] 347742901569773601218756503
[35,18] -217532055123908964951987569
[35,19] -3872855360498369372592084
[35,20] 153618473002263583587292867
[35,21] 555228801452387765862999129
[35,22] -1566453853549190206621293078
[35,23] 2559588062749187537990292769
[35,24] -3752745292472237178327164826
[35,25] 4279307841560017699288919528
[35,26] -3494316130492126266909701803
[35,27] 1626129221360996063390955566
[35,28] 928524982615303415480352462
[35,29] -3470323937423644569863091003
[35,30] 5473471953745370249059480729
[35,31] -7061788262735636653066232333
[35,32] 8286053408190308992860056791
[35,33] -8777921672937917591591518353
[35,34] 8231254313614245267267561955
[35,35] -6652657357386619188725940103
[34,0] 8286109658584682838422
[34,1] -65238985136045414991040
[34,2] -169480252855601607783115
[34,3] 1525321703509075480253632
[34,4] 1366264948456053899459150
[34,5] -2087783740881763858626720
[34,6] 8212599632591103635080324
[34,7] -35344402488386668075411899
[34,8] 76632832652253607600751691
[34,9] -108467679205421998198929242
[34,10] 319397870110601050304854015
[34,11] -434560959830301717650895889
[34,12] 784027779728853616164725127
[34,13] -1255155843202571876318660011
[34,14] 1511815757057100669636789662
[34,15] -1986057916102400736140885136
[34,16] 2160993759557971362662213317
[34,17] -1544031325841665155962465474
[34,18] 1164812276749163762086778667
[34,19] -662613049720348076242315827
[34,20] -251604418281744337093760809
[34,21] -208903778635737842306983717
[34,22] 1710081485067909931683832427
[34,23] -3261132159158647137586647342
[34,24] 5577256070471030114853145310
[34,25] -7763044204250651752407616693
[34,26] 8197259008343110446942565315
[34,27] -7036015476241489338911811988
[34,28] 4894888768995005016679807556
[34,29] -2235134016601027597936024395
[34,30] -444416661863299695390409170
[34,31] 3196354714931749280895351381
[34,32] -6059234228053683641264103135
[34,33] 8311208631094808059555840475
[34,34] -9119357679726124131485715592
[33,0] -7416514165079955174778
[33,1] 166523541196231849258090
[33,2] -238963067923155872377722
[33,3] -1521820835914810231119118
[33,4] -304002765303917345568801
[33,5] 520781465982871084160247
[33,6] 1426617756293231297573888
[33,7] 9268237366737541448022410
[33,8] -48221586213144467284467611
[33,9] 18520608208374975498180164
[33,10] -231971019752160243103034582
[33,11] 323504931998935516852686762
[33,12] -680996317811090428265378396
[33,13] 1399014918234653546672879648
[33,14] -1804947366431808285673871054
[33,15] 2612113415032936574183717277
[33,16] -3483050351007844414920647424
[33,17] 2967671772779361776094175870
[33,18] -2654763442025409989782059730
[33,19] 2535499394995396876732958255
[33,20] -1028659946451828409762796062
[33,21] 838107044372923458556261305
[33,22] -2628245175304391054621734554
[33,23] 4255612317890099639205310403
[33,24] -6978836000385218365635127616
[33,25] 10917763197551547437834680528
[33,26] -13281312614723587543353301604
[33,27] 13662817903000892676881485902
[33,28] -13101856324256065920111093416
[33,29] 11475800790640169595812808329
[33,30] -8636257616469934932933861297
[33,31] 4614050675813011375975367979
[33,32] 423355494395701724544370285
[33,33] -5277813238322107374016003784
[32,0] 867860655027901402151
[32,1] -240873478217205101631049
[32,2] 820329421841006372340185
[32,3] 597929653754696030409759
[32,4] -159702724007909333249062
[32,5] 363336607708859443819720
[32,6] -8701798945756196255071088
[32,7] 29913637877291804939398044
[32,8] -7078242340283045053769717
[32,9] 143209273930889448110739506
[32,10] -19202478139738413916205690
[32,11] 69013611705078976658729252
[32,12] 37297667766104939131797623
[32,13] -790593864633121506706468923
[32,14] 1063494645336225961797750178
[32,15] -1740883115549489463924659488
[32,16] 3295406869926397290959877584
[32,17] -2972603800463019671098113966
[32,18] 2663225622685953313066377265
[32,19] -3687011880675258171610444194
[32,20] 2494239132458221986156010344
[32,21] -1825673960110914270161918747
[32,22] 4304896921647833803480518194
[32,23] -6144599238292608146395181765
[32,24] 8222421721546490973238217337
[32,25] -12933179977570129485126649425
[32,26] 16876929888219634386179757349
[32,27] -18532314162043112165890901490
[32,28] 19880601031522127622856595721
[32,29] -20441917200146391883542893993
[32,30] 18561030651423228191484513297
[32,31] -13955196061140215029781048961
[32,32] 7093286555984659813138675327
[31,0] 11885304615780276520754
[31,1] 231558387611306551531892
[31,2] -1301234866623705052951201
[31,3] 1192505172617719437952129
[31,4] -1219629613918669670544755
[31,5] 1437684842256797085811555
[31,6] 3153990452893592617183657
[31,7] -55675231344296756925061340
[31,8] 43127560020924707673026860
[31,9] -282006401402806522147261897
[31,10] 288334199988765482317999249
[31,11] -500968349404127677831432903
[31,12] 846137974094057785783098013
[31,13] -237713562692722193879656801
[31,14] 274150088139850879834247192
[31,15] -386349740756008228269954548
[31,16] -1414082611637284063987916296
[31,17] 1020614783795321578802257197
[31,18] 297845973572692684434002549
[31,19] 1334137551365723294264866405
[31,20] -600045506694872693266297812
[31,21] -1180047774494433718050835369
[31,22] -1715992666769218656185520753
[31,23] 4348895862975808809386754035
[31,24] -5479785467521116184885888209
[31,25] 10363434318191509127769321620
[31,26] -16073760524818745337380451848
[31,27] 19018467586668850376553744346
[31,28] -22191886632444630632404212462
[31,29] 25694262746917856921542615414
[31,30] -25903338753427326351237400319
[31,31] 21674196514193458342290471614
[30,0] -26289441180162584551364
[30,1] -119892453844164062227870
[30,2] 1329566417683164119114480
[30,3] -2919400128188956834049317
[30,4] 4214817275967346992936269
[30,5] -4953448840882468488651292
[30,6] 17098847169325727629791976
[30,7] 49473468861779743333489312
[30,8] -21297332159925117984045435
[30,9] 305171046937785189797753404
[30,10] -420152298556743744418792691
[30,11] 682976344631509080742114018
[30,12] -1535392918593100425715506876
[30,13] 1173885110830263738962781907
[30,14] -1375073114131897312856793785
[30,15] 2653624802017047495585012451
[30,16] -985851276065507880098776118
[30,17] 1186483005483131681343175851
[30,18] -4150672301345948158707006210
[30,19] 2879354604455172234658253347
[30,20] -3343086530259972596090392147
[30,21] 7648179421621268215273522519
[30,22] -6624098224431538377262838493
[30,23] 4406212454742696743220985985
[30,24] -5660945894299548338388828791
[30,25] 2336473149634160832495835836
[30,26] 5126783373357161625018120439
[30,27] -10353831247914342485209109841
[30,28] 16217306533377979681712840123
[30,29] -24128089067676178009092676064
[30,30] 28309910155161253395236549956
[29,0] 35445995571536685269979
[29,1] -44933624759920480140757
[29,2] -772722784358440949438870
[29,3] 3320246179193294999092922
[29,4] -6960478470614918578631505
[29,5] 5997435816867095360027366
[29,6] -40972023887164892587875402
[29,7] -18688984107985887661815040
[29,8] -55069019537364553346363145
[29,9] -180236812404309697633053247
[29,10] 340800139556760734390170604
[29,11] -425135088268656128904914161
[29,12] 1639006394811667493814467856
[29,13] -1605828261828004426976368845
[29,14] 1662413659933436411992751087
[29,15] -4228895993741586808100813564
[29,16] 3326048357252804108674402110
[29,17] -2926594936763540977667512446
[29,18] 7358598926295435575370816023
[29,19] -6919794691872719728889327422
[29,20] 6143250873464972169834036493
[29,21] -12308926637248782744259543834
[29,22] 14423225153576582172963616104
[29,23] -13722191793814359664245007256
[29,24] 18979447292346697075939304999
[29,25] -20653439887431309012849058430
[29,26] 14102548464271440113919512380
[29,27] -7427818936398706203790842053
[29,28] -821079928666428218024977665
[29,29] 13875084718061433431440126673
[28,0] -35665633219005924861604
[28,1] 177359366588852041163786
[28,2] -112295035747552869839054
[28,3] -1849921553072513521985748
[28,4] 7622648888723552451590453
[28,5] -995375751864033061062936
[28,6] 52447724371240895056442771
[28,7] -7028137802772283962732353
[28,8] 129668322626018856473283588
[28,9] -23702722938697172569390653
[28,10] -143095865125551091157917128
[28,11] -190815827259251704249405541
[28,12] -1000441303438151140850658778
[28,13] 1239919292469292692416828617
[28,14] -619294172513427618613770290
[28,15] 3967183047230740473274641557
[28,16] -4450367018960923288260409829
[28,17] 3428054332136868001408657848
[28,18] -9047490881124776772612607987
[28,19] 10459909002439194381268110146
[28,20] -8093851205597236426832312438
[28,21] 14156611496172640809251738349
[28,22] -18524238727329451571562866487
[28,23] 18040789963699080459701040934
[28,24] -25301749916357872363480396591
[28,25] 32470854547374026426893074077
[28,26] -29064279452071382447576847204
[28,27] 22844702275896934559199675253
[28,28] -14724917798537345514142770366
[27,0] 28457904852459494561119
[27,1] -221787192795178639025145
[27,2] 853742033465303556718508
[27,3] -865359973352596937796964
[27,4] -6014184238163268265190506
[27,5] -8850055468027590617921389
[27,6] -45886042937631587224186812
[27,7] 8248253923548927663688612
[27,8] -146236720517737375783767574
[27,9] 203093893922205860233159957
[27,10] 12612742659861122845184376
[27,11] 790034779910063477093281013
[27,12] -29730074564958552550512631
[27,13] -398893293791416451636187172
[27,14] -1424604476712173337436551035
[27,15] -1369445814824653690039240135
[27,16] 2854685492971297581576728846
[27,17] -584819778416803586158044417
[27,18] 5850216803202084123484696324
[27,19] -9447392848356253362430421926
[27,20] 6370080212757628244529056108
[27,21] -11657944985823187779207269767
[27,22] 18629578242004367655877389913
[27,23] -18943202227433307602646873314
[27,24] 26312316643976308621314618096
[27,25] -37211035249716783862851257833
[27,26] 36710830100686270294643142155
[27,27] -30417470642873137922893361378
[26,0] -18040545554731212688958
[26,1] 185623051673150101067917
[26,2] -1115135059141931220401758
[26,3] 3620573115303237015378385
[26,4] 3097752040458069808426074
[26,5] 19576045744140613600434490
[26,6] 26854225247892141785452943
[26,7] 10155795691009262880889000
[26,8] 93577093230937816457172971
[26,9] -316635792803627512202587100
[26,10] -14501216082881603402682694
[26,11] -1074688195314814616442931020
[26,12] 968535161830311357541008345
[26,13] -241623903699823139307155444
[26,14] 3085889956861762544955321363
[26,15] -1855865336826494465358725272
[26,16] -32165399105386526797439923
[26,17] -4000149969633617588774492927
[26,18] 1621003719292729965133789994
[26,19] 2150005042201773916698128763
[26,20] 2292700254704790808624809445
[26,21] 354257973332621813603710419
[26,22] -9271864703525495265195216823
[26,23] 12595735839064701522503012028
[26,24] -21621867930736297045370596903
[26,25] 37319005246292659620535150362
[26,26] -42044969702840343401565081337
[25,0] 7896483292202739759430
[25,1] -113744692036499588762822
[25,2] 853366284376865872427094
[25,3] -5351770814579369949089886
[25,4] -144760003089231085120016
[25,5] -27959566548157351961657412
[25,6] -2445779541031639224109939
[25,7] -36508494531842027590875777
[25,8] 18142720375881440332102211
[25,9] 347282261401447792194401577
[25,10] 114315761350526403061374639
[25,11] 977029934786945621159693464
[25,12] -1609351215432906530136085033
[25,13] 546336881110594027094802620
[25,14] -3719793775190469873486486251
[25,15] 4257589755709820513229295859
[25,16] -2040997783686263784199159579
[25,17] 6821262674367187469605285306
[25,18] -7988912405183072533754967350
[25,19] 5650378881580421973899688640
[25,20] -12181175067316763121136371767
[25,21] 15010374208048439764618214925
[25,22] -8532269112207104390307074486
[25,23] 4305899711949587568814186367
[25,24] 5138854618116278373394820195
[25,25] -24801863959117966752469412774
[24,0] 539801316319468868654
[24,1] 50554728590218313687503
[24,2] -256166754804233720685269
[24,3] 5508965649450325570865998
[24,4] -1399850842437304920826710
[24,5] 31077562601815134930224952
[24,6] -19531117271874973938235878
[24,7] 56113254867105632066858139
[24,8] -163174180364922828312073708
[24,9] -273481196937789037194593341
[24,10] -305916657731789750790624719
[24,11] -446289232958977695917119524
[24,12] 1661467878350170853683424778
[24,13] -345479536361809359771419984
[24,14] 3129081339137706918063202483
[24,15] -5264514441645178714718810519
[24,16] 3062413310115226566147136871
[24,17] -7379434694780350990323062387
[24,18] 11152782992734303778623463494
[24,19] -10206190770735214799228443874
[24,20] 17159671160151630626339424938
[24,21] -24470788288502785778147377920
[24,22] 22511577897777768699521636525
[24,23] -19844130521644626178865299413
[24,24] 13127543811569788382817553722
[23,0] -7227770705171520795207
[23,1] -21918648383387616166727
[23,2] -377552334931560526309785
[23,3] -4293718214217221762739439
[23,4] 795034089013324383354611
[23,5] -26957958414460690148225934
[23,6] 30796392797007995156598250
[23,7] -48643124460392344907276307
[23,8] 278070366706850664847546423
[23,9] 153374319167157907250195933
[23,10] 481378112117028291236358575
[23,11] -335774323154543455341205637
[23,12] -1049087028296411699519928433
[23,13] -559489033918834835026475469
[23,14] -983070946854775850118339039
[23,15] 3793742789982265038214064868
[23,16] -1722126467117966256986873289
[23,17] 4764007998958979231315672988
[23,18] -10054106499861736865693134670
[23,19] 10763468471367479678399801476
[23,20] -17113373372207591525712076057
[23,21] 26373579453280937530949903032
[23,22] -27738199221412653594257293656
[23,23] 25450920682382887499613764155
[22,0] 12642069913991992391479
[22,1] 27086549097930906465544
[22,2] 793312833323609369096141
[22,3] 2491425330157970540910945
[22,4] 1211767547912750780765653
[22,5] 17139525766025103851701332
[22,6] -30419811473264667348017138
[22,7] 9925719612984088463447297
[22,8] -309938688796575161388780947
[22,9] -81198910285941611677265814
[22,10] -455909878395064502979316946
[22,11] 876980573770198928233677083
[22,12] 410037747339409839278475333
[22,13] 1307909548034607281271686211
[22,14] -1373809354850736138505651013
[22,15] -976126425497977039596197140
[22,16] -1363788955588328756918960914
[22,17] 565861089801717226247417614
[22,18] 4361768946836864307071087677
[22,19] -6364357502719094008182321804
[22,20] 12335062094687197755877285779
[22,21] -22926222294924549749993569332
[22,22] 28302482794638957685966396580
[21,0] -16939138608246443818125
[21,1] -44717711349475240482783
[21,2] -907566468521499577997550
[21,3] -883684414533914461031726
[21,4] -3188633095454883540722899
[21,5] -5625418551361375810812276
[21,6] 25054263566124930854687775
[21,7] 38543880440176718965588455
[21,8] 271663762648424585785289829
[21,9] 51365332243592504296759435
[21,10] 268930177274382740510180508
[21,11] -1027966818026437455670577882
[21,12] -79580728104750864979663801
[21,13] -1333303155836477971429883318
[21,14] 2519794568114725545062586782
[21,15] -924698139802759255295641728
[21,16] 3337231096367036257415388232
[21,17] -4773363871556187499253557952
[21,18] 1858270073355430481975569031
[21,19] -199986381266209909249985736
[21,20] -4247319767459591325495479324
[21,21] 14219989553171166124404777486
[20,0] 19539172659360545278110
[20,1] 54421826155812163002640
[20,2] 793908268639050659398867
[20,3] -153571056266356034699700
[20,4] 4229116762594756851423118
[20,5] -4612252342396853661975531
[20,6] -18940135019917776869951782
[20,7] -77682429701351866645087384
[20,8] -194142054520656215951445648
[20,9] -35467823112357329670748069
[20,10] -58300981161698813940154572
[20,11] 948370378001092458749855906
[20,12] -134109079913069260381947155
[20,13] 1103481786888605789570741535
[20,14] -2844578764232859382035115316
[20,15] 1969405293296009574178422675
[20,16] -4003259740890457523799488086
[20,17] 6568693231564736083626775370
[20,18] -5587928992505392578672887728
[20,19] 4850729233641494138365713509
[20,20] -2591142536633313085667253901
[19,0] -19835369827500427988909
[19,1] -49832622901531824401927
[19,2] -577310936293214804260536
[19,3] 605809183019976350001118
[19,4] -4055565970060925318259383
[19,5] 11875778222900424956444454
[19,6] 13066068379727677682332600
[19,7] 100722094914996694417847546
[19,8] 96521713562023482596986939
[19,9] 51390470604207331173764365
[19,10] -158171730926436220244437625
[19,11] -648001105220989243917378576
[19,12] 120279303092962480104102758
[19,13] -652946586025829354410825897
[19,14] 2494131231690509734381845721
[19,15] -2284088931548395778419207497
[19,16] 3884866447441371287294223263
[19,17] -6663762157713283115043187545
[19,18] 6821631365324242019824577654
[19,19] -6364757319905959387134395822
[18,0] 17922278760180432682456
[18,1] 34781386511134122378325
[18,2] 358642152764054766957321
[18,3] -652055168013317333764226
[18,4] 2818874224761869215968406
[18,5] -14957506486885867068476778
[18,6] -9685090738146344559732712
[18,7] -101091078322269293734193631
[18,8] -15145933455365674510077008
[18,9] -70334554787335135446380280
[18,10] 310326650793580301613557240
[18,11] 270850647375879208219381490
[18,12] 70690283008077232357962217
[18,13] 56478761203526548108107699
[18,14] -1594787054142640241013302283
[18,15] 1806388476831341679484080411
[18,16] -3076362589525930657374260921
[18,17] 5735248607532298851440561600
[18,18] -6789636926556212054715901654
[17,0] -14462814721179207454865
[17,1] -16298122212477497601559
[17,2] -194862047815403759771759
[17,3] 550067013965098408715243
[17,4] -1214528291258425218900631
[17,5] 14539380931346695273327998
[17,6] 8160549757608704652888400
[17,7] 83489726444071675740927957
[17,8] -31496444620882592894653455
[17,9] 68816849061777313621929623
[17,10] -346700016118960384220713699
[17,11] -882087616427102074761577
[17,12] -213680961537930515824918373
[17,13] 358071494739221971160650203
[17,14] 691097825071624564478032882
[17,15] -1010431205048160274392080975
[17,16] 1910293001605625453511969554
[17,17] -4130505338171872741612142651
[16,0] 10350279976095845963756
[16,1] 1331975964534447034613
[16,2] 94539639037612150787457
[16,3] -459012483591929013923051
[16,4] -84972992178216160862609
[16,5] -12219282752580081979155920
[16,6] -6434163307882657568627391
[16,7] -60535620970279061621945335
[16,8] 52349462793599907698690475
[16,9] -64373223185711008940857211
[16,10] 320138463412649999154250634
[16,11] -166339150180851130618795679
[16,12] 311111182013176636196717355
[16,13] -589810633513173801296957014
[16,14] 28551438459202849592336130
[16,15] 163997634813059998566776004
[16,16] -576843539043855450037132026
[15,0] -6500351271355208816428
[15,1] 6525726823919400194012
[15,2] -37321640195118984846908
[15,3] 394691292397828855255226
[15,4] 878850850040197963953273
[15,5] 8965001843598533249049879
[15,6] 5070166514065159758150658
[15,7] 37637195112024885678162496
[15,8] -50690249033566421723402157
[15,9] 50810753555102203305738380
[15,10] -249324113918349468961410667
[15,11] 215276799216910209540969439
[15,12] -308752262546687540529165207
[15,13] 573777026337277900718764163
[15,14] -290010160697490720012975824
[15,15] 113512548469543457981510960
[14,0] 3556163374428898773789
[14,1] -8577075847349375665682
[14,2] 6353410617335133430072
[14,3] -350614385320273457079105
[14,4] -1130541962939222500246111
[14,5] -5872629355957560587956108
[14,6] -3744675961028162215298392
[14,7] -19856665284585996241636614
[14,8] 38229292119540439153660988
[14,9] -34772599537699908494012535
[14,10] 171271392767665596535148045
[14,11] -200390102772388759084687816
[14,12] 277684110753089763234768092
[14,13] -506512955880106722871386645
[14,14] 416208827489279900393900873
[13,0] -1650676408115588845217
[13,1] 7546046399241483242869
[13,2] 9717317672068651020960
[13,3] 307181003812962122789750
[13,4] 991258465211467678449293
[13,5] 3545686983015976700792138
[13,6] 2297761593618789825044722
[13,7] 9043805558172303810641432
[13,8] -25003923140658520277757711
[13,9] 22169955970221083162478727
[13,10] -106908787406150581205986523
[13,11] 156866321259131778756948798
[13,12] -230687181537644630481594241
[13,13] 431601043863876660229734764
[12,0] 585545223995547970974
[12,1] -5346130298527510913253
[12,2] -18535206101600693283639
[12,3] -242014795087253783677358
[12,4] -722925699679205364030193
[12,5] -1915191241719508718580577
[12,6] -1349684991054343829102539
[12,7] -2943889545455672834910925
[12,8] 13167185438348064468879568
[12,9] -9860047972492186050187154
[12,10] 52877351994142958705402840
[12,11] -87021475992468849343009679
[12,12] 124587851133748076806868856
[11,0] -109947664978190811459
[11,1] 3432629803280442302455
[11,2] 20615207665046763107304
[11,3] 171092288399824500444332
[11,4] 445679891461446721528488
[11,5] 964374774741691066417243
[11,6] 613038542683280353930663
[11,7] 669797159965676071658631
[11,8] -6720013816110035218233494
[11,9] 5642266373635535406208105
[11,10] -28539644888155237152859834
[11,11] 55547374077831591654246782
[10,0] -40413650486054996897
[10,1] -2192023895350876568426
[10,2] -17923322258728870427400
[10,3] -107591059925630726325830
[10,4] -238240919067450361842144
[10,5] -450666562237942292851919
[10,6] -229147090190591617984378
[10,7] 121250912703713732302547
[10,8] 2698516343143727530742897
[10,9] -1933621914455214448579816
[10,10] 12121848131189183299208750
[9,0] 64356736158142524549
[9,1] 1396056527188242157375
[9,2] 13489968107432689710559
[9,3] 57926505780054759686953
[9,4] 117601659263549005816065
[9,5] 183223994887585285852990
[9,6] 84318156302146813557149
[9,7] -279016864699197914250798
[9,8] -690979081900034189620212
[9,9] -354055507798331711392116
[8,0] -48026014000321528098
[8,1] -931949048637821526138
[8,2] -8470051988804447172554
[8,3] -27839390266410396428960
[8,4] -49096000201983882226649
[8,5] -80383935306733978585350
[8,6] 25123761145040998447822
[8,7] 21984949119041448393461
[8,8] 561384798572790004508796
[7,0] 28736242348859548425
[7,1] 597783765193076443437
[7,2] 4583884679945458822935
[7,3] 11014560059072648725659
[7,4] 21311787189229607537126
[7,5] 20877460353464507951207
[7,6] 6147888083508599782552
[7,7] -84774690901069107032943
[6,0] -16934478956129215863
[6,1] -341613112307210523864
[6,2] -2111989002854067486621
[6,3] -3664104154552250831502
[6,4] -8028768506893980014702
[6,5] -6861294164823579332582
[6,6] 6390852020545572738938
[5,0] 9101669747512814145
[5,1] 181063373110825257621
[5,2] 757494907255999459449
[5,3] 1149926440545349657083
[5,4] 2540484679042227150495
[5,5] 2454408477249150622990
[4,0] -5251068204196690719
[4,1] -74454221280604111281
[4,2] -249323655393713754288
[4,3] -116260487206856103348
[4,4] -1594723757896701580221
[3,0] 2362657563105453585
[3,1] 28378781259221671389
[3,2] 26702671469774056191
[3,3] 150195540741397900749
[2,0] -1002428146422247725
[2,1] -5583289999570965585
[2,2] -8997218611315997850
[1,0] 249310034040582000
[1,1] 1200042820230378300
[0,0] -57728511533806875
