[42,0] 1
[41,1] -40211969703342
[41,2] -570590687565634200
[41,3] -312610629792906924735
[41,4] -31022672099289696549090
[41,5] -1022551873716607080684609
[41,6] -15293176905833908309454844
[41,7] -124865817819010732587141375
[41,8] -627482842140032831398826870
[41,9] -2108107679899387794859488585
[41,10] -5026242598981226835017095248
[41,11] -8892575646440544796763701763
[41,12] -12081438283190896760419564050
[41,13] -12947371516783460375341156113
[41,14] -11182031558661793844310766252
[41,15] -7918728844644250443972153801
[41,16] -4663621384048873607668243026
[41,17] -2310826983621649529817846755
[41,18] -972628399520547742913928192
[41,19] -350502992797716540270142173
[41,20] -108847422394269010747951214
[41,21] -29282987573567832089331339
[41,22] -6853452728503778178392700
[41,23] -1399939771338630067336375
[41,24] -250172180000119401741990
[41,25] -39170206438757285747601
[41,26] -5377221011324053605616
[41,27] -647110599800176385235
[41,28] -68197482015641474418
[41,29] -6281471374516140657
[41,30] -504105805534088556
[41,31] -35096480116242291
[41,32] -2107337950263390
[41,33] -108278056943289
[41,34] -4711810012056
[41,35] -171266814539
[41,36] -5102945034
[41,37] -121373325
[41,38] -2215804
[41,39] -29151
[41,40] -246
[41,41] -1
[40,1] -71323835945704275000
[40,2] 323068583736718162478480211
[40,3] -7405442171721261371925740446350
[40,4] 11756472889327114185682802073741610
[40,5] -3059224205532050671222161942762984270
[40,6] 202144420239397078551918345025256694261
[40,7] -4303317906282521566903676688574199956210
[40,8] 33076189812702127697578551987910328956644
[40,9] -89903300301316718835627587784569057152770
[40,10] 51405549844279737247283440688530665489123
[40,11] 60361260342563208155874932111305672062018
[40,12] -15232906780284067569685074572603376806562
[40,13] -25269825294936359741026151780998591752966
[40,14] -6510562709169759807442403147494232442897
[40,15] 1445154494670633003057779653412364262842
[40,16] 1328039007348184116579991640709647245912
[40,17] 366027064626534673170700869364254548514
[40,18] 39851274706772438428778235380304369123
[40,19] -5187081202382454560769219160728534898
[40,20] -2909259326984065600361216572546938750
[40,21] -593070887599285669304102900483857602
[40,22] -72811624124603161282842553030673239
[40,23] -5063026251041030114523359626547466
[40,24] 6312571866314676854610763042920
[40,25] 50912642824007283686099323464166
[40,26] 7275916014962540562460531787655
[40,27] 627332698103436645073336687818
[40,28] 37618836080972307261982807962
[40,29] 1550672534163027498654687618
[40,30] 35873414007347821401592356
[40,31] -302333493990963994985814
[40,32] -68118886361352768921774
[40,33] -3275001509154477664206
[40,34] -95855423126508286006
[40,35] -1878500597471642718
[40,36] -23834192517899250
[40,37] -158026602671758
[40,38] 160076373636
[40,39] 9205792074
[40,40] 19880654
[39,1] -4884541090514170698984375
[39,2] -925680271465157671490717555793750
[39,3] -266299117018953697500955391726735613530
[39,4] -2113149563406536024437127182282295785671750
[39,5] -1453154636242687339096226278819619346782755590
[39,6] -151529300794340295445553487093801785239119649130
[39,7] -3389571753521502851723032208721681329522886743280
[39,8] -21948253236985720618340647018422722747445710087814
[39,9] -57721213483535350159691889160908349760203068422008
[39,10] -82149343935826200514569166050126535257080234662758
[39,11] -76149931802333907268561521048399661322666015302230
[39,12] -48155625087958723379161089025851302976398437290638
[39,13] -24870298335548413201152460735772067738888969628686
[39,14] -9020984655940698181327214728725974030850687780234
[39,15] -2822723330967055360394053151845226827269262098778
[39,16] -761822546328370477925665313770453486061000463066
[39,17] -159730610333375795472010030160440058360566040757
[39,18] -27064750595156443283172965782172944820510634540
[39,19] -4202730667543593433163128368408470249785544271
[39,20] -607887536061174627568898667737409179296294578
[39,21] -73342612865338288383356678309815558354160946
[39,22] -6849119715833152821200601767688848698810062
[39,23] -514216736399268545045078513156773876279758
[39,24] -36456403979881765412465629012819801253174
[39,25] -2734969614887382313523456547289701613746
[39,26] -189069998777235177418782267829487831970
[39,27] -9918482547253720658515618557901836796
[39,28] -353320138153694933848598637991098918
[39,29] -8239390202160931870637634496149330
[39,30] -169908617180431032474443599322366
[39,31] -6558477833894799760405429616070
[39,32] -264437815001588034072651922686
[39,33] -6198553185167637470245667561
[39,34] -70071100066914189366454476
[39,35] -215475626510019276253485
[39,36] 672061407908887792810
[39,37] -21833956214830307550
[39,38] -61000813431792846
[39,39] -185399960198094
[38,1] -60591156443925188572441406250
[38,2] 183694888895736159151293782402212656250
[38,3] -264143695425817003054640897785286973208968750
[38,4] 4582554379913092936018784179625850531656189261730
[38,5] -3356159993392438610158513622911542294028908760812150
[38,6] 175789939356302160037776589500772884908101771908576480
[38,7] -414522010123603450363164690254639970842235249941883510
[38,8] -308987637197748267575980633264826356059941822783898571
[38,9] -2818587450592317742614405624692594622548999873809399014
[38,10] -32342134914940859828102763004470340333114325776063036038
[38,11] -43002980124944619356685542834778845396248000337544121774
[38,12] 5649272134229963999573830030740288407581260511712366766
[38,13] 27951584980576522502801906752319189893713582677365047450
[38,14] 15170330692723942658326835645683486877014448754101652652
[38,15] 3295605184553740698429980958345684692089559909114965554
[38,16] -18067932692160456696553134944001566207723226522136023
[38,17] -197091681277456718235144353262504126839051286671184920
[38,18] -56931635285947851807982330471135705121751460550867292
[38,19] -8882631455101105539240871550737380510301697974611180
[38,20] -815666545194329007257116514987975747935702348656329
[38,21] -29719563848968580288531367415825517774269895190498
[38,22] 3266737568934477960889015541244959230889436788424
[38,23] 664406801330738212037199037353151731623950693470
[38,24] 60907036040408929921195188576281913349182611361
[38,25] 3496328243117752077877320677884241723394361230
[38,26] 128255951956972079322104668863311686591803962
[38,27] 2664053713013639718879225647695674805228134
[38,28] -12394298344108029111324941307362563458813
[38,29] -4143490680159110618900167309689043668246
[38,30] -181029390323131002221569373234239547070
[38,31] -3325177369169436225720473931270300006
[38,32] -27163074154236340543343459828926304
[38,33] -434166222751223037942992888095560
[38,34] -3584256537408766760947668624612
[38,35] 55355075070884065144714633724
[38,36] 74375567192310648455514507
[38,37] -74613867889458395729334
[38,38] 1135350622124846294758
[37,1] -249646453544093525557765869140625
[37,2] -5975047276429786467230785044458953652343750
[37,3] -22705541191291989673378535606556552293480556093750
[37,4] -419519999174054826269814202863942786753613595101518750
[37,5] -141496380160458072103616209177608122648415727692317721018
[37,6] 105359671651584133394546634450023658820682611793629246950
[37,7] -91172320991665386179454648041829400838506791137285352535130
[37,8] 849520182699619610713477511666871854006864944334498600466390
[37,9] -2427372921839499258594372248468791435981741570410534671100720
[37,10] 23779054837951082780044520845286474398077251582591386164130
[37,11] 37952978290776808377475196839498926435631324405093451169042
[37,12] -1130152332594302743314065100532392627415060760452145500825446
[37,13] -1317530205834122031536855722050188904253116898896296633388522
[37,14] -806593583281783094286981565083144942541957842024910153066074
[37,15] -321144605488104198441990870377270546680512073587986691692316
[37,16] -93494188224874699674442576490931992652940392960999780645894
[37,17] -22630725054067640198335421941542769020038407076965552783971
[37,18] -4845161424942135608342714741113708410068965843849031985372
[37,19] -866386119701468722966884423652157051641197085126373442208
[37,20] -118436685818083525738791126980248583446593021391607708892
[37,21] -11812289711433125598850402484130342484231336660029119667
[37,22] -873244457844343648368379881784088759661829832530856966
[37,23] -54768521001003175109459622999972058857443959417411599
[37,24] -3695515386661836419100030123138218046086390904205428
[37,25] -261064077639124051037796874494042845409255253823731
[37,26] -14603764053913601671484610613366068910545635745126
[37,27] -533634088993036173958918175635557609350357513541
[37,28] -10858867518663436520100941282837770901754619936
[37,29] -76036253081172862760071988385155215599908187
[37,30] -262746665857688432433478728496291481915190
[37,31] -90429847791644022907976857470655766510715
[37,32] -1252796769332773044141921597983356289364
[37,33] -29550815950605757677939910752395474622
[37,34] 101419449468177933526475348178298472
[37,35] -233779810014653354257109670435045
[37,36] 1170896718751735734447811609842
[37,37] -3682167427715642562179464724
[36,1] -466710721003232065107874877929687500
[36,2] 49351665097509052380839439703431810122314453125
[36,3] -295955665613945889542096654480081611795155564707031250
[36,4] 2746717802442221250590259210949576326689090186071507500000
[36,5] 13169958956448016674318329306252957352585326474203655868750
[36,6] 56814353746001205150251828986419239519793063544058157908467436
[36,7] 126678992146913381247395284761508460765075826253151970886002150
[36,8] -471246168657939824686927321927396652943320604957111307746520110
[36,9] -7952356108779005966821330895915558926123417971889886004015066890
[36,10] -15077816173650074609177647133622976552789520824592338432121243955
[36,11] -21140219914073951489284197156513508203120221201894102019664047930
[36,12] -9607599397022025455310590599134661328698970585360418367198893948
[36,13] -790996585461914093397931865607613079663988038744783382632298
[36,14] 1359039677026203417197934444271418897368274672769054380212533630
[36,15] 523008149839425668072074106100558296557956249332636324675764458
[36,16] 61396726138154087015255782754838363498884943233822179732257786
[36,17] -27548346632653591534366521128294880312465099529983880659783834
[36,18] -16897673224892401529036533940602398659055675818619484017270428
[36,19] -4731913526280686135218011690391329002765203037238823826693460
[36,20] -839399247921184194694118646986491424462597558171548798197552
[36,21] -100660714904385636521362772471800611708361419417683832454812
[36,22] -8024643751560933843463414520962682482535966462648046945222
[36,23] -353022845478510978929514711506011527220500859965542049480
[36,24] 3768075982029273516518746307860523545301183881342714228
[36,25] 1837895877091747934589563699446247967508904799827297448
[36,26] 139948914557225686018474415515748966282706695599065021
[36,27] 5847766276186135918344137687354614908428709055851636
[36,28] 157149296072445035578434990028237884089876949599214
[36,29] 3274674742834166023711413452857763135762644800924
[36,30] 44503909972398478348010135120227778355989634782
[36,31] -492093819512069413885078002185616042827665368
[36,32] -18751364542261757850141720281810006092909692
[36,33] -25161735205246281780980879623437419210476
[36,34] -177054324370899077964965998262478216744
[36,35] -2131009803646462372315961655796794702
[36,36] 4518055812248971594643732157503062
[35,1] -476325293804209642742696285247802734375
[35,2] -131326840401688280239980367693304442023010253906250
[35,3] -827532166387085657158943410332441730840548521308593750000
[35,4] -809613301022662988990556035653593693051240722542741230468750
[35,5] -1424567515494771659053978875653584388101668611520083633361406250
[35,6] 15834874018364172655924410595188557595634478281643996360750268750
[35,7] -2834371971515967762105138511274876936943471329539653486942923287278
[35,8] -20626435578269713133276537992857246859215885721052560173326893759050
[35,9] -49777946002353214773975548337401331141344739250869006863205096902250
[35,10] -47110577633144942893603820431577318763988581691913907122925415746150
[35,11] -10494728892277176021283848917346995215276630186352772489698066408430
[35,12] 4901877921677354807620353452156955287227620510338764411527237740370
[35,13] -4751694114305166127551006264974662319557465888197469064374619427918
[35,14] -5044210662668010460718982229189313627669051257269802307798936437514
[35,15] -1891206890915375936567630117748124437846565959131040701632542975708
[35,16] -341090101899659383326552064933595048272485585460850892664896944334
[35,17] -17467088493821739383292729231907090865202278883397742403298475627
[35,18] 3646566863760549327549380340406635101807141045965126777855757280
[35,19] 223025678911912656658282230931760099152608888665176494474203358
[35,20] -227749500679667393105791885630821987010390203941250800543872172
[35,21] -76029216513364983076025406128776773780528811843131235518930105
[35,22] -13634689621568950146492203602467026586757664149860683623429878
[35,23] -1646601417138883439007127128306638149109294622511155497942015
[35,24] -138955427750106412387134845438010421128404457409854327471360
[35,25] -8048839023738522556054534748408109489768368959362262993872
[35,26] -299226059124825613217657802671304492525195274732081764508
[35,27] -5861655234029482087466089248470293867044949274141914998
[35,28] -16749134942997165332655318979326490392624586770883488
[35,29] -199903749691362108361946631463914018531816882762896
[35,30] -120739809671989472505558074647496824275007524467508
[35,31] -4083203542443140868401927764546487252774446514202
[35,32] -39528649880390589429914102633858467106686141096
[35,33] -27781362312676925529942400722234146306945367
[35,34] 741509943061133832552146898871583469604218
[35,35] -2346891765434733836472563080046156560302
[34,1] -299207135267273345660603938102722167968750
[34,2] 126175650835808287420572479201928439928604125976562500
[34,3] -669807532866995868479634003247763755720389101800964355468750
[34,4] -75436434862731510638667146793170497084946734078100237060546875
[34,5] 1659219106835194552174760764974359089857158094403317579035917968750
[34,6] -7363221385280309760733239405115572702239384452454864183539376718750
[34,7] -2578304447283714141659567249107155857401985715131570021665861719881250
[34,8] -6709302063121447727989655580516829325221037872570774442427699023188965
[34,9] 15748893196436683174372383070188697824057066982760611777633568935233750
[34,10] 59301121560918105148563752897602751697848538825483804427271667580553400
[34,11] 52818483053316479661634706305269544834999680760901966622687056017797990
[34,12] 9622327903774513881858845999376233283612829439349722393635540931785995
[34,13] -4666731275086840367310558059590778365339196138302807916536992268401466
[34,14] -3251650702305922626056067761672975228864941955107437780750407952555198
[34,15] -1094692757251279578313223012292293623274285234585288947577914083271962
[34,16] -204935496015534042150668984223437044542758432753502569089091727753781
[34,17] -6950677677061627677252013326758348529601766852357435558744408055576
[34,18] 7411997313364162832039997777021151864411829214696371347215772098828
[34,19] 2633556972000501370854367796484173539064978180019964198623720029288
[34,20] 558551523931345313103418906616948672252305656226162648602423549300
[34,21] 82505335855445978582217131434390016207033960113792153281771216918
[34,22] 8181842058348069808204039667747384181211094727321410005263743438
[34,23] 470204105576525245887951878562765234976899837292586973293421594
[34,24] 4046495457070215746145002658453662977942091977516731271406046
[34,25] -1849513942517723658369511118292147285250090754078136291621080
[34,26] -184103902220277209155436521530712616350278653041353627204126
[34,27] -10142338178812235295198636534935466790437715714514932159512
[34,28] -383159914877487346686889611295465603674832110881709357295
[34,29] -10404950458210746625512598206521502041015825726509126500
[34,30] -193385102761991420821577588715752098437480059657091264
[34,31] -2066603812251420648703863441964623579013488269348404
[34,32] -7762102951052108599174973235977985474801674528688
[34,33] 38665489758561634868514388072146397635567675258
[34,34] 852862377491463506047846817529255180842958654
[33,1] -125653009408675896815031086504459381103515625
[33,2] -42869234228762015741170686619076279236207008361816406250
[33,3] -220188955244199181212203556674607657471477769554168701171875000
[33,4] -86016462725595634235058765401995685502593990289593475769042968750
[33,5] -592620342245971498680266662223826034175229875588509441186699218750000
[33,6] -15531945524958996028947911906085076027584800726347433601591927519531250
[33,7] -777780406286768980843367942771895799083511550794828232237579639097656250
[33,8] 1968611649554585396796547883773587228007133372845076472204196116904218750
[33,9] 12253657575973472074941933622178583529616062365697498025105358043337432340
[33,10] 4916714774170105998855071202727669351190834557305495018798231562387864050
[33,11] -18007148064033908269132731688784267814234374071890748230407563883789229240
[33,12] -18025309225122764491710336997255645747016364707142756764921925942872890090
[33,13] -7735811342497475012347672341938285171863109089764164437771862604051440574
[33,14] -2571922120638554961249996887200417202672834464024156701933791402507001666
[33,15] -827852148455345927640140400836376094929015770988503397088306184508006340
[33,16] -219951958938363914251245831998665773683132646481154081906888607584803182
[33,17] -47896485169605010431304467869830475166301799274969515918820142546517883
[33,18] -9572453482639228954932324165358903175910775969301103634954656021378400
[33,19] -1651868746125448761669411097080802959086227488221286425757193756649766
[33,20] -204772913859915026827252592056349811767018215245920177275452125701212
[33,21] -14994011556865961702958607024352804738043489721295808239944671529839
[33,22] -323767656573993970517073671009449857128561504254214331596707253526
[33,23] 41173070282036037175388121233076687666841653664275391146298679196
[33,24] 3063732581506782272658283103100055439165966262882159456395089830
[33,25] -96228248549948554804705778079176237369662544482021578493994319
[33,26] -27584626437860810284275384011773699933537870105475262298579980
[33,27] -2160368510238319692554842012597020561611041308285428608294296
[33,28] -102343555932332169682950585532734203730548609913066865980036
[33,29] -3274479701932839361740429989429585261267941916740254239652
[33,30] -71137386643212556574475297934928017275822463824986255732
[33,31] -1018793375815937767743158782781244063742456310814313446
[33,32] -9447848978384992294226325727651772928259707792949488
[33,33] -51559840603618251656293212072855445276576280870329
[32,1] -37448425583401522301264816880226135253906250000
[32,2] 3064009537951930597262587588341871827192485332489013671875
[32,3] -39171859710610485322269995713294284466304890948657035827636718750
[32,4] -123375453624499739944850017564660416920144370178463119651794433593750
[32,5] 725679163755831383668350855874221020449134874957012517215881347656250
[32,6] -3681107464270037746381261507232172009958379107566488875029600574951171875
[32,7] -92012846939736216589069961780424450710915198617019349849463702629199218750
[32,8] 926580024389345392946308639025042995278883419148184444176119805946146875000
[32,9] 614589346771263249856883900340958668898854319663186877349778945298483006250
[32,10] -4192293579398702442739798817153804048144580008939249086067839048320725293077
[32,11] -4041175329255226701540083017416525623769629932102740191030306024257727659650
[32,12] -76651594948895046474974438608131389921500336729405908876764677291636532970
[32,13] 988892499175093227502170015706025497262590518921417916608710478662418710310
[32,14] 450810466595758742779206782324838441944873227922562745033889033039592308255
[32,15] 125065041889384346667557423495132517894969053791981340578490412945573711510
[32,16] 34534772793615223789281735577637133902088803784171814463676485737615272084
[32,17] 8185505194513562422340562679784673144919403320800166223036276639740136838
[32,18] 1170771722106122522746325324530552064047708780684466858597166486360607266
[32,19] 58778119590389042562984560948023121612982503348406446778248199070354812
[32,20] -7211784191234322367268006863570141054896891990773688605637109265734164
[32,21] -1112178859469411153093007988795071649105154726583698315347417706013552
[32,22] 18674366134687247348357375769236122261315814875774000861623173783928
[32,23] 17795509138318588797464927732614190337747121817423004446110803941142
[32,24] 2137433137338631648159991598007878784884446823302977247770368256758
[32,25] 139643447427589774307244144196543416601530013597235941453496505630
[32,26] 5462639856159090042669461533587779334203802314245372291904494897
[32,27] 103164357588593688921082336767796211179445754103448963201381196
[32,28] -1379796839359990139969468737488562383848335023876944230314804
[32,29] -154652129672558817359096500078785142183704246606041779587628
[32,30] -5013756350542363308570633559593062314675212420350361678432
[32,31] -97633931438062277919486017683120514086266586432881924144
[32,32] -1280653083518320267630535933555756479465710194142084632
[31,1] -8281856446005911377038528922013938426971435546875
[31,2] 449726435114169181554577738875937998756900429725646972656250
[31,3] -4538889634748334125790686669850329239527345615758299827575683593750
[31,4] -20505418837044057539313098351849959085582733315250454794883728027343750
[31,5] 144779122508151277074719226224895196669125840778707317997138977050781250
[31,6] -645148312807432601601690587051803839206549719296084656361817868957519531250
[31,7] -2562189670966107427071252177086668753729646041590032346117691994245605468750
[31,8] 103161099713508749339130285752479579755858751486136653559935656284761699218750
[31,9] -281361688500529816705198932637254184597412094873292941100118185684206706875000
[31,10] -505146916156903337692510377177065702971203741512842523878788253032215957456250
[31,11] 146218060985133222142091993201210501177654277069452645335257900740368024330974
[31,12] 383070365227729270064007347452673395802730095665783702478391286377017246036550
[31,13] 143027276690099015328677497504565375092017792531364055167404674697016711498220
[31,14] 5370532556775768402881341887716157221415657249363982678658977460137015397430
[31,15] -6622859933124081956049354879599767951232782684536877867572420446672992586976
[31,16] -914509232190991749305928629465112469743078422876989776794948451206168889646
[31,17] 108745118219677023300204500518485331327996266808635591088160438135641414509
[31,18] 2451070546188752105036848846165686301877758391111725162289207551123649868
[31,19] -15057752357193649614463294559953373434283472885690670516722817693492059644
[31,20] -4230752508056023005448075687434860461651339637288327032161553786718876556
[31,21] -564522466076716442091460608344406812159881827826306334815775694576175557
[31,22] -40308184047708832090289904778642357176445678251593888575856695964708782
[31,23] -901892068032477948977104595926042230293004609432603330342038464595904
[31,24] 113912913882388688352154847387419714353099301600891180266600671892078
[31,25] 13833089660579139438576164477554274652637354402777475908327872385303
[31,26] 799057214080894664987034662720641932043505403232506307485913150128
[31,27] 29159784159504444578437117382804629109167229058410852545825868502
[31,28] 694730012423569589895244216100248454035478738500081383138869436
[31,29] 9650619132926862861958335282601617924752016327854065018973706
[31,30] 4735924436419510061478541173576574851221383722933271856952
[31,31] -3704182615328093106109927982777440903673856564471727894180
[30,1] -1406464525869919075679448904702439904212951660156250
[30,2] -14186749961491737113972263943965897715242579579353332519531250
[30,3] -358787365913083578490921028151000313284981528599843382835388183593750
[30,4] 336722858800289869283069970055835748170689374906561777949333190917968750
[30,5] -538898626610900279671700048700519860942392711855004072582934379577636718750
[30,6] -36650083149040319272272455593622823061748392430726693600459647933959960937500
[30,7] 149593442434001306384898481816313332740100723582115613144752128307189941406250
[30,8] 2349201148382449678188194824066463204007038437341240818758676985299315185546875
[30,9] -35205682080317899397871751947764933099641337318638196806488136607173613457031250
[30,10] -1197681171076485101171475603252052967523442761396967326199448082681820827656250
[30,11] 47883795653466158758000918431584174475341261958222962809798910797127155754568750
[30,12] 21626923263197661125548576458792515130546847292356832990553872017556166561997988
[30,13] -5508146020708095665947430752308052135973712304714046691529910124899910434947350
[30,14] -5821295895413651738613515692500914321556576393625804846291282725261192439588560
[30,15] -1356666315167034230855706214635084957350554659275840662488035809852629082293430
[30,16] -12101580249060901459562025437483167016509406671620732798124218414324232726281
[30,17] 43563696423936262102818922402613937559442726266073091199047247157435975106000
[30,18] 3986472098655898928734694417019478723867371293788011226890202689665618888844
[30,19] -1501309651085120834331910221909389851208754076383754202718036185843480991852
[30,20] -495560994344948272843995353174245307558509075350242173148329970823404806485
[30,21] -72630395841900253225703609634678408894767966431706320473370684898888428270
[30,22] -6379591207081073793884920866337908289069577206993907880658231300079690706
[30,23] -341861090355999397367170531215125385479618577178404093116790375722436846
[30,24] -8818291018477553192730482561873534350031530093079315546114506988244682
[30,25] 172447700900816210668432238310424551100545044363831680312897854413580
[30,26] 27063753617871881052434031805661407218162616425418209199347479925252
[30,27] 1351438216015707442910196932988888342476226501275894935789152394248
[30,28] 44764000629728966516001423931061851448402096833858373187629303721
[30,29] 1089163868961012658985406143705202827313353493702461644284625320
[30,30] 16430425431959641469809179388148629964200486557129232274395104
[29,1] -188409052742404461246640946963452734053134918212890625
[29,2] -2941794844220434285354119700030259759277803823351860046386718750
[29,3] -23162270277317998186827135026242647076853522685064002871513366699218750
[29,4] 208255536709550935795917412283414526981961598078646119311451911926269531250
[29,5] -78530919899590136500409586551796728626079374485987224184782624244689941406250
[29,6] -377176563960034414957967694095427074272150058147803965870045661926269531250
[29,7] -18126274544926323423580193576716088560323585083761097199915387832328796386718750
[29,8] -142417336275843517068803651720909984293798710275354245499786141003462707519531250
[29,9] -1888625816039422610436443442856026653286891867618204208440396143567246233886718750
[29,10] 1931430662451353959965175811925831049340997107268394368376387653637536543574218750
[29,11] 2234801198282797114510585898508833985812778008302563361990698042140886117159687500
[29,12] -688518252588511958243428844038506516996714038089255836441238765612488804368418750
[29,13] -1149084483697960855136339045339378988043579352759295942288826822336787599219473330
[29,14] -350984968995831799395044411357072485106622092289981831380662994925893302015108250
[29,15] 5542706998920206237790914760741639971820825056406665329840464712960469980781490
[29,16] 27137220400091349412528403482741801563214260199014552922832858612898715841473590
[29,17] 6325297948298652968638618077598269057096139253635085453410179085049476252529975
[29,18] 242266051469091973952127357756749438800072219030636362158256411815097077923740
[29,19] -177200785626879489538475232965501573243653959736211001756257485922957490791886
[29,20] -47339326695220253326150116064781317020353063100458667520290605068943189262992
[29,21] -6481257683319083842996900394239242344897613896037800078330467922336871321387
[29,22] -572651698283558687487188866270547052381561879212874289545308010021281544270
[29,23] -34520860715350750481152171146449996538556751481229760882628715708845924660
[29,24] -1438437680635481851238374937254518500830250463083689850205390394357394754
[29,25] -41724593830510356456605641333862539755843296142802816418977523965895451
[29,26] -853863928356909438716793189641777824947047860098475024007119425577568
[29,27] -8247765027559605041444130493259854314638559219826457157279051508056
[29,28] 522329033617754129449432493209740415351357064857949085488644941528
[29,29] 38426856431113321154990920009945811581232473894892764998758086938
[28,1] -20339996915321160203003757946135010570287704467773437500
[28,2] -94741156632804774671129462476444786340245627798140048980712890625
[28,3] -1050180831917177208388132826509649636090114687131019309163093566894531250
[28,4] 14128471438515877964279461322057514336904928790500064056366682052612304687500
[28,5] -6009590501202516960255664326870031226738973275012598582104399800300598144531250
[28,6] 81005077184808457922812369124377900205151717231813334239276267886161804199218750
[28,7] -2405267077764516096457949747652680219492459896693135408305614680058479309082031250
[28,8] -12404063042854013923858901068393612781009452648572684405328399477215568542480468750
[28,9] -78488834248002775917053127661145544515162184571049704038506817703460744201660156250
[28,10] 110061149071230161811329780841025010240447565410781920174289314706931715882568359375
[28,11] 10489321399952672661877620874445619573077455565164028669255815351830108198105468750
[28,12] -90957748365838308415836182695326786274321506150403200723301292582206131868571250000
[28,13] -43873121124478974924380551419634060638327761536247728922582874365736662751888531250
[28,14] 1733193020776216223549211832711762395803678815710693179254948116329370305402432130
[28,15] 6702607004380743162645071100117028713134289593333688608006163128993222122378933350
[28,16] 2151173806671289622491321204180414104254223418770562719654244019425962661852495610
[28,17] 231635665647495716307565381637778640295415152865956815858500029256434828125361850
[28,18] -37598810788060208422421856597220248523771564719571296339347511630591380439275565
[28,19] -18233519498235520171517976130198020172336445423900681362863960435286366478192260
[28,20] -3418948470150468316170082701864493953120718827800794717598065231021775803238766
[28,21] -401160276609880329375716820229276763267746189999814657187475668294207532433652
[28,22] -32389772140649982492174814524017335556773925482577642462130992764745141517560
[28,23] -1862290953364217874497494092239543784056780869117808599316110749708421249050
[28,24] -79001381007239580876623267431810150605032933394044884792122536181992360118
[28,25] -2726057425356912780941869654737623051783672048206749563588123892130681710
[28,26] -90081401763333721110670272094238771036585227547231506350454074079849878
[28,27] -2742053811170924812261167911167573937949395356073323921594567459513224
[28,28] -47863175170666824770359447666579084501074398318920605757988873826160
[27,1] -1800510482245101785331861219901838921941816806793212890625
[27,2] 2628720712292548347355076936605408741965220542624592781066894531250
[27,3] -41076030625365898018849157260341261677520554785995045676827430725097656250
[27,4] 383658938174338626958194766001040662183607917874465411761775612831115722656250
[27,5] -299089220807053333559996327736666935198485919821995023351456969976425170898437500
[27,6] 3896714373226655036748007730398761455401452253257008825807008579373359680175781250
[27,7] -112724714929781909976460344657190110555086491056146663524660049421072006225585937500
[27,8] -521990183473243512302981859346529780995504967968601678647000352512341499328613281250
[27,9] -3158005327054389677582322696061615352359831890062345112183785188705468521118164062500
[27,10] 3816682186565684407579267074436417172087678643554118059646313871630057113952636718750
[27,11] -1616909163360371571301112031152287097468941085092011198137797960613523580804687500000
[27,12] -2649738896810613732140051200459150307325302068898126293921944941118416176354355468750
[27,13] 86604796858128222465483043136588124559700391506354145778757261140007343449710781250
[27,14] 837825875547592895330633887514628589141786199166711076000770391124152765297366668750
[27,15] 363613289301153472414689674082723097720060332074169149412640124025776199251680828534
[27,16] 56897234494122462736711731319370716143428014116373975001106462554139799978495696950
[27,17] -5748171865565926234364300560634550841791607084137788297293564649263519151855880075
[27,18] -4676873957005456712194783297276920586794121995238661798540356652748962463505357400
[27,19] -1120924614500057148309423354055276281563390717484878935501832829796805689761239100
[27,20] -163698690719846623376057550768851550310443906801924650761174074265379190312634800
[27,21] -16324559392733913903722519997698889071406515830915713509722054021788262524845681
[27,22] -1144616353478531993516655027812866493783883567060496764195463605577769382455142
[27,23] -56621430056465895244080948625295598085583707300505593677083486936414481025692
[27,24] -2032634051872739230564453685731163326980387126100105550497537475817535310754
[27,25] -64875997387725245298540512613379772390393113133992704250896730257518350125
[27,26] -2646763556481739170469849407444562415321558107936411505770773441637413288
[27,27] -110385885379730145777046098135797380080375141162943192469647601994841244
[26,1] -132548091870855660308400360520408867159858345985412597656250
[26,2] 301961110232738091458484550619152115794349811039865016937255859375000
[26,3] -1385747139153628227951531359886673246475766905979980947449803352355957031250
[26,4] -262923024888157039772386414464585922654415866740397512330673635005950927734375
[26,5] -10884156011146807539561132026246282348053109943983119521976215764880180358886718750
[26,6] 57180157059947109795413709017297591547374560715465042490752214565873146057128906250
[26,7] -2541319295016373569716156012815200152043145786679170226044185044869780540466308593750
[26,8] -12215107441874387392441569818463149341509248778432760780399544701205551624298095703125
[26,9] -104881267041379887700674930571873556939665148964478531793064407150651541709899902343750
[26,10] 131739703344784636647345487890766654594760146271407373289781516027890289627075195312500
[26,11] -27908606939422355630674091475375746757296094448150322778166151465032009571716308593750
[26,12] -2954487365493384145400885116573038822389991863188655468292045511309627130439697265625
[26,13] 53002383593928416821344538052230081178152851951200298677407926978317804377878105468750
[26,14] 33612090729238900351426893815318970378972240918290042494597562803530666591445243906250
[26,15] 7112154311765307842088966414921339517928501764546746875138307819267474997311962118750
[26,16] -749405856359720917421395376879129569178051081846562674207897160176619376356510308598
[26,17] -832267287804417393222535415553875670573180558681425552546284923452049048354541455500
[26,18] -244674326277419963952920104955774303623544873342388271799983375402574823315538001850
[26,19] -43213708676023827824015322646337798263186057914357929041722993035354036241502056900
[26,20] -5171830810800103187127159866247619540520077633756325819677262447871766202845472355
[26,21] -428900791747012226143596680870004123270218254279199617490491580621422800983076330
[26,22] -23835720107149889161207206221792673225604138454988122147461559951642017692909006
[26,23] -780965484389865394286607875335695683060192660994628923178185022542993198338342
[26,24] -8482367302282839806244369851094420626137889966758315230439941620658550990503
[26,25] 102743567379364962834623561093578742446632439633625651414020126113511635432
[26,26] -27139541894307770134848182763205869131666706407605303784504318893516638432
[25,1] -8209706634053935409475310631677302808384411036968231201171875
[25,2] 10403114874479077604141277486299217926955407165223732590675354003906250
[25,3] -36318535952290357152380700008607177178547781467614186112768948078155517578125
[25,4] -358507679770731043818421955188576479193309363238195001031272113323211669921875000
[25,5] -329320392543270139115854136493621176051069154010700771817515487782657146453857421875
[25,6] -3207049639040323851439929698628243095295631737679229194738882826641201972961425781250
[25,7] -16267493827102463118073278322729366705941296073978526893349807362072169780731201171875
[25,8] -51786584236186948994189600100802991759790233167688813498202026304423809051513671875000
[25,9] -2854852984524071838337449304451374719518530325589747185636767300755851447582244873046875
[25,10] 3903153035408765040560036983387314388713552151107867347257746047849720400810241699218750
[25,11] 414829705122669308853929521631184888183579509005110134461061241667333276782989501953125
[25,12] 1329458509031257998743253247150083543684165230287875097627174290693236544982910156250000
[25,13] 1544262194408850822421537616601139906517612122469503284523969503185907288215325927734375
[25,14] 452413409467765070913213636011286406826982720441321905973632869641474273682347363281250
[25,15] -89815185399467597411942196259914856902993860689652942145211947644742486747748126171875
[25,16] -104033410975552174152816926944234458821647569835178194068285615431506131044317681937500
[25,17] -36717230402675242530599204998399512940170284736632039461733977848473978506614819100656
[25,18] -7764531755296251588112550747767131208105779195338957975826040084488373419752524974000
[25,19] -1104258530584136171881068641508878403403478184295392928637196223837663027281954507925
[25,20] -107397255825553288493500482611441652556232734106836477324897173767421551314951476150
[25,21] -6695958444374448619100045430220251223651668552614471010871346024446427614395774780
[25,22] -185795278644679578076088713624786228623898762220273333265784659696472967809662250
[25,23] 8427363566843850098121176921000958270229173698725997934801861966566318182679199
[25,24] 1106794526604374917803703855210954524322060628910941810324476098717816259617348
[25,25] 44483478758808465452281505225341639232785058073113670569989403648915175271140
[24,1] -431933777420811068254526162490947172045707702636718750000000000
[24,2] 141580168768386863678110768846012380787868778497795574367046356201171875
[24,3] -769226477221890356849285290711945459080159097879914043005555868148803710937500
[24,4] -12944755163959564881220633303913861055150723712101192177215125411748886108398437500
[24,5] -8813297290438887300011110239417955035731148825741969604445330332964658737182617187500
[24,6] -245893508325278548422451915984891801185668385276505199977988784667104482650756835937500
[24,7] 424516255008120709977739064535898517561976453983821763873072024434804916381835937500000
[24,8] 6902960420925321832336483315584391229238202064015317100301172676336020231246948242187500
[24,9] -71320336182707763872536451856485777913859307537236091754992723624247312545776367187500000
[24,10] 69783432609207780524869282515677932742101477425364664709399133107698396801948547363281250
[24,11] 1168761513800025990026878760416834975184325404697287160057643676339936193466186523437500
[24,12] 15207184214233012881220605533674158950299725699569744975624857672369456820846557617187500
[24,13] 7393373152743285337894511650291425744631110199909556950630383661349398129996948242187500
[24,14] -9179397165053761821880336083305724737248917167864086020348513581687348740057510986328125
[24,15] -9134519447276282641005436127493985521082269521950511325274134087400317311533901171875000
[24,16] -3823036348084686936764376639933973494117888645974816746874740240665231614305281278906250
[24,17] -970566469412031448514068843470891401013222399417369746978255010561046677469065621750000
[24,18] -164416153757383999970492508364717658185512631748285827647631162667696944013952206684700
[24,19] -18807238635274634213723368074019463414608390362292230468892793249353184389687345391250
[24,20] -1333322792558376120616855755302103611979251795663557996789124636584123704468460931550
[24,21] -30831493645290770150815006400669948799973388310263653023592673992937431344399940750
[24,22] 4811223201194266221423024016493116372038473005812389686754631138911867658511287000
[24,23] 643848168317861972952310085106266748707949266942527156106246727607358175384220980
[24,24] 38671815563509768241179998876778670270240975586777264148374225320362702029275684
[23,1] -19456824640202515800954228997188266703233239240944385528564453125
[23,2] -2303526792594136978551064469979319192738387300778413191437721252441406250
[23,3] -14931098730896484856469642353745791218193319135565388933173380792140960693359375
[23,4] -252459570194250362056916161200700244941734182890831448276003357023000717163085937500
[23,5] -196993396389522950577630677719789003195091273738938398812024388462305068969726562500000
[23,6] -8607300562799875724918841461460631767777527852083628798379249928984791040420532226562500
[23,7] 3245450773275117632267679887179985222648376492218470877184930694056674838066101074218750
[23,8] 306586382445006325241919583231696572511570781937330518688973974120803177356719970703125000
[23,9] -1538422653568395191495689653866740836842197448221302056458959129312789067625999450683593750
[23,10] 437931117343820948623005754858427655793596084031510701613487296330592125654220581054687500
[23,11] -897511980366328335670429143902860488550869994502703578276802163928273895025253295898437500
[23,12] -715880227606354157606082068400092053989769972030522443160074322625866409231185913085937500
[23,13] -675967352397458990243817264425283711409202422089427954697637504283742869536918640136718750
[23,14] -556442855781113286484313236395203252329603437008687785731932386330760695745613403320312500
[23,15] -273663235961928014723980311048651435928562186885956771362752155712110764101865014648437500
[23,16] -84401774757859038718779927043628512232785269363980330159615220772175852034183704882812500
[23,17] -17254039540377127685641697523576225053179346629615514509956190997463484801280539186328125
[23,18] -2350904829409329276715421009252432926826048795286528808611599156169148048710918173906250
[23,19] -194001095250447902910337777958669154374216686294912525177407675823223328751781015650050
[23,20] -4117306712944216275356144612505332067142429855564683737816996149253840996983361077250
[23,21] 1255749950074169426523334356544674702529321062152619255491414676983979892042297168125
[23,22] 194027772774212457361859798793302987482811353351399320596003618095718645239051373700
[23,23] 14900453258433871840929770471474383296687163585705154395788623702270707059692979420
[22,1] -755280715707608371250686526976458878834819188341498374938964843750
[22,2] -161496334471159830334997341147292779228727965801226673647761344909667968750
[22,3] -269956295567108485208906406665989221281296374321811981644714251160621643066406250
[22,4] -2897829692451839659586868389553074180524924758573238392500570625998079776763916015625
[22,5] -3366173070221621109646751136217761297944918549990453268833334732335060834884643554687500
[22,6] -190857292164124418080545785184424727154373058095086161801544221816584467887878417968750000
[22,7] -414273928399174825437133923752884560618240728110778583038831442536320537328720092773437500
[22,8] 8127994426924055923932157844202428128516558444624572419014636387873906642198562622070312500
[22,9] -23838704668441208408592803410295142299381342628728618993825759471069555729627609252929687500
[22,10] -6716497420551555573258555367188659547732111057987146643583764569586295634508132934570312500
[22,11] -31521562546909026842177478130421492916728106418910078943979395827046607106924057006835937500
[22,12] -29537737032470004132032117436781245920569245538129936048288939644301224141418933868408203125
[22,13] -22573150012598158515048082382574709425140887785176595459122946295234293586250305175781250000
[22,14] -13042253380395768418007212455232597172243953047946146841423283504569152081446708679199218750
[22,15] -4995687583003131816896287560084581003126339929257954429967470528118261423115075683593750000
[22,16] -1262654006542993942169716764220610239384784578553790483319644152312442920616570399169921875
[22,17] -209760265284283766588868130100471977648892058802414994775189792514495217412014601855468750
[22,18] -20833168633724626884638371176595368937175809307243093699830072446626932882319702055468750
[22,19] -514663339118027034419518076563166508392803731945585467227124518656730124622920134656250
[22,20] 197355668818084253489702511221239626926273153985295777369659713965526149678409702767170
[22,21] 36613243712019832048140746311129604769999209005498806762714728217506468547067214485500
[22,22] 3456912423714919237740548267321756725680270211958774654760872781746199457908873490100
[21,1] -25398942995302618918829327780695148675249583902768790721893310546875
[21,2] -4115255966547532377076294016786783838690588765985012287274003028869628906250
[21,3] -4071332874463389671823947319463130509418266389509710734273539856076240539550781250
[21,4] -13198137626776942483056206352565417183284555231680634790336625883355736732482910156250
[21,5] -41965683235762887189147827215159987034920649264894335555453608321840874850749969482421875
[21,6] -2860949590069186471093950458219996213198368747546391900153025744657497853040695190429687500
[21,7] -17287042399713069034083993330745391581451442981035878692393931714832433499395847320556640625
[21,8] 150076331657048246747248652235412039239297810334014053808953061739885015413165092468261718750
[21,9] -218191585108666356288574854615621803358131579025878574465527658028280711732804775238037109375
[21,10] -129474659854244807862328364140711683908611853442119704017813516083819791674613952636718750000
[21,11] -525752516534846687774602890335402276515850636946322708219080878958269541151821613311767578125
[21,12] -541138618006559112859544229765820569506048906085687283228119350216451497897505760192871093750
[21,13] -386313061912005176722818636550858160549260014059412484069494481226019342028319835662841796875
[21,14] -191288126282634892166002664675367719301102728843600586503732523104766622750116348266601562500
[21,15] -62273252077994971861734466543956333432794631313002447165382591330674219226248477935791015625
[21,16] -13089013420013800846667379176941043800971016060766589889236193256269006377657358703613281250
[21,17] -1634755479583605619897472028862366021399333142728142336638512212999616116795843452148437500
[21,18] -60217761025958535450810559376308493749948024043483697311704441392455920594531134277343750
[21,19] 19621092969908897289427099321010542227020641596134675867053354327874685813160893251953125
[21,20] 4576655464002479006017593288891200596249901125687350845339341027188308568383401810687500
[21,21] 527029665309527240072710272126480009804830742939163570907214257856885338395360758489560
[20,1] -743052833727050429916862871876359619704999204259365797042846679687500
[20,2] -63154016846474169968562444926988805847523078540461938246153295040130615234375
[20,3] -47525315043325472444406277814427435454772571943315995213197311386466026306152343750
[20,4] 181340363221953346833326988843113582499624136158633547211138647980988025665283203125000
[20,5] -387798441290040884318726047379083947524693801747578166150276501866756007075309753417968750
[20,6] -28509261623671498296997890950033687156434206367265627140817230156244477257132530212402343750
[20,7] -387521186597977877752674760428903556054298864804101288638943231035227654501795768737792968750
[20,8] 1860335500702619767299447555103002783019086274935355051016755041473516030237078666687011718750
[20,9] -588929936518968989761694812858786203157363168891996486484835720195405883714556694030761718750
[20,10] 271747792935453578660342838982412973729017756352172012871934185152756981551647186279296875000
[20,11] -4692490218173343698760716335224262110009519179770011521859175521497240057215094566345214843750
[20,12] -5941457307973013998833411248715508998436459532933223881440452579483101801946759223937988281250
[20,13] -4266587632026960607522643106211327406626655751562672030518263653079282822236418724060058593750
[20,14] -1930580862799285798798490436316569778726930945073225644953906104847499222609996795654296875000
[20,15] -545795609225526806600883020311768767253820212869881040666324427403340045192309379577636718750
[20,16] -90926056316947514195278954398317997839371255702927101697775115782325812121997856140136718750
[20,17] -5670021931295153139529074512475165668453941718147989906792744741713652582081977844238281250
[20,18] 1174615039354068901714605472776639739267205323684665450867829867898405190066232177734375000
[20,19] 378960493699633705784882419518169897427365924514451798039069566593200478982522214257812500
[20,20] 54014256620545613089696066676902448838754222061855853980638637214784366529826148282812500
[19,1] -18972721767927537910486106439121589684049240531749092042446136474609375
[19,2] -548934406072982380566018621481678670462334146407101798104122281074523925781250
[19,3] -446011922185994337049472311833275374008468336373134377481619594618678092956542968750
[19,4] 4610248303468360370463423584760585341612783943018860632889754924690350890159606933593750
[19,5] -3040263651999007560836597752194746461098737689699533726095381780396564863622188568115234375
[19,6] -156773636507572690725671332281803816864007954363887464612759004012332297861576080322265625000
[19,7] -5849903378201600784106258602103303264773951122319159516187934144682003534398972988128662109375
[19,8] 13364004461679009122234216379262228286304998542066953555531131144107348518446087837219238281250
[19,9] 9361672319309044991175169623847224935807765556154525062606507889540807809680700302124023437500
[19,10] 32369842553304968164347751976700583941687221917933137676501799325964384479448199272155761718750
[19,11] -13124256919145088598846699401125693552501683144256870296405955226450227200984954833984375000000
[19,12] -39797868853900511442587074266644821674518587204907565973325443421774176647886633872985839843750
[19,13] -32150056879362790362119834075169634575542762392414511072103600677890632916241884231567382812500
[19,14] -13875148842962219376098320575353084385818100490553741151959529144379654892161488533020019531250
[19,15] -3374900225190275624041613854485487823819143015176391224687307294393448890786886215209960937500
[19,16] -372393362231190392630866944949958650140854197022737943257420073768135642213030815124511718750
[19,17] 32147840754866981880650241550449212151447958750633231867988059870019219141690059661865234375
[19,18] 19648686777278502592538759921455894430784584562455052371406455310283147442145415649414062500
[19,19] 3637805971297331992414494744012300609542764547291297459909331958562184340745356303710937500
[18,1] -423808157893068934817772992372161833252164342411560937762260437011718750
[18,2] 85551301642865598904169933737484145253038292366909445263445377349853515625000
[18,3] -3952611239599700014358925707384155541357665872292947994992573512718081474304199218750
[18,4] 52828432635731422118900703161182002891625891922468272188240234754630364477634429931640625
[18,5] -25642789188303180680089874720743850820037160910573798000555711951164994388818740844726562500
[18,6] 209170235689297352250567780133112735524502305913969414818964764890552032738924026489257812500
[18,7] -61708606113922220787031334338306374722018280380921563242395677661988884210586547851562500000000
[18,8] 14376039761537440661758334167265839830712408717931549771428642259252228541299700736999511718750
[18,9] 87076517204047328069074271272144626413079500448536676242244136290082678897306323051452636718750
[18,10] 485996028450843288774192751136042439812728576567446281790209526834132702788338065147399902343750
[18,11] 207206383279096714163015071585359172519200549870022187436189909734963293885812163352966308593750
[18,12] -128323023359954141673086015534842362831572683252733485221899274449165124678984284400939941406250
[18,13] -167456185519169300240275326330973592217807944757362111728334612487512029940262436866760253906250
[18,14] -73575769557840731811358842469575023842074846284505803875739254226900972535833716392517089843750
[18,15] -15144303827529692877564234180235589496645235464722704518568049936127180686250329017639160156250
[18,16] -505588489906957137956879726117516793378465769693751050856109954157981335550725460052490234375
[18,17] 527760756780803164388515403371312391434698404746504693186033295973690156754182815551757812500
[18,18] 147521269086875031437606807238688164788211729380711609452721501618815239064314590454101562500
[17,1] -8294613851094988885815935042628878337556130873053916729986667633056640625
[17,2] 86249371807448788366222363084697219047167204841741749987704679369926452636718750
[17,3] -37065749976784291432749953366412854374370823909434768950177385704591870307922363281250
[17,4] 379072667691069371937126028459666949644003107596987312000180736504262313246726989746093750
[17,5] -226436992107410156453183090128867785946176945987884203403961436151803354732692241668701171875
[17,6] 12752964497568158409795705667310105942891701457009966447220250529426266439259052276611328125000
[17,7] -446800320282798732799108540248328974007672673671846152669395735301804961636662483215332031250000
[17,8] -821349185339370028544397292288147165551000285645127392984345959803249570541083812713623046875000
[17,9] -341871414910416699245508376063100674605488451909783899274921449062958345166407525539398193359375
[17,10] 3968905486646854521587901677905376135456947781598158299331558556275467708474025130271911621093750
[17,11] 3145280438861650381699329154242667448815462740362244382669785496842223437852226197719573974609375
[17,12] 313680540604429935535212713712871029384668953505445970791511816812235338147729635238647460937500
[17,13] -607172752359625249760656753407420761589940173766849568622674617885720377671532332897186279296875
[17,14] -317354852491630332188432763183678389967381028482544883572045235444172484567388892173767089843750
[17,15] -60420480917883334028106660222057041144364618821062803502098405973537219804711639881134033203125
[17,16] 765499229575432560105797358554443288196865019452762986824066386472520496189594268798828125000
[17,17] 2651421949792412844436258389076092197465005998200992975830400207574079946943521499633789062500
[16,1] -142333855039361331999247221478596681087935849063796922564506530761718750000
[16,2] 1540735146532121184216398431374213197678733899831371445543481968343257904052734375
[16,3] -320297036603296947275594447382466805667253087822055057642955944174900650978088378906250
[16,4] 1738192271824320153841736967354311956497744338099101235606269710842752829194068908691406250
[16,5] -1583343271371884423394015290144676474432508240502938054450332572287152288481593132019042968750
[16,6] 121386333759945860501986577697140923147017372781563735069376708253230390255339443683624267578125
[16,7] -2076297877551436335663971618154702934203015803977255857776240688394864264409989118576049804687500
[16,8] -10219819558414511792867414104497159962907573862520217833578572985686605534283444285392761230468750
[16,9] -12250034958798754607067930782703912810277677760895215141525573798730874841567128896713256835937500
[16,10] 19407195339337200020215808868285660559407554310401779289579220122874403386958874762058258056640625
[16,11] 22710571956875317738053884759228876988672294693074784035102116778489289572462439537048339843750000
[16,12] 6153585131385598527329882882818630427701149625458631180514994395082794653717428445816040039062500
[16,13] -1553169437751256625627853626868778201145774546782331570297391273156914394348859786987304687500000
[16,14] -1310856922112488553257866763949842003590095956274766741996486585119417257374152541160583496093750
[16,15] -308123831227624226649041451449105797256524454329210741651567332637195159681141376495361328125000
[16,16] -25275668030891353390038183669751388143437641121079496838622092170190660685300827026367187500000
[15,1] -2141109369329068201755077105330883451006496187574157374911010265350341796875
[15,2] 16605358255735817816894091887668919225009081519495168777211802080273628234863281250
[15,3] -2100320376072664810226781311418766815694370627548570595877208688762038946151733398437500
[15,4] 4513082536355410529588228282396960127817105867418720488437600124598247930407524108886718750
[15,5] -7232090482482160362805945637205962515675746045648347899714725173225815524347126483917236328125
[15,6] 634016090082847689508354855937004703915472879333660536499417403888401167932897806167602539062500
[15,7] -5084175471276633918408107943162540602465145478853626550760913538340446393704041838645935058593750
[15,8] -70376608560325760283173355639603960210144121507312238158415862443462174269370734691619873046875000
[15,9] -119924543087086537682386500758114942311651846445243386101958460443484000279568135738372802734375000
[15,10] 45814178046207882442556396881537233402890476209745146719046180905365872604306787252426147460937500
[15,11] 103596364054341608275099124308854318276357379099333586743461909314589775021886453032493591308593750
[15,12] 38410184288742000345285900180809003997985271930585183093545322044747081235982477664947509765625000
[15,13] -1875324648508377559083812796702626272835586682919360363775706789068863145075738430023193359375000
[15,14] -4987766826472443085115024425554245568399702017037859917026375950651025050319731235504150390625000
[15,15] -1606326046454052932342835965912634566198905539392481914105120842502819781657308340072631835937500
[14,1] -28205817474136201646429249318515997471679135344402311602607369422912597656250
[14,2] 124470287491962448500991019654030796554597740333214517249871278181672096252441406250
[14,3] -9352306185769399677778116478662653082595091575887624735230474470881745219230651855468750
[14,4] -2624594763889729563986994005712038075352171196297397515184712801783462055027484893798828125
[14,5] -18395637116354963657325261499333423919907887970990462145337573929282370954751968383789062500000
[14,6] 2129770102578908212113481811931390545477033851465043260905996014287211437476798892021179199218750
[14,7] -1815944849245040212412228835064778672997159782824917045873647225562308449298143386840820312500000
[14,8] -332338249695626186229904806906468309602956197752838191513367893659136598216718994081020355224609375
[14,9] -710151076363048150994973406002307185009768466473398698529911898802424730092752724885940551757812500
[14,10] -76594111018123974819441986821497846618563566593981497016830006785426121496129781007766723632812500
[14,11] 308522102276307204025249316048484106838269420025647253042530875788429511885624378919601440429687500
[14,12] 159033677355072336879975921174909997007781103782016789649948775750232243808568455278873443603515625
[14,13] 14845484020547534369411337513888054654425930745502145256541693400095027755014598369598388671875000
[14,14] -10882826056937761852704954359655649682525654115788849084762858598460297798737883567810058593750000
[13,1] -324744458706660621347207186358722733922343994805714828544296324253082275390625
[13,2] 641343128339064410082573919864460410689014149832054556554794544354081153869628906250
[13,3] -27261855337947576612414677993469755200545650121804475141118473402457311749458312988281250
[13,4] -109677285085496780666153083257970176150048162709875129716685648872953606769442558288574218750
[13,5] -16101302886379931275029342681082609194952287853805426680320334043017282965593039989471435546875
[13,6] 5547514797444083353585501244929089670797711329398762668957401089642189617734402418136596679687500
[13,7] -2709200996292166054679927224127213482608409264212065772903237359514605486765503883361816406250000
[13,8] -1128106989139613630821162480583747449106537231849242003140637580216321111947763711214065551757812500
[13,9] -2840158405276217158785491056207498911507313835104552995600851739155245923029724508523941040039062500
[13,10] -1073114719811188564884522206868585779302617867800596765296056167571236983349081128835678100585937500
[13,11] 535716978163173366376167155034161311541574886244347076745470404013360621320316568017005920410156250
[13,12] 483685921964133251454057102460916274161807801280615512722172031345735376817174255847930908203125000
[13,13] 136519618476119295120664247668947451974590286365059785818083380128484805027255788445472717285156250
[12,1] -3257707414165818907327904488281514801956140203742506855633109807968139648437500
[12,2] 1854612035810395883876178260594947648910810894529177517142670694738626480102539062500
[12,3] -70272557018673411682956094461166463526778294809357894301626856758957728743553161621093750
[12,4] -598976007910354571950403778223761630904668322856977333290551257505285320803523063659667968750
[12,5] -6954846336333708804644414757527327047951049226684082024685373824013367993757128715515136718750
[12,6] 9424069507065182792319437110768447869544440645069737936753706541992414713604375720024108886718750
[12,7] -204541193674777041575979954478568321768580030189933728016621339307334892509970813989639282226562500
[12,8] -2620856856761045279525677353663441185726451786981413931421069918314969982020556926727294921875000000
[12,9] -7712730914351235953470124277983959378937092713389505101249238316896139622258488088846206665039062500
[12,10] -4348740422056819693109383471654272238882132598945773406556858375893170887138694524765014648437500000
[12,11] 32862077201236614558955564751989256522406055736432671905367097764383288449607789516448974609375000
[12,12] 912071830947416365964984762867908128181087343673795879394900154579772788565605878829956054687500000
[11,1] -28350710860359818559099798482925084623477995915408200744423083961009979248046875
[11,2] -1953784412146427414530487387269752250581631922154990377293870551511645317077636718750
[11,3] -339065357003534659787758168833786888844382525825746355074841176246991381049156188964843750
[11,4] -1375261126538519648946616428684161906983391060395631108614900028896954609081149101257324218750
[11,5] -299207267557476639273402410629669212989488953083748348608927880576402458245866000652313232421875
[11,6] -13025614945841683839593296449272575384398436901340549536054691515118975075893104076385498046875000
[11,7] -864651982698703308756722585686996448503949214836560417879809947727665075944969430565834045410156250
[11,8] -3500963035796587174367418692193898641582607760758869659082487268975114602653775364160537719726562500
[11,9] -13807224892168508766250291358715483136500208491825910853264755551172981995478039607405662536621093750
[11,10] -10585492057344791181433326004287784564957787626733460189729085776377814909210428595542907714843750000
[11,11] -3212866271057404897902177994312018178829859983418090660176741346631956730561796575784683227539062500
[10,1] -212786754950575281762344099858798475563212426742154548264807090163230895996093750
[10,2] -55025998190247915902203351958364268126897315622225725917360250605270266532897949218750
[10,3] -1708889326524982820113257946595204956788959953012038694986074460757663473486900329589843750
[10,4] -1404298019857783144072514700361769198069576637579597422345045742986258119344711303710937500000
[10,5] -518144599530568661370466862520671778261191342704555882342498662751495430711656808853149414062500
[10,6] -62043060833092817024596916651019702187627717440404748108079280299875790660735219717025756835937500
[10,7] -1046314650286580860730735151986652738225824968390468704300400037965346200508065521717071533203125000
[10,8] -1643689234880242427414749314075069711783667345747901545813252077721244859276339411735534667968750000
[10,9] -16005278730749941044440847294511612482643994773757041517533994401389918493805453181266784667968750000
[10,10] -17356085691885287330376370190835370002333423892588719675798836217239795587374828755855560302734375000
[9,1] -1366661216253683569088884057016211357273895166120070143733755685389041900634765625
[9,2] -330690643854307972000281353150910045796600838716172710007867863168939948081970214843750
[9,3] -5007151387353014785929654353041763973952959829020505078123193243300192989408969879150390625
[9,4] -2805733453790554163671836374405932449566290778583156628744887939319596625864505767822265625000
[9,5] -1527741377466490715154904575759261152120397390181456452259989298170239635510370135307312011718750
[9,6] -10406649769986350445301816271556064001550025031481107231495775167218198475893586874008178710937500
[9,7] -91920817181430787290704323161094817811355119284053458660575797178893253658316098153591156005859375
[9,8] 1023466992100794600614396077825539304353249903468476889089114334474572842736961320042610168457031250
[9,9] -10918220936611177877806613446408085265207219577297871964901600227992872760296449996531009674072265625
[8,1] -7433925422679845416403110194457769135771563195902444931562058627605438232421875000
[8,2] -1209865533726726977798188014497503433400561875452061677549409068888053297996520996093750
[8,3] -7075372982863107624183968492670696390918959014278838415279437867866363376379013061523437500
[8,4] -2895339373204079729015397268751702114741672281601151534013993682492582593113183975219726562500
[8,5] 655407830749048905511327860287749352956606636760633795291131065141598810441792011260986328125000
[8,6] -9153494030517672227128924787689598852110561879119273766269859748945236788131296634674072265625000
[8,7] 306681324457734678364759943290646533805379303664306167966427385529470939218299463391304016113281250
[8,8] 2821884895347281221270917353188569708797878206979421110379632753328849048557458445429801940917968750
[7,1] -33776423587888671420845018181423875821656026274819595300868968479335308074951171875
[7,2] -2963751363559383189744716678600284351745422278465169618755226110806688666343688964843750
[7,3] -2719684764508135281119549886238097474109621048380010244205351455093477852642536163330078125
[7,4] 5589434192511317486112818911959699203229131587815619458536886554611555766314268112182617187500
[7,5] -188845826611768940729035343203046553937928361630789225907023354267266768147237598896026611328125
[7,6] -13771328083881156043797416325662315546438314360770839702916013003175521589582785964012145996093750
[7,7] -121331460507997479820231811618871885343952729739371341295336992338604886754183098673820495605468750
[6,1] -125797307462947089527536081486429337387327256903013505962007911875844001770019531250
[6,2] -4700465671220467243183218985178656614129581422026338266562106582568958401679992675781250
[6,3] 1060325941214225773778081077883319710762199673511133046766019560891436412930488586425781250
[6,4] 938751636186437849047166885451297391114933533213106169046380244935789960436522960662841796875
[6,5] 118230354620775260103594294972000353643147119076011125962666348243601532885804772377014160156250
[6,6] 3649656420239132149233711781187819593364310514140312407746491452087411744287237524986267089843750
[5,1] -374010433707750244871384726429106757654885657971011170275232871063053607940673828125
[5,2] -3895656526020130580642410140554557328902571733050819169363876426359638571739196777343750
[5,3] -4305988616046743229410402564277471038227975531171784484563147543667582795023918151855468750
[5,4] -117719926730638271331783911152280914141010961635911910572183103340648813173174858093261718750
[5,5] -46475486883249381524561696258187078986773384883812460649510356347491324413567781448364257812500
[4,1] -853496654898602950428969629818290458425199956904450004913087468594312667846679687500
[4,2] 493273410199186987972870268096959009766733997986998261353619454894214868545532226562500
[4,3] -1503786153219442505507193396121937934319418055583925108997789266140898689627647399902343750
[4,4] 223908429878161290459958533420602338941023239522179130722712159240472828969359397888183593750
[3,1] -1403569595220807808810870325107330406567605028678169531985986395739018917083740234375
[3,2] 3545942123423855320566270084433430196172825884029511378514598618494346737861633300781250
[3,3] -571307736053937468912942859826237945629263834069686001093657523597357794642448425292968750
[2,1] -1480558644747687562036783043362162876126165642065579675090702949091792106628417968750
[2,2] 957218671315046950275018502704070140875094617124996254631241754395887255668640136718750
[1,1] -752316384526264005099991383822237233803945956334136013765601092018187046051025390625
