[44,0] 1
[43,0] 67929533698936295908428
[43,1] -2237852663572175607978712
[43,2] -11020932270193020474044136
[43,3] -15715985811382921626226605
[43,4] 4386941943216041634749832
[43,5] 36773140871531643685960866
[43,6] 39536560527103626510143580
[43,7] 7291768330595710041821613
[43,8] -19777810188380687243801148
[43,9] -18004364718057809982374520
[43,10] -3383310098615127375949584
[43,11] 3955049015063287107148323
[43,12] 2798289162634556894911872
[43,13] 314582224221651695672170
[43,14] -404848322729627869256268
[43,15] -187366504729473689396427
[43,16] -1152116656637655166100
[43,17] 22072356286653548892636
[43,18] 5561839041660893337048
[43,19] -780212443186227712729
[43,20] -605630325613834653912
[43,21] -55017720247895716764
[43,22] 29163501233735430024
[43,23] 7467565237898582940
[43,24] -442046957357779848
[43,25] -387251010363320282
[43,26] -25631359834416300
[43,27] 11142051825373731
[43,28] 1822933803422732
[43,29] -164425781545884
[43,30] -57668611381320
[43,31] -130798190641
[43,32] 1123760842440
[43,33] 60136128402
[43,34] -14283303636
[43,35] -1352733087
[43,36] 116443140
[43,37] 16429526
[43,38] -557796
[43,39] -121002
[43,40] 1204
[43,41] 516
[43,43] -1
[42,0] 79399692957603751816083779262830328818505632898
[42,1] 692096927375002148701371398298701670437349422244
[42,2] 2927626197801565208316130151225382076737553550488
[42,3] 8006677723914022587246137209229612954381938913904
[42,4] 15913237622857962688627237640793524714761181221920
[42,5] 24494605439929281892251481077901123368981663009000
[42,6] 30387921558556475112873260432279674327270256827974
[42,7] 31220754892836825072044414857943884433619826251036
[42,8] 27088406021162764637725156318194834022919891784506
[42,9] 20140073684350734798581807586393840347309500662924
[42,10] 12975922544026565775042077857556096318052317512218
[42,11] 7308191489048121764216233886549381053277829026296
[42,12] 3623009693268458450696798062147842003524031397176
[42,13] 1589598613766691096970290425436881984925876248928
[42,14] 619919010908909838061308517496606682539738617856
[42,15] 215610944211854598743079900384903901558127270004
[42,16] 67050775957725284583010667847393754306184356266
[42,17] 18678283396600107134259774243432029540381410868
[42,18] 4666576212150705888621700584826508627695197642
[42,19] 1046313333913461536713355608432630318304217264
[42,20] 210551577029821563769373466623823108457038764
[42,21] 38008612370298550280530204524513104882614368
[42,22] 6148728597422214953768060313964683261139188
[42,23] 889962068651885455489881754864900373895264
[42,24] 114994371045517000540130699430163909001100
[42,25] 13226468357375252315347680839572111961520
[42,26] 1349235956973779328509448146652666513925
[42,27] 121519224454942182704868256729079714028
[42,28] 9609639126764150609432711169384402486
[42,29] 662723258163362049923373746588554276
[42,30] 39529654643436280936117391490797241
[42,31] 2018642497007094936675888601827984
[42,32] 87149285812480407650109696557624
[42,33] 3130862255753516384747613440496
[42,34] 91726244048709108219172357317
[42,35] 2134653020690660309279731140
[42,36] 38093756393643876491323602
[42,37] 496365892176612758582484
[42,38] 4397283693010814055519
[42,39] 23706471734200357308
[42,40] 64412919807521670
[42,41] 61008670438180
[42,42] 7900973037
[41,0] 645256710333683311246813889181850876982724088417036
[41,1] 5065229782251486860863221798961813039448867498354844
[41,2] 19085323503775609804251786235292869455699168777335868
[41,3] 45920645201544538732541801805448387200285780811583024
[41,4] 79170893417634384817140944339882359690935912621800376
[41,5] 104017658416374403018028057006616584978192872989014580
[41,6] 108103327072466750574088682055225123110971515854225408
[41,7] 91030367989317679380047395358214827029237632989618652
[41,8] 63086277207777098675611880278704583434804374229975504
[41,9] 36334804837259359585879004546042877388725970243352367
[41,10] 17485649535900977266771093526104383977093161621607376
[41,11] 7047446044805810268817954578902804458141031042643006
[41,12] 2383936197896250029523149479943695065385217257103820
[41,13] 683817669263015074596605401125457275866407831858404
[41,14] 173598922809562202130129948945071281493150434392852
[41,15] 43931591937985861538528271278819837542108338030228
[41,16] 13009584875361188533574481536759611872082357519848
[41,17] 4472862905069103458244019029936441968230303257618
[41,18] 1512479898167668824116374190055933394455209194632
[41,19] 446726083039090199924087513053501455966653992512
[41,20] 109854906005074038237602054839757572594653696240
[41,21] 21935597641438644915323918770136252480422723461
[41,22] 3426996755818204817171143523010743663169651696
[41,23] 377554657753488592586319091134856627547097720
[41,24] 16192998832397139595904858347114895508448736
[41,25] -4257946191161337259059430004624504952933384
[41,26] -1313425834746325689245707488091485585489780
[41,27] -216839934143669321980300059602290987945830
[41,28] -25517562460502419418050083540735199926636
[41,29] -2232549871239534789451494947475927162441
[41,30] -139043764467970330482911602932695756272
[41,31] -4869894209020718426912431258910653110
[41,32] 87788851691355412710532766292697980
[41,33] 25545014037642262201991683917419232
[41,34] 1868032452294937764680836736322528
[41,35] 79064961044163643216223809066422
[41,36] 1911505398685247064861005600116
[41,37] 15341211763936287650574848358
[41,38] -388742810252177425031705736
[41,39] -7637331802611641706074216
[41,40] 25512146123264225206896
[41,41] -7476190170150048042
[40,0] 2173076133509952584263593980619977282526601994326214067
[40,1] 15611485929708353405590016005075827346238343239479202348
[40,2] 53687636885328992027700308221261634160074884184342715054
[40,3] 117676423126969995298440054737287229839025093728516770684
[40,4] 184698924054171400904086924034907814446756254438887644228
[40,5] 221144525524020281511712988640047381072504728341542643624
[40,6] 210119848171108933153595474832682001249933219389394156376
[40,7] 162656384921886081639137585461113398407416033021778370152
[40,8] 104377349038696934464466800875430460072224495050790856580
[40,9] 56017049911705940943310048778674637591072600072083898448
[40,10] 25076086357067041444961987974555143190371046771361100996
[40,11] 9134936941699973740645324913645952771247790343898924608
[40,12] 2485701215601247317863930144498709938742900089443563750
[40,13] 327079093284284906345124351776816193513730248431153916
[40,14] -130784312893485733619170289297882393791903952563764690
[40,15] -122363025925613906135538725914147906760517363332555388
[40,16] -57079652255879060106397379361467103971352241680163334
[40,17] -19364958782550076346074755109168345810173687456245352
[40,18] -5094141245259436861029713030965940114586565968864960
[40,19] -1031973725910908602967876375729614175959137945934528
[40,20] -148794410807885088047048937838198664841381483379554
[40,21] -10226168886050126597843312212468618155462138466224
[40,22] 1633367085027456203131538446715321189296501261552
[40,23] 696355187778611446844715120015556508160773862768
[40,24] 128336570450307021368822674883733467452747788516
[40,25] 14250016212590264156697680342226581240468106720
[40,26] 696951732825424305911497721841552726158206938
[40,27] -69145935560521089033187787556477898048364604
[40,28] -18088468292357978700174215139897368566685752
[40,29] -1766471947985568638442457316350445339691084
[40,30] -64262524576484767347627264068646497520900
[40,31] 5776959306518189576796874363246959743712
[40,32] 1047519373223395560828182653961905158891
[40,33] 79389917154288870269311600572432852012
[40,34] 3661860815405670245803344676770665796
[40,35] 117262943181102711333164041967357136
[40,36] 3565338742621223313350957295279702
[40,37] 124304117030730334877892266280196
[40,38] 2929487032597925410843755875064
[40,39] 22497720417124326545623892952
[40,40] 106361350433568454779844669
[39,0] 3658994543303709045771738465744086502890941372875688580232
[39,1] 24641559025847226188332431637685282657953292179691566924956
[39,2] 80315370853842425320506877300043859879064624126995539053248
[39,3] 169228230878299719638397725134154663324562522341730774744636
[39,4] 259622882378291682117032912890520611050237590479223547986292
[39,5] 309205642759567096424934395450868036601500792395833372610036
[39,6] 296874091555226626374234350510179049516895316177639024928832
[39,7] 234763521002410919447380833605228555979355690729997443088523
[39,8] 154343885685802393481470843615299329308132989664576721400220
[39,9] 84247196364739340798462704476665901889364164103008034566536
[39,10] 37648142878209689564765855666129798015092977709151390983680
[39,11] 13278046770120477903054750544384618223605334252434433220384
[39,12] 3334917216944246117458499951015954743629869892929464849428
[39,13] 346451073099486714695429641824211344800175162063979896162
[39,14] -174813441012855603977827896666300488121055963245486132900
[39,15] -124585759974281245907819150528134148753488235309871432426
[39,16] -45773048954332982534158930500483027026493312872558040384
[39,17] -11725558851433276407458114061284139951064342291289537000
[39,18] -2153359330226104740876875156548799642540047396623178368
[39,19] -254503859948332961855554708116913806011577946528587360
[39,20] -7192821603801028258136470533156357782214328307595100
[39,21] 4376645304306646705527999021225586270557232965396504
[39,22] 1078543986287885603663227109748937239126513667040736
[39,23] 129134799395748113592432809729317249237204602135514
[39,24] 5604171847494852557956087203487884022280217577488
[39,25] -989032613837373668452922280483398738694038386584
[39,26] -257543800995247319897320311602414578557372515044
[39,27] -34626950541380595875050419384431602891355986068
[39,28] -3406005592483655533733077995043600877174046744
[39,29] -232224793835656997492815917175066105259172108
[39,30] -1992398971589955182670333448937655580831380
[39,31] 2224465380454395890687555389417230592715403
[39,32] 349480752279805016277946616410847956715980
[39,33] 29203857641217323535682331924634898707696
[39,34] 1416022910545265283817357596421118284116
[39,35] 30670648670332986309643700683608726897
[39,36] -460010575624419994618755804691103640
[39,37] -41112573450529387550137271667226116
[39,38] -714113927143906405730269888116788
[39,39] -1766298707915932791895814696460
[38,0] 2787523366142964488954077611683040560492190008529532744757012
[38,1] 18108501112948490647074905081746592704190071813645222163217336
[38,2] 58305373108156615067833659226092437007174236307509525641967358
[38,3] 123999802769603296274782837951613873226372628976864734285616856
[38,4] 194906561243616210863444184636199862788457772803646762375409710
[38,5] 239227432921636660527032050845101739296481941593595098469807388
[38,6] 235998672761434266477198534176373910417861395473994061652426278
[38,7] 190020805324795812390808676377214989086286176391678477154292240
[38,8] 125847866217814441476802819602291667416665804563770523353908418
[38,9] 68728186135815406013550218861839626282160799873535394386336228
[38,10] 30875636527367951839570106804332657380825981229819508972108025
[38,11] 11307719837283074124979413612656807870562904490444783922401640
[38,12] 3307268304508827349246021200711116234747650307862877756184014
[38,13] 737105453097593130146703465205831004801305672206516261990060
[38,14] 109558519594820465145039419349458671662977228059766749049889
[38,15] 4388268191666143075053958009577797882322947512033504624492
[38,16] -2775471555338988987263063437891716367118329080538401213564
[38,17] -824208801294769691808708157670736778181630984203312592400
[38,18] -87910801234580251038473153762200435816594500250074078987
[38,19] 11623581096509840465552508792532201343540220863687725128
[38,20] 6591655656807269369742724104143193813167690707106153250
[38,21] 1366855181746012325425318295744179110696735489336550556
[38,22] 161683425696185131360319986210580543994035173878918690
[38,23] 7351314971619686657402458698226487487163760900307312
[38,24] -1137531262379338038543196129461610800006164715061160
[38,25] -264546084795624690347982170191649483316607363666656
[38,26] -22430809657172933527914419216081210966854086213114
[38,27] -45833437926489647698702660430034928081418155092
[38,28] 176306800503386343459252115709219515778404000704
[38,29] 12171146276749288828455935084473981507018453272
[38,30] -877396114427131325284044221881494663938616982
[38,31] -182227046094620600070280568241082984403291964
[38,32] -5556593121912191453970031776618240583901586
[38,33] 1197362975811391167497267931176792843873564
[38,34] 162010947405893293295715875628257715232590
[38,35] 9257685728629632417562880248210304414004
[38,36] 251168479470080846124843577535876652568
[38,37] 1459959405146142031289227799339943408
[38,38] -62954892680566926320261498720709129
[37,0] 457527638915677866269640263859497383599980730709750971045024360
[37,1] 3826652598790776377939133331150236400598105158073084043204476936
[37,2] 16082703967582360852455188645505841142210389801193870641781125656
[37,3] 42917480255945377962097454068899752869802640773963042736355666452
[37,4] 80000597138354174968132163672070436985978201121805640603847644884
[37,5] 110298624242913264217393387216652011213764625596413463848269639578
[37,6] 116937194423838867770912786628814097608584278726037831482363911932
[37,7] 97993796410217835392213022697337452686774317567381677216382880100
[37,8] 66195724821959805382850195919282065567520044749837555969548123684
[37,9] 36540550341366531048168958945020410735760737498652350082670183254
[37,10] 16627171224438984166703854413807524651408853931162379831181671028
[37,11] 6262379829146523627420360522326440255324783772954784403562264538
[37,12] 1950330328860941868516189838998513119758973222932064238863427216
[37,13] 498342122712282292340470142758743761069592983462761974734208406
[37,14] 102482790507086340202943464655723700791749530937976188964189268
[37,15] 16238845879906269458442285712607147437739530396699661983915710
[37,16] 1762623042718592584795628404884393340810956950074241835141432
[37,17] 69522380522435669013135659051290350555588040901566218362586
[37,18] -16806757524523150434912228127667642322593854467099919608348
[37,19] -3795648837287838980821947489682704217556117774824463060464
[37,20] -295606148326804908392035192752337245606906333615523437132
[37,21] 14015716380529385194969826799358894803439706090040750471
[37,22] 4510078450543604502474885602751634958234752999691871264
[37,23] -102730362174378298991539133400566381926897614526208832
[37,24] -158424013236962743588058680226431885665974609485898304
[37,25] -27932915650867597272472530356782313360315572843981246
[37,26] -2149008496723973923993907619539861871160202442581124
[37,27] 52392972468603744150252015073628356050069894816402
[37,28] 33515650521733176811121366019452325524537104332808
[37,29] 3968862112158326964651595990799919644095839603630
[37,30] 186059534955798195413324511296121983974768713456
[37,31] -10323695484375526954744783577031601353068073350
[37,32] -2318919507136189115082859702488305751710062692
[37,33] -159037587082930967606790912331216300664910360
[37,34] -3325029374654176000998714761306718659561072
[37,35] 227743093872678845280129742531130446063194
[37,36] 17571860222578056600759830769495511654272
[37,37] 416576980152568292639709981203591472730
[36,0] 47431551052029459376461511606133603014015470594400532754589526745
[36,1] 1483344545760598040008522736096959691284334879053876467677796915720
[36,2] 8188516885331770290995988870635283369888183807591289327713373379028
[36,3] 22949590210739680953673517158792350929717884403416140777782115739488
[36,4] 41326181692726279844756197340986224430248983250290929178605303120785
[36,5] 53111068622297571765646606479011583304136336482632473475579800694084
[36,6] 51651349358778289368110463611422069094352281555631032013312616801170
[36,7] 39418529024497087337544547234351781289630229914082466610509077016916
[36,8] 24173420506224295523242591359582116576755370471357694130699105959400
[36,9] 12097505936910402457843621948806432894540351646676679619072240199604
[36,10] 4985945115232526604463259655159420283353718036104911150504165359686
[36,11] 1698177497305149720201972201923815917291040853643419999945932945756
[36,12] 476471343229573952995473947538165435743718514620096395305212646470
[36,13] 108704565337529274139167300966131827903555099914533930615378054592
[36,14] 19513537574667219074709428324308897351587900070485713569479426714
[36,15] 2520028957139872993660796314800033576100898834920712045541963324
[36,16] 155810614187594629955348932213828444132166884981591429667699949
[36,17] -22609928265494760342095078912950549618837651962299168553053736
[36,18] -8664549440413632666561079158204931637128316683044217476822498
[36,19] -1413963389956882552227464200001123029226797679378128186461708
[36,20] -129531832007080048878773393255395679773262248252181808116984
[36,21] -2176374836738079396859959023226415326834457110879721254252
[36,22] 1281850577721211211923788502011456025550017890955054837404
[36,23] 196878467242690547396039023621198822094399456799515058896
[36,24] 9983030892113144772352381615971805765766655532739884842
[36,25] -977323969932874022066340027766835425566647866733530416
[36,26] -212880824526372348240773780583166729400134165844300266
[36,27] -12422086732041159266676180062721985999965995498810196
[36,28] 962274964429637155767187468939962655663794139240221
[36,29] 260094239191034919077517690721317526750631150213400
[36,30] 25226613807448719070695454668445311509397044197908
[36,31] 1166396850986793937182548656701629071464815420736
[36,32] -19365609948051892410026807892068162035284169195
[36,33] -6997869859407653258023262513486109735986455812
[36,34] -469394991024017093294625445813973025011767440
[36,35] -11713160827036088925369960769392669513986528
[36,36] 206430170987537840457692275318450966991355
[35,0] 177026029749484743440414756027787259887814735812645663408906340438500
[35,1] 1336801752437750710688779806978381801407140922239479523415091896544960
[35,2] 4512143658117597924482394086277262142644815144308791049731288918749720
[35,3] 9268639724658817502489947921785937413509099580453250775975221991385641
[35,4] 13169103282491103121118856893870032228072096612651695674548843654393344
[35,5] 13874534319841450299359710698208858542206478538528173446365913359029762
[35,6] 11314109243112378374767435088222799258928227762721564244618350449197308
[35,7] 7344962615970084594286471272383166615463192004743671013698592939294425
[35,8] 3868177921748508889935165470779478773062997581127273284674071596208308
[35,9] 1672633795785471932108572022400118058764320388662506347783634214351688
[35,10] 597486541911037066448343073187932202014045426765989518077144312310520
[35,11] 176234120174680997208660085574103490435465923871700018649321899239749
[35,12] 42491320206385244334794958842689035588237911594317936956801503859676
[35,13] 8133994985975728848341317050255655869956983356993670236025214361282
[35,14] 1138287436507524973423188463272148128904962762697504759124461123800
[35,15] 80568114665594376281226931329759959755055510909015336445659273526
[35,16] -10863835261639948552545622861276800635512265846065275248734508760
[35,17] -5046626847158296135214077484470844490889827732672633992687818788
[35,18] -997414845652173778000122419185875036319502016580362128377951484
[35,19] -125228544795890550607697297825621831915358880097916912985449084
[35,20] -8599785925251217157815450556926460967089081636124440845466976
[35,21] 295880715803259794869524212362261337646316531374359724428924
[35,22] 174126888178220950463606907647714379887748470821917064858140
[35,23] 25681191016433671836158664785436293804895336584139941679993
[35,24] 2081963311073459074708534620766639830161512249347590197812
[35,25] 45567389508539745960531675250601045912168297075895035310
[35,26] -12508354221340993216882149212383150792445014625970938520
[35,27] -1886526943936988951295557658889986241737169585913671772
[35,28] -119406070439456815318713045322095606894961909427478216
[35,29] 234366444476862717924908928780241642005180735775554
[35,30] 770492944654097742348207773773764442899213118568004
[35,31] 74673358518296500364741082088800806581888209009789
[35,32] 3308203315934695632181891256898503940520654577364
[35,33] -11832759633676683220660635613434248280909547784
[35,34] -11163233378014543339251647521788129038205500844
[35,35] -642341632902074641090253710462407042311074887
[34,0] 54193903405957485838254171646502329368796621313821948540141398825227646
[34,1] 297214796931582306623512511983957092717252135378945283113349788745732300
[34,2] 770854348166205287472324699710945539973003977740618338142087873018638700
[34,3] 1259134298031672965335088645713533912418181556820413489313754189969281800
[34,4] 1455643422622459573677876080071642012095077426444340956862708850322519656
[34,5] 1269345836980159450971613653901670961048613710564146425036935435914575848
[34,6] 869247059212334728988540991026154192654509314454269636880480412789602961
[34,7] 480726501180945090427002685819510997868474605093239515694855395109684020
[34,8] 219181649807554623945564795021696094344928550946113196441457681164007470
[34,9] 83667232975699718460394821651239655140737254495536431153912144641602652
[34,10] 27021274801230164835579631269854118244749000291538156881324882934750547
[34,11] 7413953213818210336596300007567364173372971390493966827992212987710912
[34,12] 1718147286942831742830234675487609658636468899210567312907034184918182
[34,13] 328431948462468883020786639912790336328957222007771430214524882230436
[34,14] 48535429021794028209450345834318138539794937579248588965837234576006
[34,15] 4424795602420624296459115530197160076791990327416409870826701122688
[34,16] -144536235042229351439109519016951190030264645030991918317192922340
[34,17] -153218909375831972232281894859847529853448435573183719015076337328
[34,18] -33958883600271719520252244943992683051154804784961917409712232556
[34,19] -4492453589042679182901060161613581520526141655208416732308184196
[34,20] -319340207760814356982937158593785537256168899247298270240807764
[34,21] 10429678932075767491343998591440643865149161987021217093586880
[34,22] 6562006949510725688627154664767724934361933497159463389492721
[34,23] 1028580977935237750901890150176795845871764645153626340467908
[34,24] 99293564583212815976233573233630506444004077488661088207402
[34,25] 5500986831291999122427647537375954545874666703527440486996
[34,26] -90452401425319497671081244335343326282141120439596068689
[34,27] -61459671659692580588466441862072293404483462790519985320
[34,28] -7574547128575377968112773388443682945844853972931661504
[34,29] -502574667794190505034726553995890090861328357458279464
[34,30] -11725216077247542041770626173353326821463527884896315
[34,31] 1101199276364773543768965270315822535622394507357676
[34,32] 124951647416279923292559230035938334943265694346226
[34,33] 5188029843045666396929779126810184568110008702284
[34,34] -4094418421464037041490759043854824241935635410
[33,0] 850667192874627674463574216248632481439615741868646126902099509890631428
[33,1] 4145443365473269911560270493914076127358854638683512043403669187415184948
[33,2] 9311076041523824134074705779952961461306720413400802777115100187218537444
[33,3] 12797019357218249245403138649085893310195712618139474223574622178375208220
[33,4] 12097575770548711000301901341326388476888992031091298209738255085662906880
[33,5] 8488907642688995863806289473448861013109283088804774035238601114337663908
[33,6] 4815876274537488977015852383999384276319140073147150463321706931702547780
[33,7] 2508485180050053929289451448926888807041949897228326608441979754836782580
[33,8] 1355140596792095691671203470842767901671205192195867901621560484095514272
[33,9] 751853332669846750086343874674862873365578389913126215810503214377811736
[33,10] 383936080971802679863202095398128908183948215588487864269906701775151740
[33,11] 166024771146727044981275318406914538973469229724220320719687696740117784
[33,12] 58654875567581283270179701358630789945782545412886269722246146199804972
[33,13] 16678199307354020762628085049571115289843437774956122082367478011276734
[33,14] 3763442581683035448834485040864164726393888451698080068934548706943536
[33,15] 655240274864151622665101013147730602094651310418758495346567368656566
[33,16] 81976340256154803379053890573973976446546940581643984389604656003468
[33,17] 5666742091975660637896087464169821740133472770076181074612274490611
[33,18] -246529314307723418341167796686529277396796508103329100034232711992
[33,19] -123657275813759283276344287331573555584515619380251828257143075468
[33,20] -15682255926522600902970958649045742074022828911024023913128475188
[33,21] -724400715391749360667262180731171010548801631889911914446823764
[33,22] 76309305231810634516842914688093783225096124995684298942967472
[33,23] 17312245800028564812490169697030796760830127600955562959169890
[33,24] 1681433176049310450981998179916194597522352379665565901306236
[33,25] 119991365923573826232768787500715868401842086088070270397064
[33,26] 8633485268329707805866017797580725136657033488917314417916
[33,27] 430741955052285125672301257191332126075435737531363197698
[33,28] -36009180172464004542848770543941082903096632519318081420
[33,29] -9796039156756911007024834310275096445151189853692694654
[33,30] -854557164109761478071378731542768989476192833403461968
[33,31] -27507597831428673842337499312175049527720839064434488
[33,32] 1119265296928073902590758329581508102016431628883528
[33,33] 144579619515405955145500615852432826073479901919539
[32,0] 170329807831220575129646681411524147730560863288934354118186927974846742563
[32,1] 755134971202793936151403736833391899040765799893159927681742337757920168644
[32,2] 1547243469006917099602254035177271305721038320285807600258655983212982611018
[32,3] 1928143670695338720587365988652679405353289733378467013766671076601610575804
[32,4] 1611957263698522119250782823627261380948255671439516248872553884379396612094
[32,5] 933471394071718528400073168283655229953428404117682262899778171428252412208
[32,6] 367019275528249750712063523740749981327771633828622661227468929900011833986
[32,7] 87937457242887961539518140695539892036568407931443574748333944927157465124
[32,8] 9142681142900699065091459467088168855210951915141412687145727197133383017
[32,9] 2638368868157171503704430089408970017958363307541643148985453217240705008
[32,10] 5173384611512356318636735331864988662358832232907105696523690508492926878
[32,11] 4180839443610821342629225187112764010892435625259576890448294813290901852
[32,12] 2064496343967280779067678544877868467446661233109718733374301622009698006
[32,13] 727230995908517984812240740699186709682134037534501490830014740855587580
[32,14] 193621263384061868656474543290237613300818922485401940702087067582208784
[32,15] 39586315312398192849000228345201259492196827717681371723465623542116824
[32,16] 6113516679856199088577167244239026001101357415380419443718106340736755
[32,17] 664357619860069858405807039171435986000832178691448277924913675109452
[32,18] 38051050669956927595188118983874346118855810975117084820933494953712
[32,19] -1791976791722885066311235313021330201181105140396497694261652703592
[32,20] -618171678960903340458050821100506757798990179390866526736572941156
[32,21] -51834879213733964597374869921570719615674045490811309084834280036
[32,22] 408125413740301782479798562907235403436234325263806669353818968
[32,23] 452901419580728416217728077368859245558971609147462985524399920
[32,24] 28472466248108018940025459480222964741571996552163694436563016
[32,25] -1474930803107443068246955267198819940518452609551819791841796
[32,26] -213468547584910539544128565967208236637101534347150488403146
[32,27] 14744477201543294786405760920531121345777475295319380808716
[32,28] 4097407544878549697257284369800059455216507711866094244449
[32,29] 276209184469727687008355407377119327255236234870224113364
[32,30] 946725430455278015121917576796323676930965469172085400
[32,31] -842361330870197372507774124009296751692780011129479168
[32,32] -33346411368542858372493509367301194461791937671961658
[31,0] 11107056020343044980656558509995427235726431648908691162602076375756785568496
[31,1] 49413250840526285346814749145741131041131098845881871919146124868569414403364
[31,2] 102392551280477123583530625727027538145450346989403265200091094347425278196128
[31,3] 130253425882818219785401848153512736234709035958922306751159053732794123645374
[31,4] 112356741423116948000296639177794208341769217862054586495538105465949425609596
[31,5] 67818627052601594778861131293154648250838393541018325665787557412108453754140
[31,6] 27703167333138967694783259983054454386883557858738605319094147713136308051844
[31,7] 6061186723482840334266602051575109692338759243951773094492310938638855155613
[31,8] -826052372056176474047827836773446325218151288873758158829348161911529683292
[31,9] -1346146053469619266031074275668290071763393747252832582095711316696145356772
[31,10] -610179564327844686927987534956027043247674033573523182611640693059748258684
[31,11] -155195727604129953481968458270472846476289903511672268528112818590389865575
[31,12] -14008212920577416379576217957360691645434216844265892301374298105724540300
[31,13] 6858465305083362751754739486212165724910919712457001923704542817853672360
[31,14] 3946003725289115238146370170618244780687320374738299320915303732788057452
[31,15] 1164855853586443775896111833454564375752794916860254539484210678861929099
[31,16] 236920231319194529613056524417808865843113380651237130612231770232979312
[31,17] 34515390002472199169270413473209853615838158420676441871600511391934448
[31,18] 3381383951743797740188546398605695626880875148300530993266517504130500
[31,19] 156383701052355489551337116167253138958480714995263753832959389015119
[31,20] -10297947204799956140566422205516808757724247730784678512945198384456
[31,21] -2181547522886631354112199089618047901609945028922831997171848372546
[31,22] -73224720014932782427069638441106817796494598315802873109133312312
[31,23] 16201874821725187260019594221005405478438846346908990847667005779
[31,24] 1981895552056893484354529770423394220889363235313047444242801404
[31,25] -11026452863341420440618052942500964971574296683931873306729350
[31,26] -20666716655617452914856833868446166582204660641704516183291620
[31,27] -1734199562696998114350233796909363564187171088830016707102458
[31,28] 56291993376437244314948232759913102276181693502204862880
[31,29] 9796710580958032797225578177970803622967124904122686563060
[31,30] 676295912683836100976568663812359900829002063024414771716
[31,31] 9726448480494956123704132347906137501499645019425417244
[30,0] 416639800741330406139885491837028117381287478592226044945930267336368682207512
[30,1] 1867479237276134664218109360949352524791273281750123236237398648586032812904528
[30,2] 3936049254196583559079572594834262729284420911421761641560833312019798594044634
[30,3] 5162180532065023745236457310757529875062136126189582700731707986795153828947584
[30,4] 4684084241210923694349676626331136528805765054019345603406286229959943493880510
[30,5] 3073988057208396392426503076525018397561928131342301525907154266321083270611468
[30,6] 1460037423185470935004639347212089857285864591290137825756637419273533427984827
[30,7] 465461191537287224680731707449623041384921653474755343680472055548992472148292
[30,8] 60398025388087750211043501203760656997244397959637652156670659840397487032090
[30,9] -32896116492890658088686512543277078960620766947084154668493491571283954794732
[30,10] -27275982511433453674416263343834529894985917992873416413672311888878210977899
[30,11] -11248260506648949452419299979156056266901020818952668426647159559940445144460
[30,12] -3145619119830196946815339991652010320478640382966332705292897982012954940370
[30,13] -597458464681841682108118569761189244448171572072395489048146253431208237964
[30,14] -57618470978682107272492600639094061797146722455721218734909809677498719611
[30,15] 7075631682095095345490644472689959705166702640433861472943241407562139212
[30,16] 4379541232216863144622922689141954670425474645766603322510375784411144344
[30,17] 1021546229448927792624755223922795711246519019285615366955280569782681816
[30,18] 150485488647928864227464068879631208597004444664927861403001377404065359
[30,19] 13954215330578849588166486919314126405964102813375886957890337630954964
[30,20] 538287792785821779863626395367325305660013131939796313027000778027272
[30,21] -47233933832520131652759781859644925325693844727714889964234325515080
[30,22] -7251010009062391740368477398455775191792128900515231485877841898645
[30,23] -50478380544110958064732919418287970768749960131837889136213314472
[30,24] 66125771269612301743519636583155167350576642613051511693372018086
[30,25] 5344071943493763299821060626686475982488302712041705018653007532
[30,26] -204134384854625073865828435908233451143560936041965377749726482
[30,27] -64988126077460833387827370835408187453658938823023922737414108
[30,28] -4461031462975419906895874197767993980471266307772507663864240
[30,29] -37128674378463247038744345628004327323586134343478412889848
[30,30] 12558853856119673724681513154845569779000470346263712513683
[29,0] 10959516466092740202486346176153884708329927431197087159011647264977948916671216
[29,1] 49554279678569035931357299017400003691916513639370412970599402434540103165309616
[29,2] 106153731537788752853334190683343746895220879617114988316128579434168017892712208
[29,3] 143231533428024925415303835796964653228293291272129237484908700859910015750209216
[29,4] 136368832486710765829140823831338745236626370503143714886963857782432136283761740
[29,5] 97043253763874874695931004064646311727061574395523461155475551586269896290145322
[29,6] 53082505786017761436576899392314252601917327976370460419266558918974925586691004
[29,7] 22366734554047230822869703613876897544423807051914387229044257244654645296426624
[29,8] 6968414442791229373666932411744667271423240680121935964527155253816846408231896
[29,9] 1325361322451949836508823957497389597033569413471036560022572179689408709599590
[29,10] -59458740628980903172763132181717653915335440557185495495630444381327210833264
[29,11] -169502920921978776524579470140208154516039348419587103547923511938575173938338
[29,12] -79513114219710771387094653533439882774695049999064847408826665412411591552348
[29,13] -23853087216204347941054056249800088040886584000203351465432156805923277538520
[29,14] -5061258480091536795907636487166609570875398492486610326200819557263312260108
[29,15] -714170240439551664887099547891013317838222002349170754335877434727445071092
[29,16] -39717503753403992717186186062845705659357413287371883572472141822531966612
[29,17] 9821027448416384505449085248585412616162141784407906064876669146962350880
[29,18] 3290905661145422606099822502766002482086281619072964827935493503347407608
[29,19] 511834587097492069035905140825020988630922802055919765814421178142827742
[29,20] 45749949761906233419394214831681547341254791628285684380919528696927992
[29,21] 1478006719816370632109788963230821396103736053742243291286695897946496
[29,22] -165728748820096392441041435730239151900150787948258043744507457741192
[29,23] -20269397436396200281618091681649400963060249757570429654982041051220
[29,24] 82715055861314103875751215909353010193733690036441428162525710404
[29,25] 170854875664674492839726613574779417946455651827150738525821384761
[29,26] 10984097924082876503485211361114362205080690075126763858255629796
[29,27] -471972170358264426756794916315817862504504104403426591579540098
[29,28] -108216108867900264475836814569236726041133845004284990393269624
[29,29] -5975871958361392851115597065705633135131857080959139424407594
[28,0] 214574482701563473855734575823599872764126086552240342754279309069507645567648219
[28,1] 982199299729147994845271566022880936254820355880556700012606868533132290933966128
[28,2] 2130836452833931269261283280904343595187091450684626856494205444164681319845485304
[28,3] 2918846370990425795893094541237791251323544225931331046279548003522054624893644896
[28,4] 2840571850203669156672235744011009969406833119606659874974320200600236956810838391
[28,5] 2097524340473359891134175355187311259312517072431531314263272384379912455719079468
[28,6] 1226259955642939507598310113775348609373220119796533054481153458292519018166039822
[28,7] 583671682162237204100368857057243269437532201844843111927616175666369324121513084
[28,8] 229151714223593164552576962229857011924370754925987172409476192967931942659914399
[28,9] 73483457987913373686585548531353438603219372903553518283211582248021211749260248
[28,10] 18198208565159091654976299595095628924364299407530055320367033406566890649406220
[28,11] 2801325099756794167056387888915925287463176096103834815281860759408404802764816
[28,12] -134982560333156565716503405227374890779186272688430019474901261172883362136343
[28,13] -264000330726059915206203327003989013020354414153404482677243373977751242593564
[28,14] -100579190535565285152483997705650334328168954544487080074835940626205559023914
[28,15] -24001628893479075130252186156766309493455318520695317664614648157283967320924
[28,16] -3842313943622812961284534130598822649040594695704710431909276911182874308248
[28,17] -347767318498509600039272009631665883667541007118390420664562998812085970132
[28,18] 7491169504869792156393958111137342011083428051922952008920723758152423260
[28,19] 8182450721752031317197332185642701323824856054517847869711803891623521272
[28,20] 1379683190343066164485986514503289458517720763274457579605290860427192487
[28,21] 119703129799817429234520318068236295158116362083242345623371309294183272
[28,22] 3431144124938749327593746703854889475963416505280857273735934608571880
[28,23] -399316892076663588589374638382296413350416431425316338166360446915840
[28,24] -41062410676930409380559749500522124482813951566015645729585127267540
[28,25] 514034007950050486723779460378174462904498550141262123970976897156
[28,26] 310072746142431144649815494327702121208679232251370820685031335526
[28,27] 16428953324487700639100835506179265732621631427537578346293577596
[28,28] -594194729242673835490377251797185146481610769981327134102856422
[27,0] 3166517427590918649565285015160526966261360752812183549948920894637365218940991572
[27,1] 14981768930689341893476180915972850890140570459446704627719524653184475200498016072
[27,2] 33386617204527482960746088769149678096243370472289663298058795010696314374641093448
[27,3] 46568610393712303253345137374642519068987171464181382070554266821434017802975546213
[27,4] 45654131883868240874280416519304285727420519332612507789823595602913553914254672680
[27,5] 33604332155420044532404971069860304896185866049647724791995297559216641457286865070
[27,6] 19492263942781004084869407536461877700985998454195624618022762554062623378052505572
[27,7] 9318473604138617318658461657901517234366301438006827853101556866058292051322968081
[27,8] 3840305861173917027065048834563200499018953352980723004303972934365790750030209252
[27,9] 1412441017165223981867583917709503029308915329043626303849096622239405195282752152
[27,10] 464906526687936698471391655434438462000435170030534413751078235949960273775173128
[27,11] 131255708904164758978389213113365506956176544743292846563658445161409787517110585
[27,12] 28935365457671629665093217139236491219094011102596982119890380911625095300649696
[27,13] 3913557400852813754967977724183139796890074590824726836676539950176729286126244
[27,14] -148906618143910584485625226994652411705644761387176883992496463371089998446912
[27,15] -251869337181594458513100475764027992012491179301674236855908385245726024057152
[27,16] -75734443451608692010501366578928177049644561339075569375276861795649705912848
[27,17] -13424259387430605635699916625123929577901285398205433773017263826483360311356
[27,18] -1400053401336439894957813893400654205536475356898161217222281219818253635540
[27,19] -32028834246022864409651573063695974920267985789517120195015154830373874588
[27,20] 16098794937577038436590928048618114976443699053110899381768021493997044760
[27,21] 2958735487463933425222100973283443764093352036679862834281914585482377128
[27,22] 246630221528508777604998043446724179677193584589766632839450829945146520
[27,23] 6423899176515755255944574472695377461855737392661944465500367265573124
[27,24] -697491434219890488636245133649166618786540410149569267877366629173944
[27,25] -61325259779077337413661406721321594631314086299441450612414191770384
[27,26] 1025783759424042793761150634444235077377820168048468002378519159608
[27,27] 380354510386435776243176716862330101912852775065856317195414223295
[26,0] 32839389802964996628610384282770465417257264630185590488924298296947098682376882014
[26,1] 170187526679104105492345346902389022018176748748616956101345662706077634724330728956
[26,2] 410311348042957243569450435921904346620854850328329263064252382343759978585384338880
[26,3] 609491869370322748188361479538483897774486905307616616798432803220844070331542306304
[26,4] 622873949852472459300374009180866565468669401737467565889706459855741014712670294912
[26,5] 463491384164239431838411094200348680159785939546931858492543255851093703442463523480
[26,6] 260002870721701482221267870925546193036090622903136713980990123140996135836397722902
[26,7] 113420829265212939256753578563585598857960293464100828500139265416279408413874046436
[26,8] 40550586242722863724304416904582160608500317205698842409800359426411105719456416394
[26,9] 13261039258944781361785981082768710681643216268710418228038475410488489660554844924
[26,10] 4564068715801763719828966351710819888806656844434429003682635513081154762682022878
[26,11] 1663392321540968757321371699306209324084206553494815321681855388444751206349050384
[26,12] 554707424453911907165218816123850786967714193550679113799165343722091811117078036
[26,13] 147132538256747314866749944780012639114325911603853539026292198061399686358796384
[26,14] 27422484957238585951244905147171713287582653618875648678541574140836304860024207
[26,15] 2554079229620760637225083931642621121288163728470739201235533038280619250481152
[26,16] -311115207137170702823164615089953159333327691036587826793016730214604543498952
[26,17] -172488399354722797428129322428337398195358257768671314317776955410073094807344
[26,18] -34464774775497899285438180113868024944611895915047480639262805576487010029888
[26,19] -3835434965633453239958075208545110520653710631421590876093751003085023186868
[26,20] -150783315839363572676110641233733457278286277091127244112320320473698719848
[26,21] 25288363141178666501482444620502756702208752288537875251527004853689176880
[26,22] 5038143071857845971157177617663655431617540949591027822296991461572323799
[26,23] 396251569102498202959147571102906460815737211588078183571455600994543360
[26,24] 9288470687102716541428378546953993952637431464246121712284263003968152
[26,25] -918892405431025964717210917924242646669192354102566293100470957609016
[26,26] -69842097631899485652080981041416506611983276471865370900138957278653
[25,0] 153304780812744020116570951284673781115142714218954529995164940048722294748073016148
[25,1] 1130234508334067038355467088727005368912572943669369383464972065130212275540278166852
[25,2] 3461333350159802473258366720371084350218370543534978057388061292817909624415465909956
[25,3] 6143426822283405539172079371891484615377784793294334161865901848410035248434907388872
[25,4] 7206481308278678150734007668655899912475365006653427780005376542119444310068107341336
[25,5] 5949957604996883270269653423430420189799549991627048860849773807009663181209281110028
[25,6] 3551667281949003113021062283826235618184303445333985872982465611677101119621216429528
[25,7] 1528771099166508251072329817867504032789999373510803139733695584358253277092380605112
[25,8] 454396596192080540603404839769742713799236416547152371981616754267540002613067745120
[25,9] 81257041350469518742791558314642490951670427835008796760588879024247829094515686607
[25,10] 5433561962635567737911603039367844235640897463038537061026327937405509392285903760
[25,11] 1394442997359277415469325227244244848254892937722767985245170223842983715632836366
[25,12] 2399957095695019146141547136202678742812973459950794573229952130478025017012888708
[25,13] 1420801686185008936872446219384915872154314512540990696085883062185466547274298954
[25,14] 482006447179626859031107976551832998700993703146204662020148983018125693392835232
[25,15] 104867902496841957206740174190456613878493412778998905809459577656041816450509060
[25,16] 13426621129001216212242558984797214864907597000029569268321735574267209861765008
[25,17] 247871832502611265404904236108496121416422348979213072202651245097007138089880
[25,18] -297414875359251851046023842368050719012376045883231650723892099977873759343516
[25,19] -68964793758156685070148380276804413374966253561041445530100673958168242375448
[25,20] -7873403256635971081235297886578520348851889137224794270331624047180263668788
[25,21] -358125516269375625226120325626287421353594455594945172935189495870240127687
[25,22] 32531003180228524553851685471812422942970597746817819937215403802115747016
[25,23] 6871756486247633006831722506967845126263233271616337869522478069155458796
[25,24] 499862705810597726449224694112853597844514469327256646646687679917471168
[25,25] 10461332469196158402667727866564929410362044794201686034443406296447508
[24,0] -2033274089939225503396063031291242614076200803237230546040188544453515605755193607791
[24,1] -3834818393039923165280521765231879202168658934331180160712916093226078020893233441036
[24,2] 6388337675249283579379559366264422247159238672624364246032875237705742723846860384482
[24,3] 32691056098341971702983920098884265417395911585662620802978703722354904630929917129524
[24,4] 57791448036642113870848635801740779532898578449481372622872633092035251582538007643928
[24,5] 61870037743157596900683006124305168867466482012387408624829990988598891650827940227880
[24,6] 45245687739056605199904518865765992130167374829643027655094671500885532138173733710660
[24,7] 23338007895121401681775807760526533786776528262599936217975561180886252992264466409728
[24,8] 8232650502880891006972285697847902520326047338060502479954259539871800303035925342562
[24,9] 1641371462887021513021719745005660554948044975822902770118142015055888022658379507472
[24,10] -69793600291786422145952176137803263215183108632737642306138180161123838157222636820
[24,11] -173183573605523856814951832109417321431333315668810120055814616293518875359308818928
[24,12] -58001553957486866315396189703571610850830269977076604828455721025310462304492836080
[24,13] -6886942917944085655202597331350512889714579628176909755523084561902365638968003404
[24,14] 1887322118804966606639843693791427615017858243928391702035001550638499678401171900
[24,15] 1127891914197173991366116983648158266563502309204810242369384994559048227734333584
[24,16] 280978100904970207260565494651551984589419881782125455725318683843528136972024285
[24,17] 39873166019227084038842692947562622589997816402745419885235909770107981168645472
[24,18] 2127959110378923092062594104124652209529001561568395928014109265982040888165122
[24,19] -401191364821271317559801346183919831019729629306488566657569354539848085577860
[24,20] -110896186099528623049776878429850799979176892125441516608813700797133722535700
[24,21] -12548138620326001980874542121950036954508312850205723867392366075054673833652
[24,22] -576665782803150615355304610625565670406724217287346788309831400489457970268
[24,23] 36043678936347879148903891069129869376843004530350789624890030044435497576
[24,24] 7605768239764589204511381703462048188088024325029682339703509993080358721
[23,0] -55114494674821493050631508528466956905404678476143811077086754509020490471653561880504
[23,1] -216985620224729556505803862346072640094179329665712067511601635431684670308842444144028
[23,2] -352879820544465662085526676385384311081021824086639382209253975204664771868625249063104
[23,3] -248543246587561425509555684846527752419577900902197369207842967611107614911863808923536
[23,4] 71263385850825251078695369615593273517690037086704350810425533174775651427824838564076
[23,5] 346324811408444545468812070487023966964012527663387620469936782827762682837044688676092
[23,6] 398132739831581829162779093402564666215668872782344926634617242528809707764438089731864
[23,7] 278707374384977447731684970517535620992678286253811638830866813877974116749029348171277
[23,8] 132957131752367922010344237604871681666225234384915367950811687958546781256580387576740
[23,9] 42430891862313637633296236544782630791971791221029806010182568098387924351277527998444
[23,10] 7119186002838351934995124568542959461667902017829785399861226063669313754058896982184
[23,11] -818796152720005095838690791481335939087644273715185029818690054838446896882446800240
[23,12] -949221288425260557324062810339371127594194509269022819346460841362034153515513186364
[23,13] -309545389673620934651311121551897464537863016074761971634840907682369339862540684446
[23,14] -51789313038813320123511333011967685689611588094214848463508945337295085730032562096
[23,15] -834957178165645324919397393080290621393917795764451088437223017756336000449528168
[23,16] 1998149359498780368692968604366802990431051612684874058392351262693627745671018404
[23,17] 575542440950483801615474056324392553932167566542842799534163203998532459319792470
[23,18] 84365748610480131762991381384329745941746922285464335564493035283372404428867376
[23,19] 5425073496359738251117016406818219648397634282076952798363087676496692728155910
[23,20] -444065306429754503619644211384994296633320275482238829191170349085902313979636
[23,21] -146134229015547870996989088065055658184502749334993223818315525968034615194548
[23,22] -15782339448245597601323982177684149254862159771963082823424740048129606011372
[23,23] -672451426456227461303677503997675460113847303942647795060799331324626030364
[22,0] -629358400925800474451025725748092659566391310069238537150814980815339412311044678900332
[22,1] -2972701037694079447075868199125230748640775845452390768039527512348791663239721774809352
[22,2] -6356944993781801673511783836082582617949369067316151216117229839917625357785310627316718
[22,3] -7890944609243416242639454330181075008133857644418902687485350541884216202369015235692328
[22,4] -5843662508644373254427461147256244928352072929914340309298844849037266296218149020259414
[22,5] -1895753753357493027357210203102437400206697200466286054510760720385879325609996158121228
[22,6] 1048747467014169790896046371784044573472484775124229950752236639655710782187109862674996
[22,7] 1859464727723693945535454011313440685224380190851222587472302024466883604706129668248776
[22,8] 1338136389412193326944945709446941151781154041634021881831509134304613181951270028325590
[22,9] 615320223194298638755319924180867776836811606071700727578207964308322428328952787288476
[22,10] 187551448468535008720529345878138542962005539605883340265313074119302176006444376294261
[22,11] 31476690014550374631609582961043708460455803453998078776134943727318302460119758348944
[22,12] -1859022768812750902098457965443686925023430886352071569051465976423461921681770973166
[22,13] -2973768240913608030689262818008142938725193538164767427622650501065652946852962109212
[22,14] -963556007626559996498933453959837693937980455716040426190075417496932974770655474660
[22,15] -168179254321039709091857266565278638737934662371235909858061354561175442705306594664
[22,16] -10459602200538133801866033028122908819348488227193590367026684988097039613659992510
[22,17] 2798243834986292302459047793703799250854851506616901239624327923074953251264925172
[22,18] 939590457283310123194211819903193963164178866663106519246855237807949252581366168
[22,19] 136108772117162897062532728390375554948283926340316799780247222360424404262585312
[22,20] 8867536292883876765619812668577034020159965727276631250676634875217928877958782
[22,21] -442821550737788645909589305318686259187276506747306340234003943736487892882308
[22,22] -159941039557596128282470321574698379935445264651383930886664802028176949734243
[21,0] -3587104565899003696059133731734772150598937191815152979493720316684616068733486269499864
[21,1] -21151187001424533953457883722168627275616536493575064194333504789434403242080594079962936
[21,2] -56320568052966815108483704317206815777609468814711611082665837897798083528471183435999720
[21,3] -89281184705527273581180026554897332061145112388091481310436574294304282631898251287829004
[21,4] -92670633861831504746970254304974692123546098370444543871360154894706220392395297210535572
[21,5] -63924699308461317030850218713080797504720989525104302381905074855508609608501938845135570
[21,6] -26402395751120614044534559246371819725959110583780805868217821252042297794533360099182108
[21,7] -1893685546347288798034446245704878986197699917712120415409878005912438719083674845582492
[21,8] 5934664447657837019902238097241736349563121792380325648278768197917863044026230530175268
[21,9] 4876678173652050615842906936541765306304630610842562961567174585905048298161345859088350
[21,10] 2221081230400849530242554981956765663437468102854762105758828535819915331278530131162100
[21,11] 656109660067534087402802875883577419165862155578285795938449884732263059313195284973078
[21,12] 112071314047515658824317348874188274492084553971187707062643727887638458477170213885984
[21,13] -424491221109600103689383501190934791295505149192865971387901966958798780557356178340
[21,14] -6668678866758592507973720994756731956924796198287053027521798144256660102526374868340
[21,15] -2159435382296081653717844555290495083079564901865217814723466387375126248427801804438
[21,16] -369957696897293315657039155716639699605895598806979712377429301338603143670412758704
[21,17] -27434863489767705941274244951820100856524994068058212746356688505994700349091381864
[21,18] 3259905565357331197093075624761339466249696376659485202077280207242010434638888772
[21,19] 1250513958403311695182932321719842577704449007345784996582518481114378091898266054
[21,20] 171995179109247634699519925217168987353970795378460594363799139666165080022923992
[21,21] 10367245114981272484730228617866508138442689137825551625642597201702055613082738
[20,0] 6394028114494053133681541766240294364054196527755736352971953241516228772657012200586827
[20,1] -25166390361426834161575799081061425091745314296788634687600856164002566447521002762266552
[20,2] -199593731441029387228974985654469841982283306482271156368618125761102474494006779876912396
[20,3] -502582559282323530202215227471636179987892680940526566913816740128544337247186848231021312
[20,4] -722384860695020318002399463475592302064844388765853845888849638285030924710810010965336593
[20,5] -682183545499720598205577724463962891460685344316329806388741714905620402283858882535649572
[20,6] -440489374204795714162185745355473830219645006466105895702381607988375206116991483632842394
[20,7] -186560299640798244277910910111787819709181185038649702554068980182351672371760644177866052
[20,8] -37545753670875773243401216454220582218881231991712478208391720875549246551991403806404458
[20,9] 11474946299632012155579475838907199784735730543040136390031714041211109085346478130110788
[20,10] 13535526293983725423878554167367837570568487502983828618315363287938081451583624695671878
[20,11] 6248191828454999827094353096150924894760878167644849582118621449996827439092937465764476
[20,12] 1788574963439861524536070414811490576892615127981309978494691215008628283591428276259478
[20,13] 303161181390331931914000510440100082287883474421265116579340173518858601062570072276400
[20,14] 8438208668046737115677195357325368759208861830324636548284973510361468425505813404182
[20,15] -11608749532518799689032698974344910315628787714045363851261434278578486544590216950412
[20,16] -3733979508124193374436265031454633362677551487482206181465531511583340948663103963258
[20,17] -608259462381265488078388431663405777220576091585197420314721694624339562418555265712
[20,18] -45124717731358838313115866687050214619927547498018187009608601140167443687470993258
[20,19] 3399696584909213787174710813701039722336046693419591806856439131049186199862977460
[20,20] 1373671939018681944047251240259426388132180957419813638388864472251267537161499583
[19,0] 351831236614165921242013127990917509604318712840064604417741473675685474489974743816316924
[19,1] 1268570214324768525561289040841105965444202937921377139698960444501699165874273987108441936
[19,2] 1702705378406724793859872504764127375752366343275091208905766145089237250440374943606462088
[19,3] 383942335045835288271331668657024889857346500786069685796072336602387994470146992394685311
[19,4] -2059303196485909041725453094073615399335117851490479073439288317241659235169810225554765296
[19,5] -3644708759701137906890031558120321334005574431936174527417767456546034721513950100759309306
[19,6] -3411914278244232203320937172506217106717005085079209165993351344241709180836501826705638812
[19,7] -2101719629766001759619716870690485845463607372012433443180292580141517031726068746649906489
[19,8] -868504608434647082539837608980365383165903911205187299837638746946844231509973966908559348
[19,9] -206084139238913851325711566080889347642958256268683658327296736843606800674290994869560832
[19,10] 6204800393341188760855736913540895778073558282758163516703146691034926520109256611724344
[19,11] 29224054042388179204204099278304806667182097789209567831041183938060544071722868076472543
[19,12] 13919467529909761730647807121833331886019441726501041711873624948827374454327517632895444
[19,13] 3836339269305172055691132168825375993712951066020385825077300353552761101624023973246902
[19,14] 627965422295619437542345979009542949929772198164080265869174834229415358714785129937504
[19,15] 26681377760929865582568883957867172089376263720326427694371739862621295320336882747708
[19,16] -16399305702444220220405355697482573177538345663328925318816796530501548213796315261892
[19,17] -5137706403029486640586296505105748171358396613253459509658554387978097915605382915748
[19,18] -774802730519965491240916049867237998942606019556970261492540579566871900988531504196
[19,19] -52815634152213988900250197539256791357386556249543052399266501064049841080905001069
[18,0] 3754609529302239401315505968746834800392230236305477826044790972653893054492817439679020258
[18,1] 16397697952206966932439390442173231109647806577097314565467881362223495612315237142000090132
[18,2] 32040401562435001930097331068184416770707479837077853359273014068320250800702982825572825596
[18,3] 35219309425018138732870926355906848040774294866349465922946940505531762510885643406969915656
[18,4] 20575204850503333259606865734085481715963858828412232342319154728337205191106536255167508792
[18,5] 180052089199787550992689335822248687556262794287719141267603562319204800432809850135742680
[18,6] -11667229403705694256282144647607314078493257750124174990226564109772632420212285525344224723
[18,7] -12153363012446957152130080171043532837124490526635313521924663766235102838635121617024620420
[18,8] -7303565942658215048132880614046917180329763164315872472137060757441541343274612441624201782
[18,9] -2899273280537442804474282622863881651899349228308228158041996301751394472318638420278911084
[18,10] -704495224749711322300043642333114440606791450436561482041755311181146752776000801736031885
[18,11] -37233314421154430763707642365785583616414824654521525215813981458455579854445031131236704
[18,12] 50436629535810661449031703450205618340279945888030991359652790754203004116541160693919114
[18,13] 24980461719005684557987392812968628817456553818345680222252898058032896736789500940291852
[18,14] 6555702774520704751851159607229451464329525967210220829531179349126046022850314480217378
[18,15] 1011392630834492514463682105017358453079625943661644703259044050926922785528476427951584
[18,16] 47116335499836049282875377353400928527300460669410844325090509491983865170500669506322
[18,17] -19343553802439291346634394114347143745653342360657525000484668699156877908271330846004
[18,18] -5706246854837742202057760671946442717814395345369126958227313153282052013416851886562
[17,0] 21710100060700582404962973699210162610923225990483028572828873073906805598823173678267746076
[17,1] 107456576456375763218257133979948645607949224071635164726325885399969100383338206314752628844
[17,2] 247017382858471389536910618210126772767572064304145328186038165256614995113065818980331074972
[17,3] 343085396425205352429831721680905709779363203619628219501438355822329122931106153089910464620
[17,4] 310830527651668652320612849350048799519832251198269701776436916634026177223205326150292841648
[17,5] 178621263275324265213163775943036556555892844191341608431152176034363976432236658255967125916
[17,6] 46391759028737933561937783094037238493846533592917095935527672341318188695767311141540747652
[17,7] -21730634477848021605622186942385268562313587561976358053329342777145058326512793267085765900
[17,8] -31870755181665996251796811692728373735271866667998317138398403306796472813258230846166789296
[17,9] -19173088132055305334285201319176953055504272010431216999987407266902676547762466814819895786
[17,10] -7276783134470383730892506315046139240729451322186154647657008923201903393123026902473503780
[17,11] -1721509080531572202298108440539575625897016570191826289982188753953677461271080621724780268
[17,12] -141832726281931934531713556663918606623839971275294172118250660989726622635074598326614020
[17,13] 71686416033252847048007627433849565597397894091574605145878170623628714221167475047039486
[17,14] 36602658919649210702766873236877542954404123753414257844356001751233215286610503348982424
[17,15] 9008410678999426963395653055108283999975213347892128978186506374506657914515569865868838
[17,16] 1280217841412787715375892268927956367145799967282459857014051304827046870179723186041696
[17,17] 56277295109847173025821851234567497832741406752193576072340009271082017241594883164517
[16,0] 37629087103214946227763639451593863274578733971444352907799810574607585836927419332052170137
[16,1] 286367280015425250539756850432977216822752565058655342677661401185257983515388183963287770268
[16,2] 910191433071042196592886078735819330730033894467623719121172692017899745269672822943381051494
[16,3] 1662994162562851181847664321988861515267561871724406113553065842517069975723117740177319327636
[16,4] 1973912962557338684417841603897714736521735094907960098593106997190085648160635618800637478342
[16,5] 1596318328756496417582269776547329288951200952205315975018007224942973011769425227785465812224
[16,6] 867732771753822256958692945464396459051187036651226459469997495096630872737354605700946477522
[16,7] 269933871290431341566560458666025970440911554436640785406246035388957174777896854100249404756
[16,8] -9399954110663753758498875601802669259918396421162513315868267585411727730656576504192084579
[16,9] -63308685389111372891144914221813136482028912486535904963421813235266496425882139399063235696
[16,10] -39190376310125891036044569535725688259067690441351887449283433399260113646114093542559560530
[16,11] -14172989847940472194467925846816027082423794508893516224277746231695951752288392423815379204
[16,12] -3178179654896613745870559966302811012197628819313315832045129052127027147792365297717473863
[16,13] -286988856231376468241123507202487480119910041346026428884309266079241618877987583411847972
[16,14] 86712094419988559031337284029806217727835954363187638814377859314984129737660810006635556
[16,15] 44197758385283147273426957443397605083970333687207384648209574468129573385457124792022184
[16,16] 10009064607807043553108303311773278070034350176779477845184907237816091164678913150099630
[15,0] -638894681793787419095226416058470325878874556545128441539894441231039418801690651022985651776
[15,1] -2116571752665548566492462827760980686824816688822385741793659948313715805699903439152324267684
[15,2] -2326892042529640518101595345789271182965744135456545013941903619997547120058557097582475425952
[15,3] 602882980697852205972306836033772251721811945618146146862344686499987052154210076737466519094
[15,4] 4782643565618874630146703582270698886961578780801390747244388314158050611398644198368012239012
[15,5] 6678941660442535915726217310409021469399992771555783265808327535249859792028162614747227045364
[15,6] 5399572508266270432543510134924571760538918261607726397560781090861118987651473598556688351556
[15,7] 2839352565441704103848494533385360651707573650120772369097711817661873950263294837594524423339
[15,8] 908377645742508451142854769959133071916102006123178563672859307864535442197150758234981158876
[15,9] 73061351123450838463710778728685064675111821941181331314073608484424850397815138045051380204
[15,10] -98323084822565562418884984937701178577785823033210798294313200015012774275363342890282056316
[15,11] -63969192734958029077333913274381372298274200455960588833000076007491100937451103209803970467
[15,12] -21874751931527916744705385794108000342812361642442907426655401356819988705254737672700485000
[15,13] -4553350308427346692619186011341751047008427487150721623606628313113430499915556077574094876
[15,14] -397025047399655095520791054668314587597593245346213067288134418942320036604452714596785260
[15,15] 91993300691860742378043060547106472610877277277019571002762271411156378886626318900820698
[14,0] -8254734326120612436075616879230213084229045707288718212486847382498293698403948203801373090816
[14,1] -33875912379166871211718128666307217008488921451997223319183591753282294889908076388981298608768
[14,2] -61802178936095916098654246339679645945902695426653487481896852176138424849153399624522567807914
[14,3] -63364541650688034979976004338247900880598207579139573049605323822711828244534281680009032786608
[14,4] -35231314073790787644988328071452480104781823675188145695242004289068238894838894888049703970262
[14,5] -2562965151371189428691142396268559326144590790547260720095271615594903959285776854251377887644
[14,6] 13477478936926968685428474677837024256426421887209573908003733187131699477709416340212688796267
[14,7] 13021666249245463849594270083121101492451601160776656682991023632027455310830376073142514902852
[14,8] 6792961801989376546746951576154755943630624563580478085220448636318036754252267989670459290766
[14,9] 2126345892040633466620813222533349342775882600332228861848675548886817393994744979168678260204
[14,10] 250090806206057900809258641654638950579948854501115564386052928645896968840369572869699088943
[14,11] -124725199354279918439837740528186821943229378889468535483866951433236444210735398128074742860
[14,12] -85060192667270840690300104875838992766276689723087278894683968890963884159601633448019245596
[14,13] -27094259348429679574209415871183840514639913467261129197750440722264423199799575690111462848
[14,14] -5126729017101031978884036967189408054171895911506521631381168083996376170866121958519712809
[13,0] -59555476457401030685271637352480539686581529021558322441663176460461749829059035939028443201536
[13,1] -259489295997652884290370630821164355971663809354346219960203735013758606464093907333646939731968
[13,2] -521231439005720787248532247835160777224486274811786813407241341373256089904975598033946216680384
[13,3] -631524735598426340946334828271232617026137971600019918837551176309614594345581518657195377102408
[13,4] -501545144080959713257630279456405080650850563393415537417521767945794416454367829812298050129164
[13,5] -257422408829467179605226879986893381414888949422465039921531019308279488833450764439318755418226
[13,6] -66710454312611675350898650358852301418213829451850653405646059574968290404185595913609582338620
[13,7] 14263674605463628564473206319320484748530181395646135879857386986461136627175993289752980777784
[13,8] 23788985783703460433940692134788307184373447107747130287741480884786291939998397394691369598464
[13,9] 12411520236819009349612092942907047379190959578808885376868083039930595472936979390707643471262
[13,10] 3677541988781017733977899123270068454017953827267344596624304584936243630951523529592645958408
[13,11] 454633194888332129468257770557002129166199916534412938759568124621126825629210690191932531834
[13,12] -137013039736595392645222057951737414328671449481792297235487723290878933555318205372347240336
[13,13] -93384394874931745705020542731068877356665551001607600098108138032335125990709737929018238832
[12,0] -314323367187116763367135451266287336036367626890319114745269584643069551387252960430435226091520
[12,1] -1414586720724995362149349225693192225573033045346214720159424837586907475990257632337142751428608
[12,2] -2982475025602118487890469586533336903807580053959048724985439072448886587218380496832240949137408
[12,3] -3885919738724992395314562953434973445850523750208782202510901941886147491818688408862399446495936
[12,4] -3461068077933456185991578064718293397273927994124801981492373810537358566219513936312624156939287
[12,5] -2182995216678916485633603052062945643224936141268666349894235163601809479541734624405092497623884
[12,6] -956005153398397426768837170305530076450992241278539185319572757121939584201721939843953959468790
[12,7] -249871258124224350900942333404447237536596766414699227108724113528315303486217105495546625946540
[12,8] -209778008854449935530221238257680515929250112829632057304531320086372271421350242697320752397
[12,9] 34517847912554815589293143367997301317353519197298992809482967421774284988718041157964291389584
[12,10] 17704610217487862127240552367802124848805939699952743348933460255197463787479749472198122655464
[12,11] 4814675858661860389591031769235656239969351989000453034083662158784768355450975625585425210904
[12,12] 547869599793710943424008422760283407055456974359813340448167208060371851562624625520924894586
[11,0] -1301216711014395620149108784672796338580519403225883753161109257081169404393723784969447486259200
[11,1] -5990630645936681653699113949612200088644800241624979200448243066144227912539720980245476781588480
[11,2] -13056727482680880256817949994734897435641147634535857949974671257281393045929560562072361645441024
[11,3] -17828833309678973733842013597197836671862142864976721783010657874865844857033119681443794646953984
[11,4] -16972706973373586137264283171788311347327604621984967203441308809714502079405236446253935317417792
[11,5] -11817192298180333228663454582708482114965776437522814585433766081148167477809774294049671412329816
[11,6] -6096211980852872596527178672360213785037274936821356556183689070056286310238804361566272487533504
[11,7] -2268961249849219792040540348681756785239992422907633616221857427030741631005518758415504556912190
[11,8] -535730826411023171188132611883968785199369576208208843189962179580096944631502336608336822906728
[11,9] -24399941493925325157610633613666994306894952663907723945681235947852744828264772857289581042024
[11,10] 41178590555196585232980353769067034348009593909700172714527817568903283051976372225367501560120
[11,11] 19911576455031219713810298214027361642386039542935582515505546053078459123653574999476353510040
[10,0] -4332477557387073269506914872292849835902847394355168746549015779057677644271336936143572697088000
[10,1] -20326063382023554653226850910702053577920134587257645130343308795429024067933890226781414857113600
[10,2] -45524857554937451737855737556704318666057063804948299549045210110847066617860803944566477957365760
[10,3] -64510346167382375189700952331289206984158888000217934600380939580692465369714925547586515864977408
[10,4] -64516526271732627197389915550451322354002591335811113444413378510870892596511799229160528650823680
[10,5] -47999564842787772746059424463180158933287864853198142006905500990960416675485993709033128985124032
[10,6] -27193931590663473006975392654398685122480137778514961249294207340379327482790447340437296194672282
[10,7] -11731521150848709237569340498696507680385440251381975716236323492047910082054454778405764058647056
[10,8] -3726852515763385588204453917150719389107459423260513486695203649853976186027382374888067448709372
[10,9] -767381376894897784122200502815490602840637044767006974799459512371550666077725470291382529196792
[10,10] -36775142703826427100567915258363120709572793040289295496358034655074969025460292151575481427414
[9,0] -11687149702341174190754728497948283078107058261099273196809330691577319955971625556821189591040000
[9,1] -55813886496176591558111212512668644768505889872401058413653951687194817474325188429505168932864000
[9,2] -128244117142017851170943589174235237112872201564977884711821901682983844563814816155810294189260800
[9,3] -187945262310330843546083193698671389472779547053925329967972777344310647080227928651468636506030080
[9,4] -196116600626718343318957928066069110228251207734663844983143566819985085849295978104553427278299136
[9,5] -153865323822250960707579966804626924307890399266465462305694132427562282351343661872137488825067520
[9,6] -93295948644407657224013741199954610828236479574107430381663660685334719564030054815483548774926080
[9,7] -44135485998855581545057077613772855481157570902667777650866678348299842944872562557266620405251068
[9,8] -16144173568111742368205005683389511644002936741437001367466971603992875552178451025410495549895232
[9,9] -4383033726726577545066853642717271891037376322430405786327987726966775613501712941024271774371556
[8,0] -25463017218244041976210169376044598365074594234629978917494215399997714109071640332166443827200000
[8,1] -123866866614527357874425306821710169346842728801925928427140742100288620567941798695759238922240000
[8,2] -292310261613937968652696991081702669416255557864544986945372761270273894756666263240531312115712000
[8,3] -443259680953954766398243874957075340769937651928910343097870643198142439245527363425664349555916800
[8,4] -481862855978858207441839524507280373477407226890929702737867329687808208331491518379232247839457280
[8,5] -396615257465509952265035831288043547334913446540341088394042112247462462292311497517377002712793088
[8,6] -254479531890713737062281468525513778809426631909613251959354845994846259593474064492435548442092544
[8,7] -129034805866390599583329350385458217374536566381771785711271780434845160264768661836542058243554752
[8,8] -51739445477831166771953084855827076990053072908293443998001520310112593069401072054058257777205756
[7,0] -44279872710621711156304222968634099824039637294749440965211467404639831809668634816142114816000000
[7,1] -219906258205612002923209456900713628287674621954779839605929007738423100096072018126190936064000000
[7,2] -535060995162384304514356887128414336147308804355344978726173293618082994466772161641059912253440000
[7,3] -842810239722779427999714123875759774864064197550094560330992769211261603892415789662206993367040000
[7,4] -956779121301355285587671454005497057455964750987586846299793907338822539906991516717762993140531200
[7,5] -825824952282634922452703041912616319806075134355835624945054180145550485922826515298486298167214080
[7,6] -558140299087574656597415928310283131502694132693638077902182111885793690569918988851899834368000000
[7,7] -300068803631295402447075718216575879466662668620997596655537235206947126618810562819414728690524160
[6,0] -60142569245302835094325644096191419170656768850247729895554109663629549492562611274608803840000000
[6,1] -306203164853911025064350639813992421777018686947454526538983969941145249632083450570291019776000000
[6,2] -774028218467068442597221670549157641714017461223620306370436658923251358389436818743002503577600000
[6,3] -1276772709618013716624773873488569230275168200639244904851666133708734591642534891385336585256960000
[6,4] -1523183675073175859581834773651600942826212212689372699137220032230608896238433030180090928955392000
[6,5] -1383124543343345370644230104928867111070029644007574979915474747483842816869222592381655827506790400
[6,6] -984128897101457375487717544637459488427235358707554409692090198512659844334640942398175648782745600
[5,0] -61555240181119300840114451368969817225158596330594634160674412686364222981173013166371635200000000
[5,1] -323661042095900285727307235779564352967081937770311353526759175593396662504488922921681551360000000
[5,2] -862132906340266771532604238404245260304846858756842794934637319753703165876738059117766115328000000
[5,3] -1511126546996260952703424901449066355253205334126087283353792843863549529187283187954749748019200000
[5,4] -1915852650102125655027033884746188746765716466633791992979289853881361158108071804106224781230080000
[5,5] -1842412355007816069241718118137336438420983804007836927549875185972503850901576483504081409671168000
[4,0] -44680370906963813423873207170429197445369646001659954629842209795520307757325798705463296000000000
[4,1] -246095838877313799015347047640838226702984303838196016247553295701419496899203829717375385600000000
[4,2] -710468762677559697202875662389345284184772308952923910925188700638269016173069334166456238080000000
[4,3] -1358194992591939512506681127473764954838117022654083505082836678261875361238325868824344133632000000
[4,4] -1862820421929635103065170001506966020626934023318489662800057253234314067372908245955032750489600000
[3,0] -20508230092496675356665967308620610576166487769867739954569816187578930479922827797463040000000000
[3,1] -122308140908510475779713327948440275051205837134122278383304156306528948005285297192435712000000000
[3,2] -407983890375306270887280798212676646807757953373975663365495586415878571741939539343782707200000000
[3,3] -892100715805873865136182702728684469145974368123089492852556872467711576535542146510104821760000000
[2,0] -4475482900511813836853153394226988859199877215039048286791995764172984912693766284902400000000000
[2,1] -32405906399283567092576870834474512489535349940568145323691395232766645988752317480960000000000000
[2,2] -149825766172785977195986977684378799895565121439866931485304616458877337579076106892345344000000000
[1,1] -2289781949099067544436497085418459416334820900717652611847067600274550420447973448089600000000000
