[42,0] 1
[41,1] -357903079933
[41,2] -1289241175317788
[41,3] -306539102036034894
[41,4] -17398357650894190088
[41,5] -390378649547792741725
[41,6] -4487683682473165279776
[41,7] -30821043823732853262658
[41,8] -139712688030564820329284
[41,9] -447777115121741548992588
[41,10] -1066390876063058598875620
[41,11] -1958648846564545067816726
[41,12] -2854986070801318039852032
[41,13] -3377631134718224631047419
[41,14] -3301923549605795866909832
[41,15] -2706212737079481273194502
[41,16] -1881614644291978220448044
[41,17] -1120688142160446076049389
[41,18] -576350368726865875681920
[41,19] -257618440074179147372056
[41,20] -100616702254760372526440
[41,21] -34484494588530805388844
[41,22] -10406183060748257995464
[41,23] -2771773895553992520120
[41,24] -652774921901104662432
[41,25] -136055871710160663439
[41,26] -25101418011698672732
[41,27] -4096813808366760990
[41,28] -590663750711131704
[41,29] -75052013154658995
[41,30] -8376085537326936
[41,31] -817279549765250
[41,32] -69293308521076
[41,33] -5064250420212
[41,34] -315692138332
[41,35] -16552371170
[41,36] -716248680
[41,37] -24906393
[41,38] -669120
[41,39] -13038
[41,40] -164
[41,41] -1
[40,1] -63172817590571612
[40,2] 22093559188108291742950
[40,3] -85416984456214778159711632
[40,4] 30442269221444089097818485364
[40,5] -2001409926590753426075763209516
[40,6] 31935555913664159960828898580704
[40,7] -109451231678432052644614222692272
[40,8] -125526433400796991056787340393484
[40,9] 235614796905756424861177817879584
[40,10] 495313554675827579841513853002290
[40,11] 306844407521942110290968414651264
[40,12] -47192007836962492190280546747744
[40,13] -218644625767456357839036636196892
[40,14] -186282789718625015892075088476276
[40,15] -93254172871031224289819381881832
[40,16] -29842125721456789930699023900240
[40,17] -4779579762991306232099833387900
[40,18] 877639468296946638317887292866
[40,19] 936793663718737149737568567584
[40,20] 383940506611087226526732692332
[40,21] 109468636782326456998803689000
[40,22] 24147993306370153351281751928
[40,23] 4260376139764388867707885224
[40,24] 603031736951867828213874204
[40,25] 66697917596436596136955612
[40,26] 5236421755532865551349962
[40,27] 169627936373102085545904
[40,28] -27428634947961510867828
[40,29] -6236654341918179872180
[40,30] -748383422609740534616
[40,31] -65000866143540010032
[40,32] -4364564214644280676
[40,33] -229741645769251472
[40,34] -9392381242790719
[40,35] -289648162526392
[40,36] -6343437183444
[40,37] -85422712308
[40,38] -346814162
[40,39] 8231488
[40,40] 104304
[39,1] -736000383988519780494
[39,2] -4185432238354524129825869968
[39,3] -83598058102170452473910700366755
[39,4] -63648996056224974683446277804847820
[39,5] -4706450022644558826558774225406917120
[39,6] -60616745536190346864516102510997648648
[39,7] -270784064110434358853158562719462888731
[39,8] -617148903782921790999458368966669049408
[39,9] -1063651080495697060199596146034026117074
[39,10] -1064148448297567683976346181720387695492
[39,11] -925815810310187771046682341642840631119
[39,12] -704019597633184698832242716472224411296
[39,13] -407234582438862089409514492552736229498
[39,14] -178130984839539124453766227989400578824
[39,15] -64712001851653815624635347060420318566
[39,16] -21981845309578397396922003195515888528
[39,17] -7232191709475199467267596771840783246
[39,18] -2152802767003114328122500770532915336
[39,19] -537210758862403573366452010745539340
[39,20] -108201585978509453743948323411325768
[39,21] -17447720766653814776826852608035688
[39,22] -2287727198482743867572771320437952
[39,23] -257755216435111907033802317355726
[39,24] -28090126083896834216472937796816
[39,25] -3326796516351774262981181610666
[39,26] -412690204161146681616778405968
[39,27] -46797569827800564643028269855
[39,28] -4415937715235149302182803932
[39,29] -332605403285712271814950664
[39,30] -19552545413191416545798568
[39,31] -874191655110102808563869
[39,32] -28219578944375469297224
[39,33] -566000563150914943314
[39,34] -2019939403945812716
[39,35] 270682883083758537
[39,36] 8264671539631560
[39,37] 76962889502646
[39,38] -753151848152
[39,39] -14922725556
[38,1] -2046899379270050569663112
[38,2] 73091888400687257923862183358964
[38,3] -3118800806755023759488867612437543180
[38,4] 1874967157909292331179356299186861462060
[38,5] -27168054933480278363244578491134085865680
[38,6] 122715196563641858506301486226986454245184
[38,7] 1545305597721331877978108926605755825962540
[38,8] -5298804299459927121330639031102079214111924
[38,9] -25641026244384959972428793383438326399876680
[38,10] -32408293952281020176051720085561581303742400
[38,11] -16409472111357228009718465535743881363837388
[38,12] 1338261977708907906539035409948647563049530
[38,13] 7563073821205350057384712128340653266075952
[38,14] 5734093096056579337496508178463607770138464
[38,15] 2595467040994701173851438772333508773374168
[38,16] 815497063612093672317346606281345948111580
[38,17] 184160759780375577943934516497564268306752
[38,18] 28492090625248031361502633389515359302868
[38,19] 2026434922626661985974859326751603271848
[38,20] -396671668295051907136891097325234300971
[38,21] -184028707532376925024631801764964650648
[38,22] -40575404636690796253137914042936481972
[38,23] -6275643104472780924041134601635723528
[38,24] -737582773704210604095709344616054338
[38,25] -68324191593724135315249076523290040
[38,26] -5174632280992295555302334346653772
[38,27] -335678656242148621842785424588012
[38,28] -19191577038622083828340110115939
[38,29] -919583820010502762128203039184
[38,30] -30483999771685671530971803272
[38,31] -255311755759496545471683036
[38,32] 35918046178122195761162732
[38,33] 2099211562944778887588232
[38,34] 53694872099608617458148
[38,35] 604525605365949762724
[38,36] 1491391593143103441
[38,37] 41738309469173256
[38,38] 929446844720608
[37,1] -2250455229291765145289021725
[37,2] -235463876453475549824387465836347884
[37,3] -11300186504369585742567616915202008005120
[37,4] -1331234691740533639798984346065570207418320
[37,5] -134435309844540550634051191033897693177303111
[37,6] 2550330206937388341612104732326075726196284312
[37,7] -7563090678892461422281776054549104835377213856
[37,8] -23362037028695034181767280193517112745301446756
[37,9] -47709807317696841496417960887964058447986481736
[37,10] -73521522904912714717561811977284315019238460556
[37,11] -73379184281597139336442093513426775558311788576
[37,12] -53927898817535323001951554713146934354766783120
[37,13] -34167637294180696383880652639021242135424530105
[37,14] -19203918126391539418667535352209558418557603728
[37,15] -8955282663786954604345299167783392961174528894
[37,16] -3280662487888412337757523452582716814685342636
[37,17] -927453439709650107862812952002958865389884905
[37,18] -203155573575993694374599364530707936213330064
[37,19] -35212116116721358671021405206249177222319024
[37,20] -5088618420171380230433903753370482561371976
[37,21] -680292895608107955165436617111486358520214
[37,22] -93810910811528904748601256334165906477456
[37,23] -13175139728520163794088816372181536981700
[37,24] -1684269112850353123334991498641542499832
[37,25] -179704038407846240615296959723755666625
[37,26] -15413856102296962864178240365294165180
[37,27] -1042222175475777725029356705701018320
[37,28] -53818133866218086420282394509733120
[37,29] -1978791825126401229617409806370419
[37,30] -44774730694788252968112868766440
[37,31] -480004708509782443146787270644
[37,32] -9793884852595182324261896828
[37,33] -781077999460718185272496462
[37,34] -22601101895976771745416492
[37,35] -277984155496205033256080
[37,36] -3336713252462843898088
[37,37] -53700455987658775117
[36,1] -1267659565639844298222880264224
[36,2] 184102124666647063006346395366940999904
[36,3] -7131499495587258118263454944316362365788552
[36,4] 294639186949304102273629868430994476642686784
[36,5] 124966180139932028738993131883977710583617931288
[36,6] -106009021905638466204663500107616428263003703841
[36,7] -7397033284421906435909327234749436301233390563760
[36,8] -24950415635051828081517553719317241654570078235716
[36,9] -30500524113939150960553682959994980358471334699192
[36,10] -29489810422572941622496558571855391588382369402692
[36,11] -24088913036058065406451607331940843493228723690248
[36,12] -10496935662316255925592688590049215943883928384240
[36,13] 1171522362870728226973744395270137283497269513352
[36,14] 4592953265199369171227145316721022882836597980720
[36,15] 3250216483892656449475202419523652438889508450632
[36,16] 1438356233723120547828275493474485614368714243676
[36,17] 469431441045453043343309362008673184226643206424
[36,18] 119358254219782152567922156572157760884652366372
[36,19] 23745105143029328053909253171429621870225193040
[36,20] 3531801815630605350743161997653937459908420704
[36,21] 334074154212159716906208789362718565842305144
[36,22] 2961761282944766567378062234780732680536331
[36,23] -5475003370419430024482889382466631524862752
[36,24] -1119640540860340879704658573460218383889548
[36,25] -133962126890334388368504355797325540391496
[36,26] -11217301297667706716468581499571532965670
[36,27] -694206362961051412465694449253813617664
[36,28] -32871346103980383720826895620194530128
[36,29] -1241436048496790707260993876937262008
[36,30] -39372632474741999469970918156675398
[36,31] -1067326643541692934568181361401392
[36,32] -20334543715249084661588797802740
[36,33] -5356882879698211428731992864
[36,34] 9159976354590733453039480514
[36,35] 121547052871914041381106176
[36,36] 1209933784826515740640216
[35,1] -426602919398893641907639266640258
[35,2] -30917263921721782000368511063940983575728
[35,3] -1561016243567896102351047335523722380419357531
[35,4] 181803658266316974112246537106240567168666868460
[35,5] -18158980720020799874898544306972400709740690468256
[35,6] -362454630936673415359557034502722378760436137624240
[35,7] -2681776287924632169423442342741051627146762320312795
[35,8] -7790984917815123209054780628151236058949254187845464
[35,9] -10134789387672895367571188290106745438429569768223966
[35,10] -6066989490275689631129307167589918139171556305129188
[35,11] -2942217143681276945432146521256351225312030622768779
[35,12] -1999768684483445731641862619930763674136183580606192
[35,13] -1071673777092959959063739340295417209308137870367922
[35,14] -205821863190454070302907986532274273262371479944608
[35,15] 121405440537022510310480550755399521668563971415509
[35,16] 108337833579590957883238856708189120539541273024220
[35,17] 41525457736146700101193738334628581448026059554572
[35,18] 8988635135038093797649754804072232750382904784472
[35,19] 647852399057534250208861665685139918495117145641
[35,20] -296387209833209998932438030977469078534104882944
[35,21] -135558983088941929268042056690138602142532079222
[35,22] -31884468499914756899423752318016120123447520452
[35,23] -5141906566476235636132309074908885467975627108
[35,24] -603367127918385405185123289156567041675827116
[35,25] -51786161708222621002582626832892484058534796
[35,26] -3163903565254097380552559185016342376879224
[35,27] -128064930846494711682593352975581843874796
[35,28] -2821231614525028385894744054577898812772
[35,29] -7483575701396091576254084840597225170
[35,30] 429867940226467559450045692749077156
[35,31] -61613284886720754490266862630249151
[35,32] -4454169121519958020606018641609564
[35,33] -137874604418622800430930484886116
[35,34] -1823640056672046914946357731236
[35,35] -24398596605395823530361842818
[34,1] -94756368592083374476804578500010116
[34,2] -1737447416017630295513622078767160392998284
[34,3] -174329290266157874860097961638993712432118102592
[34,4] -30546552324330887328973989217136297355591633587124
[34,5] -2748520294388942076450738747487094797371969909396644
[34,6] -59905947939759439223723646480080697212622757843954116
[34,7] -381758260972941037243684250779410566888513455204427736
[34,8] -1059506690589475622109390917641421885223908707121706582
[34,9] -1763736578158236602632972453784642002410614683070909520
[34,10] -1345051367010243664856040618639933996897808810762131396
[34,11] -415693223899685576253874454649837836316958884500848008
[34,12] -15415108100766660001752711770475396346847234351099646
[34,13] -21336248670139420233264805985848136236752802463711740
[34,14] -52042183138890131103208130835946971026762534744524500
[34,15] -36266316865058367147657357845123874082841287691905468
[34,16] -15793689276042364829322093755213642347271006324225595
[34,17] -5602401028834961269071613703419449997705975505978884
[34,18] -1858065910765841389644886548772098721893438489349140
[34,19] -575896573320477955425054887049492974544510320157892
[34,20] -154713509561092856233312415288857134836858056230346
[34,21] -33848176073904201501549221836043268069323857110440
[34,22] -5823148428977842777921575764322208287199763275476
[34,23] -767999576872024751642205995742143959063123220296
[34,24] -74988605807314632067360663998696897622493364116
[34,25] -5027382169727938058121770968605972632592981132
[34,26] -178320427949205535622423619732181181017560136
[34,27] 3495622755899083421690621696618939600755084
[34,28] 849597608982986566775882907128865431921068
[34,29] 51197973660895603709089982829086866041436
[34,30] 1674684028790889107704196768305332150388
[34,31] 33644498423295343001948896573772248568
[34,32] 576503027367270483501068524340458695
[34,33] 9678412916264658061487545951881016
[34,34] 15196312216433141085561985656496
[33,1] -14880945777497070926221355570567117388
[33,2] 159799391566115179526072397887687953941814816
[33,3] -14722300086794912454913996641469692604756083769874
[33,4] -7242955272998176420066856545756293725948438752293320
[33,5] -275037544934866069555391757344896092105010917898174536
[33,6] -3588356161480827171358180246560449444193794056025239608
[33,7] -24333629319802621777538423084546295797669397013505742366
[33,8] -86423092329753593529015650235447458118120119470474566480
[33,9] -197921173200255761866849058830126402232363884921109899957
[33,10] -227919461947113335857125775552088905173898089988962604428
[33,11] -138725305436767484197804131788279590138951468879500268104
[33,12] -46951428593495342963247086835160350559145527550466074224
[33,13] -11403231506467784195008691994629773852290711975910119807
[33,14] -5959252204139955312977763276527155256608091881491072832
[33,15] -4676364900689207156535922605027343842927799967481578072
[33,16] -2639001863304882782117309999724910713407851730621785012
[33,17] -1083205788720219013814160243539365151697147343665846972
[33,18] -351107893292738685295434264549031550293834610407242732
[33,19] -94546471780046253289312331289545143437235357864599948
[33,20] -21491097221099509863771058410567524357257329100405520
[33,21] -4083375845647967286643102466262476684233223113483953
[33,22] -633386602953510753214140625402522623711742097890640
[33,23] -77754866777770984787532926445173710614401162235530
[33,24] -7239369447002724981566892033122389540405210178748
[33,25] -472989474363537799998082949509445203010754023198
[33,26] -17209237043663623518696391497304324228776713852
[33,27] 166354336742684668927850181256417354658954866
[33,28] 58569963437558705747603618577981597749213608
[33,29] 3050277966184517270036235554369284963450579
[33,30] 54854591177169054063453291314857527693272
[33,31] -854838144076346169249026710657847701688
[33,32] -33716547085921110410418105859658399132
[33,33] 394139173838794759018244928405991913
[32,1] -1736525403268720958537564158092849353380
[32,2] 16460720972724046709848506276161525593657386290
[32,3] -721730030571871557358997646397789496148193944896708
[32,4] -448572504287952989318007439934318140196810574521022400
[32,5] -20768010489424422413109237511174569228853823935932778444
[32,6] -170002888613858916438309783351590533284098271515008244292
[32,7] -713775246541444609412731858959786279155394427742143839012
[32,8] -3229468332191595039319353525354481526551638954639877481796
[32,9] -11168053635408553456999163002052356353521006409459167616972
[32,10] -18425401898701066711638581489324723142925509294786140644072
[32,11] -16569547706148293322669255201596559032087120748981173169308
[32,12] -9344704061452847902535241951884496990997624517273499187656
[32,13] -3847340440935475262749357182493457880653727601583517084064
[32,14] -1450288678045262522574166448144849078053627608128122830420
[32,15] -600839121346992081581950602489610430370101251229436154792
[32,16] -253368516831027568220615609366018256643484594863553483996
[32,17] -93837391386935392733081611257121963231679383918331837444
[32,18] -28974629072662554410991511035121994770547770437212871792
[32,19] -7476932854518647125699021929130165151456286799758215784
[32,20] -1627369738965008265743618884760068044340947365298380636
[32,21] -298100614136049960034448899476113851752659699582212820
[32,22] -45250948243773678874548522574507255396091566416185282
[32,23] -5549003909132226825962166835399975068094927376781104
[32,24] -530675074246567050629975935169101905839706574436612
[32,25] -37471346824370979666416404548690350314969747167724
[32,26] -1742134441384999399976282141951452522415753238399
[32,27] -34112901162607221693075894014295955917307150052
[32,28] 1330548971046015261810743212298294934452925880
[32,29] 89470995837265779906620712245154995590354072
[32,30] -632260888416132541441308317647030420360568
[32,31] -202960782937907733147562212705365070908828
[32,32] -6192309234418206197263672813763695484168
[31,1] -156285030348588768702636473528732526128726
[31,2] 499669605651505792228631265087954212987436657536
[31,3] -30767572544277359850543685568013916177237214996013519
[31,4] -11129282599194667092697990131029318263631898275713878412
[31,5] -1015662364216690864535709581825039150185960588384406815776
[31,6] -6804521707999848004145703987540215419019813538355002671752
[31,7] -16961296332110969016304183697885134800030019446168079947979
[31,8] -48905892098574108360692075715098771604853895802640267293192
[31,9] -333079458353678729558927720423659295923622476779680143717704
[31,10] -811907837601266372810793504878231392572268916700077485296092
[31,11] -985247435694542496467533182371681288102257256485243888258060
[31,12] -739198901872748934836964073374418021121217473826557663710332
[31,13] -394977325823168159511315521154021858450970751768840254560374
[31,14] -168844022581536667177542884353642122961847538081293118307800
[31,15] -63116665348317782057507044264247814152627078111993088347594
[31,16] -21396479128859114626817706052526967468288600851180645274148
[31,17] -6508704461843522826401245811788541307281592607000906500994
[31,18] -1742440573289822417842280756112794322962135824745414307324
[31,19] -407674074722819794807537254554952099152080522447118626359
[31,20] -83350000936812683294710203121300750446237194114178877492
[31,21] -14796871885699554950015564259558445651774161845055123910
[31,22] -2239149252032400238318313899979475068185992918467106964
[31,23] -280856362168070595922456328083817491430985762847842915
[31,24] -28221507551164596135073978690479775477314214660447020
[31,25] -2176868647590301643571062994388453309883464535132710
[31,26] -120716950695926445316577049115817094729035785222852
[31,27] -4192270772818021969525135334101037649047842990904
[31,28] -52729657353225720787630692093962390411313335432
[31,29] 1461118025366022419008506695610004007495302094
[31,30] -14510067077349616647299880013189572695880436
[31,31] -6250988408722968279248069035237170708609292
[30,1] -11162484633030234257694213789851376384365568
[30,2] -3765557256445903692435877063417690416874134075744
[30,3] -1146435085981320920636309437374702653159147034752031904
[30,4] 44474367389137057599429958518885816599655217583475337530
[30,5] -36575145248318760330983334661383462556934012758401143508880
[30,6] -145291101232538451157146488920626948604165752174381722112240
[30,7] -564885157091863769423522322388734831611773316841445656141808
[30,8] -88865030594407742344764034567148335335701283434453590360446
[30,9] -5523788622596133604283056519069780082932912170784783166379376
[30,10] -22436634451548287813987115926474677275385296465973671549562056
[30,11] -36220746191764697807011239595346483034939656217501325521806268
[30,12] -34053067035036128378729084838900217603696805853648998947573639
[30,13] -21989372681613751388670142803676765208707408420587841931834280
[30,14] -10746207304470700547306054731252687026993781102661611507193444
[30,15] -4221375285824771497795528753644190485031186356432133129318428
[30,16] -1378197891876180092883127147768562927110089358231129755234512
[30,17] -380226935136190460172887485908180564540813416429746060226616
[30,18] -89763885533468684007943595786577240163475099968117782973684
[30,19] -18455176230722382767000773608235465930511949786142543178472
[30,20] -3375706012272817035914883405940694127021022588268998543291
[30,21] -556204739432482911557419206298096022852766321056833037056
[30,22] -81736813022944068222425023156751189133331057045134024256
[30,23] -10380658408154560756731871190401744637626540456844927364
[30,24] -1093284126896956487338909289286652741448553840435364184
[30,25] -91424228833834956508261823236119491051353520918846664
[30,26] -5779184676225173015428920871405480691075787829659680
[30,27] -257410049018501267816005774391948021635583989488680
[30,28] -7054568490127967597932001622479176351148203304315
[30,29] -77315973875141596503346197734446109669177614696
[30,30] 624324812754580581331100982945828264948909208
[29,1] -647090731938657283059481084698986389835481019
[29,2] -854861359985151225100989745994952838358764846943708
[29,3] -32494170247558511531508969912829464819060889754095005498
[29,4] 12315812252451331960032585244116582598876158496964928422448
[29,5] -1135490717924816860679377698461711832238752470842305422338105
[29,6] 794553496857506523052494451803603769859599586646720274179848
[29,7] -14833344534524113668594419274031141778151866770266915939566322
[29,8] -6026962155823551595107114153789142759662670827384787220723260
[29,9] -65737360391716988795170302619333714933459348689438634573513407
[29,10] -452635755535617729187199123163172826201030398598699201423045536
[29,11] -948340559301426750986668566290806482140780774996985451199457974
[29,12] -1077479261399073818044836997380161495226663012608804254659879720
[29,13] -809187501683178182625806018642282760793302683375587480985795738
[29,14] -443550792616728706948489311522101254551772651753530297161268816
[29,15] -187621830201945238695049835946329624282469986291514438428916512
[29,16] -63207721340684847750458073723122162424602049868894854266437920
[29,17] -17279019456826354671938377353583522272055962167446652720264057
[29,18] -3891029794129762428064007918374221964590411026293909522316196
[29,19] -736048100946296510917275803106382145494437039893339949469956
[29,20] -120490378523317151288067560848296270549458085244606174831504
[29,21] -17706726398464835398079112308050296810435618032049951115201
[29,22] -2394208042875246958938113205328386812514570902894433771104
[29,23] -294918292440228009826433411446898452286585135439703198448
[29,24] -31711369425898968176694699440059236779159354561507007972
[29,25] -2820975347907557137169714662800969039915228378318421085
[29,26] -197226093485306377055948485773566312324960158864378056
[29,27] -10287437110987144239150543704229418796109378815709710
[29,28] -374286866520390936897714387215868024697785157313616
[29,29] -8420948517928369232676900128310073839334648837512
[28,1] -30996742398340487998032900561409596242451240968
[28,2] -35688286239301297519830898580627529188627191873250676
[28,3] -696460273930447206726878193288994467947088123680074474376
[28,4] 457536283295845049785308940494733792019974590469480318106464
[28,5] -31271921410174935389374740862202667816028859291030441372553872
[28,6] 152637296971792844522375613710570782543318217218018156016092720
[28,7] -139593136512536242484437730846422565324473905132971814068748192
[28,8] -720330803392417976984046711378726240787446100625704766680924500
[28,9] -1683341250218232707882266613000064036372029649639069289496335168
[28,10] -8360625621484007435398077314431874110012630488964610620928046420
[28,11] -19864330412695207356770742801321642124338401007726054075794362200
[28,12] -25801643738034152014081837409737701551812068427490529228771459044
[28,13] -21733988838219706640475976264582961473036859935922984560902171984
[28,14] -13073880853189100143531493570255361278644104200261918839386215690
[28,15] -5936197123169804599032165853190486520677904475521522639755193084
[28,16] -2101592972777751621820165203850070164212123426212500786498542680
[28,17] -591616118202748657138134828716937830207569191208818522761289064
[28,18] -134248142081722481280268480338249630842858312451124854499220922
[28,19] -24893889440960531260168474306570101068728529351054640355259628
[28,20] -3849666457438102060383010123315939812327900281821986187055288
[28,21] -513448840766217651844728381382881104322441446786273867884424
[28,22] -61816861363103488454695231177741641227323424316950925196945
[28,23] -6953368035783126591839959862392892548167376159979836546120
[28,24] -723472007113858936488915773247925388144176940558018150784
[28,25] -66007514814377342763986074258773157935687218400457849624
[28,26] -4951637743553113946962648084835079443913103369934325260
[28,27] -288800816851230306031589234233707035846692912097555844
[28,28] -12453379900878958283862686757827640088569659036757608
[27,1] -1244821424082451568325207082597768478837582748102
[27,2] -875421714230410246930662880213642294387872458128068968
[27,3] -12397604999841331896609439040145380162194810886628790068966
[27,4] 10147811667784487772467966393834492783556651483001853349318232
[27,5] -714562299079276842210090664540718901808215995679200658375656894
[27,6] 5292696718523489598318748306047862462242776980990066122673453768
[27,7] 4034658576138691828901037304975671616471192604509318193615341909
[27,8] -24596652865135398244622604549484310911515969723172169290985438332
[27,9] -64726909647115159094598269049691552588142712056990982771255856472
[27,10] -169722180411432803645889810343952726231791513096246533954472743208
[27,11] -363855015516647698322898666281580063274878732527095867699298238794
[27,12] -496640581001998541944146162337485366373434043647884030531183735772
[27,13] -450480014314870518106814656107137427902210437085926166667828545312
[27,14] -290873659035320425352576126806333839513217319300554609348004461116
[27,15] -140453793729109832297230196495199975018357139451120381849702155644
[27,16] -52359356479355773548906293894040476082792960974722695298739879592
[27,17] -15376588220381322932663777422864627458934565348954319667532578500
[27,18] -3604651088731591648179097897534112534287391343850515359434702076
[27,19] -681354478265962429748268377594044637136751084881221378087706054
[27,20] -105024135806466974938126261128497227994471721190639663093196084
[27,21] -13453737679204686062097557190074012600688045975061543164645320
[27,22] -1483256879021903754706420456429839505208871249261109487570096
[27,23] -148218179432240774000536721830430977879220281581069889300707
[27,24] -13992601664966684238148423368752829298064054273282563804120
[27,25] -1232558478856468311181073450229233286580085902637192763432
[27,26] -95031409625694417266340599806484248911581685225062251452
[27,27] -5969500450014081996731968534272558612154553873068710744
[26,1] -42410352763646766183700152253296193129155381534956
[26,2] -13726976053745608074873085197874710081192518835178332240
[26,3] -206354140628881718268966971575329971357405427499801924694672
[26,4] 156233931634041005683266583899405819622896313440053797666863580
[26,5] -12826803248442746656708801953758323795773210222237504980258157164
[26,6] 114769703632065481971541066699986694347085975147371607673615955676
[26,7] 176418801369165169760025500676186758985175061741433970802968074780
[26,8] -524870579148567792730330138367146036235338938850458976128573137595
[26,9] -1789831952984874255033354134407344288739633985346089620260092339188
[26,10] -3506946409149654959690161178258684220011796542925573179412793135196
[26,11] -6043975769647781490129873594796362214819722129298864717795629562852
[26,12] -7945036585285694875632744264583359330767170242420175044105670012112
[26,13] -7436325208010231652993641915451599287092006565025610709592154850080
[26,14] -5045924727639381643990216654444018464273308346336214388383000974680
[26,15] -2565608467488432903896408400807983328056855087761412069638254100008
[26,16] -1004494511157626871592972942138451141120423108774187121966283989736
[26,17] -308742501829553122686073897195929021450211721274734750567167892116
[26,18] -75467431285565733149566319745604788521877475989211073739155321832
[26,19] -14797764697726113137752922770740073970109889074971774128258372844
[26,20] -2343425246810328257245688823954241628626244670665227575144368778
[26,21] -302348831791809281513112528089533648092617056533623185286110436
[26,22] -32342739785102503154504013783940326033683060128407199383335496
[26,23] -2974231329094803583865249014944197267441842609473884763829784
[26,24] -248796457363135659421273977490292532711135034023358775129925
[26,25] -19793972677372294482991524985687993451038930107747121229500
[26,26] -1471199594564425504497496406319577682863272029811359433560
[25,1] -1237718998399001770516114839281076693606757698238189
[25,2] -107728574724567302224414108482868759258680332019571287100
[25,3] -3326710816069079210453731096922280518469509042125559075476046
[25,4] 1728805511404547101503025630263997058908430962352216878698442048
[25,5] -177682672027716680317816056535104397423265611592341770189924516905
[25,6] 1835392929066156353513674423616790336403382311613672309084232026776
[25,7] 3313410381812849878792227133394251736542780235448763624333341618572
[25,8] -9123026016302340413826352973844739395190564153046377193928716958916
[25,9] -35998102769128928531580490869886163211056608643579859910598061098172
[25,10] -63642683934581608012465234843901327738957186263854212853338037957956
[25,11] -90088847762806345361818908545163591714936515854177870147605945977794
[25,12] -107404698179102249148760975630897296105626840468533209369282351027384
[25,13] -99610108643732026239145029706315642777470482758858631048430956057657
[25,14] -69603044690435176763644424463719018786090307776526290384342897090536
[25,15] -36919188317135556361325729592297970528901891402839321521745720978500
[25,16] -15128382589648103011617620962600522051060374342462002777791226713684
[25,17] -4866741244244396591269496646042326632963779928852428453865859965601
[25,18] -1243957847687339886096429481679407370930670303220940719971194179344
[25,19] -254674184307603045422680775982538521757817574315506310754970228926
[25,20] -41974155338751025194060618833002940886134017436493471065490780288
[25,21] -5591794495404989310878859532927031088810389636846335610869989598
[25,22] -606253586560953432252954632280184616427815415389245692954752928
[25,23] -54409652175197824907756727964606455412307349068777102199705214
[25,24] -4197784810423957732639980888641113380758696856381281985568248
[25,25] -295373772670377149171806068134446573930902692726899924780673
[24,1] -31190327566849290166548024225232720644008599801150080
[24,2] 969289316795867903389573907737303234933152885956042800066
[24,3] -48522754144227072458360049156469627529566250048694090862886664
[24,4] 13105978085626696422142050296497701178968021228789934687680765268
[24,5] -1907118952428192478677981174219536912566631571051230965944376731536
[24,6] 22866801318860552178377859474376393894034745444187644753551828923172
[24,7] 35143954849004528272397974108771563058356459411928162829908096775128
[24,8] -148259289950342993569263931460280639793629661189033483336854743029140
[24,9] -571748867771586606843469761699880880404870850789823199278890742106668
[24,10] -962911836251737278779335771879612470786503459894745352169399545594992
[24,11] -1181763399873396553286518498645398506163302278934941824634892126246076
[24,12] -1242447719946429153093463074690669081872611048870904177534148069018484
[24,13] -1099119609963223380178225224680730024628945537664717639499738521832804
[24,14] -773913823720855841806973015722421810132540442476557012341963270366522
[24,15] -424083595938183025816622688546990805546377304212669281522133264539324
[24,16] -181197302516643325292108733709197097241027819850095788047711927718632
[24,17] -60953934536679654418725044602290961175602844857826095278588514787856
[24,18] -16301422228824079354741578036594893558670876399807827352521574344897
[24,19] -3491284779323149007082178913003796106302434660739115594960312374720
[24,20] -601495902698259087898882210790145772847051667873642234967012329124
[24,21] -83563644591994323985291682308772084364703870848860442429157208724
[24,22] -9381917194873509926181918541790194513018310432144470011123627016
[24,23] -856305776633248290645464694476415294241789511369740974377669916
[24,24] -64646488159185266645952858410531993550868390328025251096344784
[23,1] -683134764006947519546345976130890081476433997611941656
[23,2] 50696421516098992444140766372368737266079768148875375318816
[23,3] -593310428989216060086276664037867868229068736516670214816067340
[23,4] 45674506298024971093411405712663806727621433300031432207595514152
[23,5] -16197099336941876211630078251202317885752977913649242800937484962224
[23,6] 222906707645566383814881051355153490214199711304247599184892187482960
[23,7] 124116360364296516050087326326906033458148290060789180014053076776041
[23,8] -2251652544175220779246776278922131963921153938275455560120030829032708
[23,9] -7544077253773108788713781809320583933208478497524983796436845588775948
[23,10] -12175539130961553909996903195942280131841611507836119755678682850327016
[23,11] -13548204220289800279646126995184931996229421985972739677886018562712759
[23,12] -12516726333170359839278427872137638996135063691671984032830943264506728
[23,13] -10187853158948329884910246343323363231847071216976012647740488716833156
[23,14] -7031907618413796866888373561698491635344257441842967946957411878947372
[23,15] -3927872977662098480975247291422526118210579790874349881621385947805254
[23,16] -1740942218922779484543493611054798962509458339781354254415469306723756
[23,17] -611472716522554912059856543134074990740519995931530652122683519651326
[23,18] -171072954186834301347026766737186009208819298376216664153055306361280
[23,19] -38341900776575199643447838566331153699635296301649141994970454522097
[23,20] -6912221977214974705604103561558533419717186184495844027171430770376
[23,21] -1004390487214800242126238792683628825290040871999974878308274020312
[23,22] -117715130676714396765911144202139539391378324128304243818384016284
[23,23] -11140963010252037568626845983281011604769853605709760136847123824
[22,1] -13073612235903606640891315939479127031857171444519491560
[22,2] 1018106884355602207031257510487898681560410496378273762583532
[22,3] -5855540471635691727660217346871776815984665919718900486734457032
[22,4] -438095168053560133209990957392395006920056543885612016490239824171
[22,5] -114694102181727576390141917703389858097065983375108579901791708910024
[22,6] 1624581284934346394095822991837081793030710685087019806736137092087904
[22,7] -2782329104639538005878808415231273292782949608261713631345131142950656
[22,8] -29640204672923204695543955280349959052895663078886162792099215747612746
[22,9] -84026344272198226207653821717210477482699178876825836714581299213630480
[22,10] -129851519576171268612637304804896864846984922436353628699090199139612636
[22,11] -135728274911354436322081023630343592074541611325683461742230103557713908
[22,12] -112184603529247189753975662661942174981926067649663937059901611887096891
[22,13] -81719354770823313343178199505647781738400124206324585697062367692234896
[22,14] -53284339065457013298111087177706349403660508185986950371287149673768888
[22,15] -29666718912941574555923975205711275473548170066784515301526674033724916
[22,16] -13509380206237427147698204178020236094946203903695574590419832275783178
[22,17] -4938217401448719363056037745083962992312781017386020377383924810102912
[22,18] -1444191662378520070045216188107140000605771054564615006155796602226724
[22,19] -338698876883533760574601074516368137566142123040296357331400107748424
[22,20] -63895673934110479963014718459591500823335665182552768349224834594884
[22,21] -9715079679068409832483751379388563029903909701357563995280403398840
[22,22] -1191116778859322085567953002969429459426124137192739314399113371344
[21,1] -219556078808294132342254597120804649570924989127222444844
[21,2] 14223786679685183816662747693992369761600002238400342778361000
[21,3] -46266659346881961812313471646155869965649999532246615851850576488
[21,4] -9959073475250788685536385062027497666698312900259670235959848080152
[21,5] -751334300501124967237892580967691581974850058612953916116864876549014
[21,6] 7529811044113070250378547774548692313426875453351406901900503601252856
[21,7] -62355307128609373107088734391270105650082092932768270837536588636128822
[21,8] -317749087359014852207716105975687016270200137539018785277763553708875560
[21,9] -782298172698899269652713558917611737638149998627409624824168508261607153
[21,10] -1165520055744643564763124699019157447522677319943050798871795727034588180
[21,11] -1180675941875387135096946441022367598424179680741946738494387442158043910
[21,12] -905731360914093285461814516109308357779962632182892571540667832186598144
[21,13] -588446409015103045537853981376834400158187277086792248588580974099604801
[21,14] -348232850535221035465276936243259626578384774149263978431442700064403976
[21,15] -186217047144787265050534009548336954852616174548318902592114303420549320
[21,16] -85406061545250442955927558137110511538840378105982286135867181650598564
[21,17] -32235582498905177784343760314277281747805222988881392375878926904539998
[21,18] -9831179222603540222545581131944726953423045701497582191347916449169876
[21,19] -2411541559802735381345099341233392809521388133671939682818165922769112
[21,20] -476038904274352081791703817590039588465291575366520635768739766543160
[21,21] -75730372542283759345607682985943523302691739852945529463686093594471
[20,1] -3246453166752051576580289140430702124552563754688158641736
[20,2] 153745582897390138764011280502226952286458827369740661705623928
[20,3] -297255402177310305384278830841867931412848351627571731235607136448
[20,4] -107595052058349790616826160589280885005001614304910368505877812997172
[20,5] -5076760936267756193894205403724283112459040963422966918073618024320144
[20,6] 3271051125388379136820217149255958121068480167820659581552156105771531
[20,7] -718654885507436822945024243226789681328602781140957693113440843906668548
[20,8] -2678569877631461568132273039797398846209934546752783926973281188208232276
[20,9] -5945904281355587220119334881894144496107482553218925382092994100736225360
[20,10] -8669232385680440605562877566683121541086846438181161110125324463209046082
[20,11] -8754672876515132483599338109735047251103445601447536684179533031616673236
[20,12] -6521965551044873673847127667536074793295119226906619751732688368010696256
[20,13] -3898760933244615441095449943600244165252241463960941172451073633555865696
[20,14] -2054355461710668863855804916346563895065570032410177724864873341955068945
[20,15] -1005979038314653010094919227829238869198654400248679097410818279401923504
[20,16] -447665150232812767385498531490780814077784435045835985340816693473786696
[20,17] -171251632820948374453057990739048587291416649988115609039571379070279072
[20,18] -54084885626924004895963450191630655118842468997536872864595496145463816
[20,19] -13849067408984772065112680204237514669856268455370865980989061131796316
[20,20] -2859871386041232327448655160129600132082124053399767093872271204596944
[19,1] -42371277760767153640336668031816093142580231822805739688120
[19,2] 1329124380164272584105033415249108273525473845157188086568999976
[19,3] -1641077396903423861157754543725508620724809935146753572145913979726
[19,4] -815424503489108542059066063433512220429686024847399215780597022408072
[19,5] -34936924416627899146033641447109220932895052629725662405641572853701700
[19,6] -296290516704627935482108170132635033201266957349063295601110289192796448
[19,7] -5678863910392892472825861774226174035551081760923145949611941811546340708
[19,8] -17310203806226233577131629429434155913394333258450232549084670590549301704
[19,9] -35766191868604540188005293587173019625658641728808051066073792451627939530
[19,10] -52091165090509305235947294551011076026839373322401345329317973026183656496
[19,11] -53806807705225292373739057096486162003051105695840605666211661698841818915
[19,12] -40586516742352676276570550738676633961525001274081941491353950371485072836
[19,13] -23532198926427685605360819498150876453807262987464452186679686904209374448
[19,14] -11322959060745112860135171710268934798351479398311252535016807797218407880
[19,15] -4925724466224320608289433950499901849026991503345736565097134697082007907
[19,16] -2017192311382443064287187063662023792986035555995998803741958754067934616
[19,17] -753099622263427463538772204398146112300346888543903773398648724511166014
[19,18] -241885187474615192578902010292934334868357758429755912802834929561909084
[19,19] -64225434702463956427657610351264358980188856836049230946656436267719024
[18,1] -488959965745952240739293095498479864610331256379835152894368
[18,2] 9218365634343547305521330702536290066534582882369135930160059804
[18,3] -8763374452205150585355161023471749851040477037728034183585580459984
[18,4] -4696046252767227993507561184554681373358882460279695068629923769766338
[18,5] -218845189604423796791511932520868469080897627828028930688664297105160568
[18,6] -2968985358474351626022413153238058032518052990886836415886690862239406348
[18,7] -32652392336304691179583519991945290328487552619229960183834432120917781484
[18,8] -82819491506566660474374447475376399475551755534975019575213962628416871316
[18,9] -163170611456035050967537889647517751348127220708583487808458275816670032252
[18,10] -244103389433301106747455156678407767245595087303682741952500265031777038212
[18,11] -264928847235335270696725804308022255471361528946528618549021335744051215980
[18,12] -209452719279746354092526768625156706394251344800677696165315340303497213784
[18,13] -123985779660770811491446208469221748421174499104986066344341615733423726628
[18,14] -57727471050496876251442466350792284115730756656361748497714874993145958784
[18,15] -22785742821376137358673731415727646068845116437152400870704889552537249880
[18,16] -8268235393511782860550473346773546271559977731041127053517720103030409925
[18,17] -2847034513284593539879182623326809597054774332915789502618065229965298552
[18,18] -894790609147329081814399497567061685936649193482768099604648276662309584
[17,1] -4993708757502957823729338510218483809144345501729400157946639
[17,2] 49959963854464358154101831814944417603981841892398108105168908188
[17,3] -50855742408859028641698123854081820093883829477009629848162051993066
[17,4] -21315335975770375335062106923944296901536483068371197100815443560251960
[17,5] -1144140706993692674007304592312080842983627642867582819186225528954666625
[17,6] -17406343698551167235988362210449162460324471342442991471161952439819989704
[17,7] -137322962390369967941876672433569120568636587859487608223013677605244688396
[17,8] -272066619865151125370152738352599903573569471546310908357745993520576101068
[17,9] -522382665113176581145317844011325272270266645863650410170021143597884864798
[17,10] -844579437225048218804329708998216421772760587543248141656209603656778575276
[17,11] -1001330269717894942361322422168221424873533599663967230269649081473766260710
[17,12] -858243150562234532392314090927714681269235989964555999962464685317220004936
[17,13] -540445930846351543808602328721874387290287151393126734374339077166126045085
[17,14] -258077570785905940033915693723622800449669401325178152226253908411031143576
[17,15] -98348634372294890548320712789918686229548471760982798708787332259717147432
[17,16] -32232774264500941197332412662204709867013395513293030125393416287777045500
[17,17] -9816136079235753158845683581297201795634416981820678997176295216886121473
[16,1] -45144022814920172864467441675853386007401418359969131293242268
[16,2] 192194315834372486235665957041747001352009665865999772681344175562
[16,3] -309124908632588876504460527758043986995456662252511910939801279697232
[16,4] -79103054559915378970930869042268673031817003322692016788653518095834572
[16,5] -4808714363666426869007437294688773341644970563069043480353237397409773820
[16,6] -71418378523843070492476513535897697787336407519807400984280141633973045670
[16,7] -411101213188171427573592310961957351550722199468251916705296398804397123576
[16,8] -472857779239802187030382719280133656789915256503318496463545663309093457736
[16,9] -931311524538641278780576858661433251809151337900625784149945556582640380348
[16,10] -1924061489319066784700551382544429305194363566837302100295840139250377219199
[16,11] -2720880430590205753261851034724316664899013311236414799547739806761965766148
[16,12] -2658347143269251726372450936195163479479409788783256225889301524612205083680
[16,13] -1851456074664391464274863753738185687543533646926257288991068812024512438344
[16,14] -948640856260394905319039759606256818169343648036257156581571091051482069260
[16,15] -371555805631052010335436507652632662925645193686452388010789329573548897148
[16,16] -117390349826423449200755827396030228453768403104949719943719180512018153560
[15,1] -361030844608558855085869464463548899364264063062791356256848990
[15,2] 305069913823443556365680182311951862196876292254932049107818834096
[15,3] -1717628437064297763207681202410911141294054878727952777091699676893855
[15,4] -251439537198817918685992424890749362015659333611171153617954029215535788
[15,5] -15932138388470137885639641755435010439864256033011840583456717163560666320
[15,6] -216573976477046164217350479199589326867050184396192780667745105773851329536
[15,7] -815364539483878812281779923368514284956952997820589581845128979466442178796
[15,8] 454203083678019943278514844221946761002699947689104872461398557142967664716
[15,9] 441126926083100847830939032632072704614906372881725376297841837787753820466
[15,10] -1846086372543820495921886780442726702807852015095121319821205560148672714148
[15,11] -4630059859424171825476132178142179841352158648705293872069100679880441467704
[15,12] -5801852689071774769431712140295639321939132606360100344337357968297273521320
[15,13] -4732082566604802109489645551823549992682319105200963565617552133575660437710
[15,14] -2711111989687534724720369142644689922710422380389235431398121505880222162756
[15,15] -1143644246940543178295863624303094333374684105134092736635992390547905024344
[14,1] -2550553746378755127930052130751486172886274794953215663021408696
[14,2] -2417142614950848996502961635028049007636864989777276317512142941428
[14,3] -7941909611358698545188311419539134356839820554015651445882567573111068
[14,4] -704395518719113504123796388690399866779223762911432933819991636739399139
[14,5] -40312383348151622968945716339249047113238593088746333780300282094924954880
[14,6] -502494427260520071731414531608994090452463715736530824428128463127220309328
[14,7] -880149451114614815283655234309418444468844586917638779018287288656119297828
[14,8] 5409222951327414618535859621772633287665645785706222102596445075224203153068
[14,9] 7610277155724079673073088113464474875407318113413632405031359478889655293992
[14,10] 3528257748449541626416012607770349013570056415994618989811696439986208733880
[14,11] -2853568548880794634068097971383535175137745683942510684208995435261694901768
[14,12] -7791260670346478122048420364669389846165115569457318384181491288882929352315
[14,13] -8436179050840002661099234436393085528645953171874241636979896210478413698384
[14,14] -5728387088881189057516583622337703009982805291493857962617797428379548252008
[13,1] -15880076374462537629856194984543190428818176878875806844836090995
[13,2] -26930587965653129046572491294779643327942478874855023206246372120820
[13,3] -29310780349444913615366586712897071856446439337438793463001661493587464
[13,4] -1653839354073059025442291789077381443964617020400936366852935976607940816
[13,5] -72628324982985789917397395507646442638097270015499833899341425156081477619
[13,6] -929895600126537073406271877844832420872747026829386550808095621526964987192
[13,7] -114399181403721740980032661762124214947236161371766843338943794264397713170
[13,8] 15972410128901881558911203937242023965689919110582346637236573607487833566364
[13,9] 19420527327477457813238373076983816931812719805047238130074179161593374146579
[13,10] 11625396974101457740583572508792600809642267030038094079641029440811651234328
[13,11] 3874491737304629246631183845141367357279569190219491594704820261388936372494
[13,12] -4184105159232491746045081708499393237914583538439949176818339971778958236904
[13,13] -9300328586583419335255252861386535491688732722748252885116946734459992427912
[12,1] -86841521640552612819698314532893937083192831489423835241414690264
[12,2] -158348662599287091251548682979181282051125189835823388555094202192216
[12,3] -84430131178382233667527254473951744249815082299118453622076230963848232
[12,4] -2686395989522970296134821678924836890045850094487720895049064221886049672
[12,5] -80525787948528749068861554260730414711030404885530451010910369212259283560
[12,6] -1445108227404648051520189869697247351773450082175359762097723748795151817798
[12,7] 321991863162077965332452996559130267287023671938261959079110117669172982244
[12,8] 25600393401221823987409834734492241918567691376700109085144861396673500793588
[12,9] 17113177828836364149138487559727924264391174974703038208024646911535802442328
[12,10] -4025482266765292783631967744199050214973367421777626759613998626390139592568
[12,11] -1885362829780529833716673454700939170144544303627202522978707209520214643764
[12,12] 1655541363816873735355975529027235034649750666458232363877366798712486682008
[11,1] -415195877616183919371376990183130879672291667071351716374298765250
[11,2] -673915529957722086669743809400443555875304786818158580671198708056368
[11,3] -184968126310739486666784080260238105268463120256793836980493682913602269
[11,4] -1102465411772643096798565167357000714972700669606936327794845250723825564
[11,5] -42300312739489221369701469343760629713176019850219873860919399720183683444
[11,6] -1919549657495930045759613741193297546202135236536821222986837679364546338608
[11,7] -2261415082274355020315270236570450085572402007373170033581841949876329957951
[11,8] 25201355390130216483378885340856912262732547274554360121090338736481085344632
[11,9] -13067654797260499981762307270392289657472231012718485340349295199736410664888
[11,10] -63318382220336207763098653518279988884780150137234500771586485062031278660572
[11,11] -39798829012032952086688393141638581397078697679612561133303240386610778017292
[10,1] -1724923261052409609437317645402718158771484648526520202992850796724
[10,2] -2217294033641160379983573589441197331198826959417603497295291513416676
[10,3] -292574755196129028521689326944893282515368917007490828860789217741317576
[10,4] 7599813683274200494764891813702502990919976446935507195420915600786077932
[10,5] -42291116853394558607936351314662693558551806579004906346590585333819750972
[10,6] -1791977335472994472496360484114263394986785648531821687510386768494630490740
[10,7] -8010667459093177597740444525336797635478220486986577542565754022459597345436
[10,8] 21159602891845720857470292218643466338732603815342974132543861543676642074695
[10,9] -25255323320618321352969254385360466579544981735610142132331235313227521112668
[10,10] -94659977486964642862393621947983120036614624729314930918834665490534179919368
[9,1] -6177172562067774974856563910114929978573139496662738049740200961012
[9,2] -5718975140280849087772797947366726733598611560645852518552607064330128
[9,3] -287540659271602511496106258554417763396212520189256385511964616061447314
[9,4] 21764191108027338132036171320946033237969113774135965060593787504575868168
[9,5] -165266430099465467704380234006099258655882271511641184817486022708307539662
[9,6] -23131633998661419577020546011612536798247624823471632682212259756620213536
[9,7] -12150170159470943164542425850023825502288020062629524272302517424846152185316
[9,8] 17406287298209182825665187752244808748321854757251277840412730522722737388984
[9,9] 14466235226265383798147871385756977210691720382777511567969190631771259166313
[8,1] -18868371033137360954939965838082033548850980997832035271497161869468
[8,2] -11456455524768083949998398316345815559071557869902615613542632739200319
[8,3] -50282495354118037249476165054993458588575829896846056591020817459047084
[8,4] 27278168836219257115973814007612356936448456043547832282875544105181186148
[8,5] -234323547754284676391713487867670171364656531028673269067355231341015116908
[8,6] 1938137539354492496972681087352634283243802352917388111504538423787306990914
[8,7] -7874686694403228923241470803355230156747970338085882221890441379349332347364
[8,8] 1339171778622130144984116476822440330715124200275245928299215720410335211696
[7,1] -48476017919966364472695018513254507858029767758663742672967427307170
[7,2] -17311767814334769225849470632537528920293358905974229341548190512580408
[7,3] 330168285464919215362616859642968625484602776333053162314247297465979337
[7,4] 15048498922235095047700297107922998152345053411137867735545097297188309476
[7,5] -141222027931314880530465243370794589762200779119277285224627228913036136080
[7,6] 1260174693212390884748276154301857303506798897626370671251310982870742209024
[7,7] -5162440835863658657454213195933517498273952346384455424255936397372211407618
[6,1] -102784265228314141030729946444404864328015729201088459425554132441320
[6,2] -18577675151228034385715677162508228826098558023703825181349657293538644
[6,3] 493965069579219227408348209484897417034012470268842830797774609113242440
[6,4] 1819140536908217731692464037236427703136249903945714958592570113774437841
[6,5] -83061040488265996522003419723394795247746670474077730778338838836115838312
[6,6] 614672812739301601629720021851323657031662435277831142152900686908145216216
[5,1] -175133697831929979227983318625664636339988497321252130911644916123993
[5,2] -12258466875481636915709475097895669757838659304814934039345163748176692
[5,3] 225396976202694631577971283339147837188120409428508910151840862088019446
[5,4] 2494626294849495283043527904091528805299667461775060215463181324560779144
[5,5] -65501694381773400557209090224263021188931235866684610648503052777973667917
[4,1] -230546732911977595364787735814713569802052110197257991791279952402880
[4,2] -2438684985479110226383661479971783651903664163177273504551077613972562
[4,3] -108080002768940733763768518763923592415393860130710087544446935811317848
[4,4] 2722019790251742425527739727552628726982460006054956304466006105488407008
[3,1] -220121274033972726162630055114268801755856371390543751721306631025838
[3,2] 2836176867234798888860153440199044974388382234073718902938216512501312
[3,3] -104931778292959694879462305890575823893736546023420039821690004162424756
[2,1] -135672231794524070213444939630178255170276254064611872130113521009636
[2,2] 1760970192271781809301040440914150414046850971124350013770453048206704
[1,1] -40536215597144386832065866109016673800875222251012083746192454448001
