[60,0] 1
[59,1] 1888
[59,2] -2596
[59,3] 210512
[59,4] 629884
[59,5] -4819710
[59,6] 15143058
[59,7] -51746717
[59,8] -102904319
[59,9] 555475796
[59,10] -1890896605
[59,11] 4912290735
[59,12] -5672489628
[59,13] 5564164389
[59,14] 8324758695
[59,15] -39229566631
[59,16] 65232552438
[59,17] -113873096025
[59,18] 78618491023
[59,19] -6795373970
[59,20] -109909713913
[59,21] 342673493585
[59,22] -326261727256
[59,23] 364612623879
[59,24] -107771075069
[59,25] -274705032264
[59,26] 402293778049
[59,27] -660859076641
[59,28] 409689544810
[59,29] -77247705496
[59,30] -161336703718
[59,31] 495315887388
[59,32] -416028480856
[59,33] 226886560634
[59,34] -48462168238
[59,35] -191316326400
[59,36] 221108406962
[59,37] -135860683432
[59,38] 64808358368
[59,39] 30125810758
[59,40] -75930374854
[59,41] 48854717186
[59,42] -16591696092
[59,43] -1386875830
[59,44] 12227350452
[59,45] -11571136640
[59,46] 3566963708
[59,47] 1581670348
[59,48] -1854044320
[59,49] 659846029
[59,50] -18742707
[59,51] -82630916
[59,52] 41311505
[59,53] -11507242
[59,54] 2154385
[59,55] -283023
[59,56] 25960
[59,57] -1593
[59,58] 59
[59,59] -1
[58,1] 2596
[58,2] 3042040
[58,3] 1539900
[58,4] 99602266
[58,5] 911399078
[58,6] 8105515698
[58,7] 18348043787
[58,8] -219080935977
[58,9] 812752398184
[58,10] -2314828094084
[58,11] -5024870728615
[58,12] 85966405759955
[58,13] -474039424195433
[58,14] 1972416009910646
[58,15] -6296716804698935
[58,16] 18301862043196636
[58,17] -47074810610092253
[58,18] 109741082824207648
[58,19] -240241490864680096
[58,20] 467922796645693279
[58,21] -865138306756482141
[58,22] 1458289344769061026
[58,23] -2294324242183719575
[58,24] 3472368384989053606
[58,25] -4719272774208258298
[58,26] 6452681851352734627
[58,27] -7764380784719357455
[58,28] 9222787133739423904
[58,29] -10490168267292370790
[58,30] 9945708882250921014
[58,31] -11890662715415547386
[58,32] 8139655394276761667
[58,33] -10653729682082927756
[58,34] 6165217133102144953
[58,35] -5260036764701116604
[58,36] 7602497334595911886
[58,37] 3881313135543982804
[58,38] 12619187201505159913
[58,39] 12685077290841090784
[58,40] 16578352913033030940
[58,41] 15913021171211217900
[58,42] 15220971245688534237
[58,43] 12520036374885444338
[58,44] 9588554279805380188
[58,45] 6535222745969586264
[58,46] 4031999795354151486
[58,47] 2206030001295566636
[58,48] 1064432766188828892
[58,49] 444025840743465889
[58,50] 156809658287677508
[58,51] 45362521313006846
[58,52] 10270768725099083
[58,53] 1704072447498808
[58,54] 188930320343597
[58,55] 12274586646199
[58,56] 386677146342
[58,57] 4386634837
[58,58] 9584550
[57,1] 210512
[57,2] -1539900
[57,3] 2449841188
[57,4] 4770746608
[57,5] -62723337721
[57,6] -317036724023
[57,7] 4001328565865
[57,8] 60307499520970
[57,9] 99972984202358
[57,10] -1176764516070942
[57,11] 1390303954798437
[57,12] 12030843407286205
[57,13] -79319228078456003
[57,14] 265992956821789880
[57,15] -987502394849570454
[57,16] 1906849879763287886
[57,17] -1744163305983214215
[57,18] -12289765023041898631
[57,19] 59555147946022292557
[57,20] -177145991263992317226
[57,21] 419482056011856866806
[57,22] -775813174670549062870
[57,23] 1244176857529928943296
[57,24] -1599641888672827880880
[57,25] 1670776822559284727213
[57,26] -1154680600005849088499
[57,27] 219899411632066653402
[57,28] 1446202735790142114465
[57,29] -2600630347262401946753
[57,30] 3714657090653354191708
[57,31] -4455469637594334016893
[57,32] 2395199962792486488505
[57,33] -4571972242693532122313
[57,34] -1150793435979849851728
[57,35] -3727146598181466474450
[57,36] -2670961577403228762762
[57,37] -2174580941594001033737
[57,38] -1382048134686956179651
[57,39] -543056166760789336531
[57,40] 3054948504708648380
[57,41] 108707354094317429231
[57,42] 160772058988256662517
[57,43] 9929287560009570937
[57,44] -53898327575660960414
[57,45] -76022397070859665433
[57,46] -73780586555314249991
[57,47] -37972886601941656745
[57,48] -28909533899284089280
[57,49] -12406916487560546917
[57,50] -6212884278198293077
[57,51] -1585007965014875791
[57,52] -308123905223950774
[57,53] -85222544670921465
[57,54] -6070698033380727
[57,55] 1129273969548354
[57,56] 139897835169465
[57,57] -4715786415762
[56,1] -629884
[56,2] 99602266
[56,3] -4770746608
[56,4] 1268789926944
[56,5] 4902080589415
[56,6] -85221081736797
[56,7] -553616109263498
[56,8] -453281550629222
[56,9] 9480686014978862
[56,10] 108942946830363550
[56,11] 416832583813947416
[56,12] -1239753409592284621
[56,13] -7747210361556196778
[56,14] 51024932478256837497
[56,15] 32701464073702870845
[56,16] -252398356303786585784
[56,17] 891023670588208854032
[56,18] -505161975368355074992
[56,19] -1504939212271201630969
[56,20] 16439342910643034934097
[56,21] -35101529893441191959451
[56,22] 73196145890160484781037
[56,23] -108201615539391398658557
[56,24] 152757335266737122647471
[56,25] -152476161644127212307781
[56,26] 211311198213134968929034
[56,27] -73840489045199357521667
[56,28] 148543392025601272753282
[56,29] 171810319748407500646121
[56,30] -45669361254620142322324
[56,31] 367182231063385142716941
[56,32] -102947357720676924396724
[56,33] 191283946962080659112503
[56,34] 75091711982244532354731
[56,35] -245063629219083974079388
[56,36] 129409978729157892133880
[56,37] -399425529244128318624729
[56,38] -36039253022654893370015
[56,39] -169456792762318613656493
[56,40] -107401121876583055294389
[56,41] 57390045915931269102673
[56,42] -27660309198097158944297
[56,43] 46434440106967794673587
[56,44] 4169557302120903453932
[56,45] -7528208511450379553349
[56,46] 3889516050327113868525
[56,47] -3250790023514423944653
[56,48] 587268543829453227543
[56,49] 869981209617609731636
[56,50] 16459468865921052074
[56,51] -75165891194451590155
[56,52] 34744844026313327840
[56,53] -4869780641824545719
[56,54] 2509077320646525033
[56,55] -439200028219524505
[56,56] 13810014118930838
[55,1] -4819710
[55,2] -911399078
[55,3] -62723337721
[55,4] -4902080589415
[55,5] 420524693542002
[55,6] 3245601559741557
[55,7] -28173041066987631
[55,8] -227895154512932352
[55,9] -76918899365712982
[55,10] -4091894149134153032
[55,11] -27182104378599839559
[55,12] 202610081097975233459
[55,13] 719649085823564664221
[55,14] -3133751652665725567732
[55,15] -8374539390412983227359
[55,16] 13242707614883888642941
[55,17] -4976565344459340741266
[55,18] -7988512107440230645043
[55,19] -12784560317504009936936
[55,20] -324431898872205575221135
[55,21] 350461903990131787053367
[55,22] -2199587979703255460594702
[55,23] 3378169071831212357983175
[55,24] -7315097869852002374844743
[55,25] 7475604290376202119416793
[55,26] -8240733216051960645448004
[55,27] 7247123477859504831187957
[55,28] -2024092360038211979934043
[55,29] 5954785159279371469902011
[55,30] 4521376880461642059555838
[55,31] 3990374261687088267407025
[55,32] 11963659477480354373111227
[55,33] -1993755911289152530117730
[55,34] 17351209334593829061202991
[55,35] -2103292906716363146796736
[55,36] 11106038892206752519530257
[55,37] 3991782960591193531975747
[55,38] -3598153480038437572835380
[55,39] 3720687670337833825746224
[55,40] -6773927246709914397474110
[55,41] -353516410974301224542582
[55,42] -1416374677523210654905268
[55,43] -1397731201703157210308396
[55,44] 1310113143428334289797900
[55,45] -111710331891925501973366
[55,46] 335084480031846079176310
[55,47] -47240019702604016374840
[55,48] -138118464680372919645808
[55,49] 52150233088708148831333
[55,50] -14019607020096937516589
[55,51] 3426218178560500649830
[55,52] 1140434855722673643847
[55,53] -803339146147001316304
[55,54] 94463620887808090031
[55,55] 2113255365964419230
[54,1] -15143058
[54,2] 8105515698
[54,3] 317036724023
[54,4] -85221081736797
[54,5] -3245601559741557
[54,6] 79231039300018958
[54,7] 1103223258839698371
[54,8] -2633459167276039799
[54,9] -40122372049142661820
[54,10] 166925027600470190657
[54,11] 247910777216680311015
[54,12] -11963021907271132896809
[54,13] -26265278065209441693283
[54,14] 158866376319919276963446
[54,15] 485485427429243768386804
[54,16] 39028014181026429004089
[54,17] -263242109995422293989786
[54,18] -359424185367910021056213
[54,19] 282404273135806244946773
[54,20] 3528788954411068652076836
[54,21] -5999233447424335412087802
[54,22] 9295513449135507509098936
[54,23] -16329956402077713769894838
[54,24] 47165578772117550612272297
[54,25] -158732656503587395496788588
[54,26] 259590210194605316693697964
[54,27] -297809927502763164384868894
[54,28] 264540469369446279139849596
[54,29] -48407484327112137678866348
[54,30] 103695322951808057348515607
[54,31] 240518263240265705826565396
[54,32] 65631995953927166617029008
[54,33] 16009555880818481809711299
[54,34] -1153682024367853076284332
[54,35] 4361882226298898310717976
[54,36] -51818631457570493001425014
[54,37] 240757516248262199958441468
[54,38] -7267634848981680090142679
[54,39] 168116861101285712043910501
[54,40] 48727593583408560922238485
[54,41] -25468784674410609061904179
[54,42] 27120878182815588409446307
[54,43] -39534502105541448191718219
[54,44] -239089899652422301827550
[54,45] -7525079648640610350029385
[54,46] -3654620480056608137459165
[54,47] 6256045778153664432726605
[54,48] -618824734567367068249325
[54,49] 187464901616334878376045
[54,50] 1062746750601749264239
[54,51] -221687687581864045002587
[54,52] 73997920642695013097640
[54,53] -1323697023062114874805
[54,54] -1484304427834622692154
[53,1] -51746717
[53,2] -18348043787
[53,3] 4001328565865
[53,4] 553616109263498
[53,5] -28173041066987631
[53,6] -1103223258839698371
[53,7] 6018077171768364820
[53,8] 199531878227104793007
[53,9] 201588501103678998169
[53,10] -6376958208624667054840
[53,11] 17730678807344846319970
[53,12] 339586793939682218825540
[53,13] 361792673200458673106364
[53,14] -4432768366564462178757708
[53,15] -13173758183950832663617339
[53,16] -8343280443185556334365153
[53,17] 8632847325130412786930399
[53,18] 37960990964102296245527260
[53,19] 49804236054170826498390969
[53,20] 51827289250156315540357133
[53,21] 157244721968584072119348092
[53,22] 151282821884468023931471709
[53,23] -126412811375822617473955790
[53,24] 339027360340421498465153109
[53,25] -1223797325012606283545197617
[53,26] -1420171464333255865334509462
[53,27] 1846201585929654991752581215
[53,28] -8645058512302985356878079409
[53,29] 6501025589451312386286513418
[53,30] -4247375499369808022130610871
[53,31] 4213462908749486868324346135
[53,32] 5577412800227491000490555956
[53,33] 119590918853838683471071242
[53,34] 2632925920927136132782081734
[53,35] -55632719087814593617343545
[53,36] -3782656546923250472964317547
[53,37] -854363415115135496480244748
[53,38] -1385990151290034134697994823
[53,39] -454701663295279064626131332
[53,40] 1403010977158270167437134013
[53,41] 154221538748467116073107187
[53,42] 667483169189417755638739686
[53,43] -12432707666624404307081278
[53,44] 18794177210287087499188904
[53,45] 145974093245326499527752127
[53,46] -146084457090946386367232397
[53,47] -892186310870982701126384
[53,48] -4946899426252527384295089
[53,49] -5637579106018158149987278
[53,50] 10537452549150159479072121
[53,51] -1720108861522769498955660
[53,52] -575674607057409678922795
[53,53] 137185977170858338126558
[52,1] 102904319
[52,2] -219080935977
[52,3] -60307499520970
[52,4] -453281550629222
[52,5] 227895154512932352
[52,6] -2633459167276039799
[52,7] -199531878227104793007
[52,8] -765867859925576640900
[52,9] 17764885485648385683231
[52,10] 99631767636345896067152
[52,11] -567138435284390189385959
[52,12] -4429563447138924470655585
[52,13] 3915734002648291136655325
[52,14] 85612252552138758998226394
[52,15] 207729732710385048080091817
[52,16] 133521483170391416895075377
[52,17] -176362332995341359186585893
[52,18] -802936682149748707443187108
[52,19] -1621521232093298091816297722
[52,20] -2306670098281466845169337127
[52,21] -176796537159665091228818790
[52,22] 1464660259497511492055015870
[52,23] 580911146364655459510048618
[52,24] 7277872922494912580055587431
[52,25] 28387092625148591879159658873
[52,26] -23664539088904942464575958563
[52,27] 40379967690643836468437624595
[52,28] -25889650433732947876528565837
[52,29] -87072275698288368324470101372
[52,30] 70520644370429257141016626466
[52,31] -133187842257614033042064058689
[52,32] 58087334553425532690064694345
[52,33] 28142733523124733963295893899
[52,34] 14745934577627248174151112069
[52,35] 68480738975623564089663894267
[52,36] 7686220444507404930825440015
[52,37] -12998033919594588222305977380
[52,38] -8784336431792954468793583052
[52,39] -21371264220881834000401295255
[52,40] -5448599910641139311064037608
[52,41] -8440379122056926282784936358
[52,42] 2893609207085643732686504442
[52,43] 2743419012918382545126530109
[52,44] -2370863849719824642366265400
[52,45] 2170994620648964042107610926
[52,46] 35442959042436108127984472
[52,47] -120474075827601630841220605
[52,48] 333095349186125139013735410
[52,49] -249419259717991052168280739
[52,50] -11206219969760518411856073
[52,51] 30680196763250197807816713
[52,52] -3295958883912529312508556
[51,1] 555475796
[51,2] -812752398184
[51,3] 99972984202358
[51,4] -9480686014978862
[51,5] -76918899365712982
[51,6] 40122372049142661820
[51,7] 201588501103678998169
[51,8] -17764885485648385683231
[51,9] -221638798558248482786852
[51,10] -189524721844974204378647
[51,11] 7859106920168878574548100
[51,12] 18532846900310984200347349
[51,13] -194958355986761322414795707
[51,14] -1096859533196505980164857566
[51,15] -1868796208616522356470170962
[51,16] -425365473960237289202909008
[51,17] 2732566162295444744174746847
[51,18] 8788005852911531037173391779
[51,19] 20961211180018534339257993379
[51,20] 18586186701347279286911252104
[51,21] -20947519216466163421326147107
[51,22] -20397882388835460372072506453
[51,23] -48472520763260271290292093157
[51,24] -155988163490516292087641838664
[51,25] 127152788200746860042283411389
[51,26] 125960189617880906164178482897
[51,27] -250012178864012257887858558510
[51,28] 1004017975077294504661043321357
[51,29] -751938717546690246433348062949
[51,30] -4596138236530450157033418338
[51,31] 281586384747944290854508862911
[51,32] -1522623956250445014265789236489
[51,33] 398768378521925357682179838405
[51,34] -274945625256966884898425878766
[51,35] -18175555802300799737904049890
[51,36] 406200263146597597236243170396
[51,37] 207384447773642995491170121203
[51,38] 98901257371737435148584256107
[51,39] 24464436010629143938606046161
[51,40] 70951403832775818636050381720
[51,41] -80854919958513637116174066099
[51,42] -78549413077051150470463271347
[51,43] 36468072824083747622319660544
[51,44] -25608865467212310939018533097
[51,45] 1003413234607855054590530152
[51,46] 9218807727377552454852728343
[51,47] -8293223573245798574967270936
[51,48] 2702912913055847795436534263
[51,49] 1347419227959351886589932622
[51,50] -689599100363289121072437991
[51,51] -12753768012160350383548568
[50,1] 1890896605
[50,2] -2314828094084
[50,3] 1176764516070942
[50,4] 108942946830363550
[50,5] 4091894149134153032
[50,6] 166925027600470190657
[50,7] 6376958208624667054840
[50,8] 99631767636345896067152
[50,9] 189524721844974204378647
[50,10] -7307579481021183010797666
[50,11] -38767872392317005021843599
[50,12] 243391259125321873385552288
[50,13] 2713382627649682859079976726
[50,14] 8446884325343067379643806618
[50,15] 8016322784547475817925396655
[50,16] -6187490066276601449484060808
[50,17] -20939188827194447141529856254
[50,18] -61612938819341807635971847231
[50,19] -122280365712540720732685929067
[50,20] 28876609205504296320489412086
[50,21] 102686346578400828223883457221
[50,22] -62800792120983643795294360309
[50,23] 689173788509942687361851204403
[50,24] -100274393250147945015185874183
[50,25] -1863889006471889538889711992612
[50,26] 2769144358036171996035437691479
[50,27] -3154203783140633548792059628093
[50,28] 163299828657163668704434054112
[50,29] 8255016395036249534967625454965
[50,30] -7932488590805071801794009625035
[50,31] 8210788872434250841149168237504
[50,32] 456707591710159400948204586886
[50,33] -7785223188596938324785155982438
[50,34] 3336363043522140138020360537797
[50,35] -3042582336157229161989738144421
[50,36] -3245025765827600146620929201024
[50,37] 457986407208333114630483199567
[50,38] 1210018315093263702818322225236
[50,39] -809534727212140660533112259906
[50,40] 1103307184698093363329935432601
[50,41] 1144120672456979919268455793113
[50,42] -658540403217289873300646789199
[50,43] 187580821449086995224528879757
[50,44] 47853743948140896073382802800
[50,45] -238031701173013346528821975788
[50,46] 114104480446719853738690242603
[50,47] 7259749835786333267595923567
[50,48] -32181909502064843796416767338
[50,49] 7762706764425769661250567241
[50,50] 2041760917402861954713227886
[49,1] 4912290735
[49,2] 5024870728615
[49,3] 1390303954798437
[49,4] -416832583813947416
[49,5] -27182104378599839559
[49,6] -247910777216680311015
[49,7] 17730678807344846319970
[49,8] 567138435284390189385959
[49,9] 7859106920168878574548100
[49,10] 38767872392317005021843599
[49,11] -247157399987932762878751704
[49,12] -3982204760930040968564591581
[49,13] -18635475579524365753792252626
[49,14] -33098398586665542681164368693
[49,15] 694718780983399649021123873
[49,16] 44081450289578645248792160584
[49,17] 46158934223068724089545293323
[49,18] 257719630178001175459720353647
[49,19] 182890475044180083612295950257
[49,20] -465876686198952991253860015848
[49,21] 1289652484286654352845855044458
[49,22] 30735413678064425949458810662
[49,23] -3024639656892226308856079661261
[49,24] 8446050494947331528132196355395
[49,25] -9928913438903878935918688266623
[49,26] -9021448443196737964648481505668
[49,27] 26108179963128455066555332276435
[49,28] -51312571687084082491859434218719
[49,29] 31748487073467384531410907213944
[49,30] 17616045532764017190344238367925
[49,31] -53668996727375020639138476212309
[49,32] 70906358753410409185467736500672
[49,33] -10366002493624879423868568652367
[49,34] -28296392528382029397730232978311
[49,35] 37372023926615651108099869712671
[49,36] -9649577148754394298744419594308
[49,37] -28563256213031052842446868150598
[49,38] 11693469510459865478130776287568
[49,39] -2423228706159637786301501621102
[49,40] -13868448140036027763127408250748
[49,41] 9377340780244419083782514988407
[49,42] 444153546000081125939055832203
[49,43] -2358036941271827861133768076970
[49,44] 3373256764200901019195745689359
[49,45] -751646543942896145192218464697
[49,46] -709944169125475053052401328736
[49,47] 413073202465143623074855327948
[49,48] -10771452211281318965918746242
[49,49] -48105482277196723187775929311
[48,1] 5672489628
[48,2] 85966405759955
[48,3] -12030843407286205
[48,4] -1239753409592284621
[48,5] -202610081097975233459
[48,6] -11963021907271132896809
[48,7] -339586793939682218825540
[48,8] -4429563447138924470655585
[48,9] -18532846900310984200347349
[48,10] 243391259125321873385552288
[48,11] 3982204760930040968564591581
[48,12] 23675280502588652186367254811
[48,13] 61010653764897703028253665640
[48,14] 27157244903088312605381419639
[48,15] -88975721846181457683360883104
[48,16] 128566471797004253226764893511
[48,17] 161900024494238002840212014133
[48,18] -790692781957829637078617694254
[48,19] 612067329849432932354345779214
[48,20] -2423556048036708132943508297574
[48,21] -10356657980973598085920714569513
[48,22] 11157747581589034470408585633880
[48,23] -10870499997097642305487058107178
[48,24] -7307180880371704460399692786974
[48,25] 97322640710219784792136544651943
[48,26] -117428129036380927871466670091225
[48,27] 100521917596128880778572125278196
[48,28] 91267187552934380855252588880291
[48,29] -326123213981997674042451684393293
[48,30] 345123924727101017739684102542024
[48,31] -134226195910013462080742051280591
[48,32] -225591388463204247008026443462516
[48,33] 401461242729574887814699503192931
[48,34] -157134095393722755056706547802049
[48,35] -112157884522065849118566703845750
[48,36] 299423408124252213675144464079898
[48,37] -103806746602532889105583101345663
[48,38] -91696041543187796559172107289537
[48,39] 147381107709354496389720699997770
[48,40] -70179301099758491590846325303591
[48,41] -37700305634332713698929594232638
[48,42] 42861159807995206960515315003115
[48,43] -27454129938501330618921411794501
[48,44] -2413120097178864914803126999584
[48,45] 11827405326820940899053396925739
[48,46] -2841727256862138805484130663752
[48,47] -1101785358712021565789637998203
[48,48] 605677055820563604671419374594
[47,1] 5564164389
[47,2] 474039424195433
[47,3] -79319228078456003
[47,4] 7747210361556196778
[47,5] 719649085823564664221
[47,6] 26265278065209441693283
[47,7] 361792673200458673106364
[47,8] -3915734002648291136655325
[47,9] -194958355986761322414795707
[47,10] -2713382627649682859079976726
[47,11] -18635475579524365753792252626
[47,12] -61010653764897703028253665640
[47,13] -45189725653138434582851723388
[47,14] 133278614728120846427733115964
[47,15] -352544687659552379643336755809
[47,16] -1682160726809459075920921333117
[47,17] 1237495304454865931516730274018
[47,18] 4337380231331176920295600593963
[47,19] -579959890714793959381391426608
[47,20] 24448678595937985327878205528983
[47,21] 2425248350580881595965914005980
[47,22] -39489295695860797801610137414129
[47,23] 98301003831904157494442733215711
[47,24] -247523120046892601631435557387236
[47,25] 106644250318092765001908878571761
[47,26] 215228100589623648911735937157059
[47,27] -955781267676210265692589823662133
[47,28] 1235672394521347867097282901929978
[47,29] -547051788496368420252682266750633
[47,30] -1026148178507781803874566645682181
[47,31] 2053167712008153679345636289024132
[47,32] -1526832669983700647772036469920433
[47,33] -452339652913677330760756561923464
[47,34] 1929262819331710903899224572817571
[47,35] -1571261158133729795750950415534601
[47,36] -25918859500639973409869644430434
[47,37] 1304362842698590285752524399111705
[47,38] -1096700130064506548857287150629801
[47,39] 147504465301789510366139389726570
[47,40] 554532138486690728685036335249695
[47,41] -424197689762318003513572515217042
[47,42] 95377188180679353427164003720489
[47,43] 109324409426387496639080584196601
[47,44] -111640561598003069759852575365980
[47,45] 1488934816320056654364484487925
[47,46] 20101371103143346614236108865959
[47,47] -4159214193003971627316793418914
[46,1] -8324758695
[46,2] 1972416009910646
[46,3] -265992956821789880
[46,4] 51024932478256837497
[46,5] 3133751652665725567732
[46,6] 158866376319919276963446
[46,7] 4432768366564462178757708
[46,8] 85612252552138758998226394
[46,9] 1096859533196505980164857566
[46,10] 8446884325343067379643806618
[46,11] 33098398586665542681164368693
[46,12] 27157244903088312605381419639
[46,13] -133278614728120846427733115964
[46,14] 446382403339572035980591653970
[46,15] 3299075541633577382105587993005
[46,16] -823083717687940226478529970531
[46,17] -19886931767913965509698799741851
[46,18] -3617020034395074386645553306109
[46,19] 9517340641046772584365637407136
[46,20] -56768976593171998352154734061572
[46,21] 102124946968827773258396851416819
[46,22] -99715230295664743358530739691563
[46,23] 134305876133160133734767703837951
[46,24] 369510832225429103066403464506062
[46,25] -1369258016338976323496755744089982
[46,26] 2694700089886078831401750362025311
[46,27] -1586184110224073314065870596868017
[46,28] -2175668240747906517675907264930786
[46,29] 7115604541023173698034687200694574
[46,30] -6716099177275741430600850860586324
[46,31] 42262528561837355568063888381459
[46,32] 8144368665376919797035757239983205
[46,33] -10049704521307131463161593309645173
[46,34] 3090969768857665114721714787702723
[46,35] 5941604764379079565822405228146365
[46,36] -8663058545636865012136878878283416
[46,37] 4311930691119755051827023254379098
[46,38] 2204939677482466782504096114026787
[46,39] -4557780693625303764466964299841358
[46,40] 2369071619813933355021822416182604
[46,41] 433277704514311256689108537096898
[46,42] -1228663246053702593897562521135521
[46,43] 647344824161265427486605587475382
[46,44] 186662940131502711652307736206319
[46,45] -201123997051110911195967485134022
[46,46] 4291178222885977357901447012096
[45,1] -39229566631
[45,2] 6296716804698935
[45,3] -987502394849570454
[45,4] -32701464073702870845
[45,5] -8374539390412983227359
[45,6] -485485427429243768386804
[45,7] -13173758183950832663617339
[45,8] -207729732710385048080091817
[45,9] -1868796208616522356470170962
[45,10] -8016322784547475817925396655
[45,11] 694718780983399649021123873
[45,12] 88975721846181457683360883104
[45,13] -352544687659552379643336755809
[45,14] -3299075541633577382105587993005
[45,15] 367341454200501631732609605010
[45,16] 36624946560157694558187059550787
[45,17] 29299266547792877992893052181798
[45,18] -115430714677877340234743302765255
[45,19] 45284052182334495093252217687885
[45,20] 165138915885985841943594924945918
[45,21] -154552869744403177439828056939743
[45,22] 108596528157165541283079306580715
[45,23] -769323893296444778096382843030890
[45,24] 2735344354797126007921941254354645
[45,25] -4057953683936875212442664133555375
[45,26] -2362876715423752303930151003167870
[45,27] 12675322800403513569139973389400398
[45,28] -21191980523540587530813305924404582
[45,29] 6567029509296623565159535438837169
[45,30] 20206777309645687220022262582330059
[45,31] -39176926071843083641342275369556799
[45,32] 23742890942179367544133992212770812
[45,33] 13639475181145799415737764910211715
[45,34] -41598285124992066034435447378576175
[45,35] 33028701494078049435712037537797574
[45,36] -1451610177645762905802044134275333
[45,37] -23547483786024723279886521500422029
[45,38] 23433590445980629559314864913625878
[45,39] -5640514257745457006906919258168399
[45,40] -7577602454587295506234931792683163
[45,41] 7866657928776548791544690580275719
[45,42] -1951196993389711218323596438961816
[45,43] -2159950222937156450742342666833910
[45,44] 1311342267163075285857236218495950
[45,45] 223625910325806013624826106942874
[44,1] -65232552438
[44,2] 18301862043196636
[44,3] -1906849879763287886
[44,4] -252398356303786585784
[44,5] -13242707614883888642941
[44,6] 39028014181026429004089
[44,7] 8343280443185556334365153
[44,8] 133521483170391416895075377
[44,9] 425365473960237289202909008
[44,10] -6187490066276601449484060808
[44,11] -44081450289578645248792160584
[44,12] 128566471797004253226764893511
[44,13] 1682160726809459075920921333117
[44,14] -823083717687940226478529970531
[44,15] -36624946560157694558187059550787
[44,16] -47322805047536966630591521094978
[44,17] 213728421587923435614609140249213
[44,18] 110337796450036866067928960678327
[44,19] -957105880217147177563665226653283
[44,20] 26780875531394157732869637260268
[44,21] 1182950976754558383848377457510176
[44,22] 138553208635824410765095990811139
[44,23] -4719286088830670185295527280381709
[44,24] 5473327267075242682544672764962930
[44,25] 14427151659801490833682155958312085
[44,26] -34964223005464276024381876701699805
[44,27] 37160179393737571244526710995330711
[44,28] 24542772475009308136477983237740099
[44,29] -92129701087652331307030965008019773
[44,30] 101277166828973934306974113492086776
[44,31] -3048176273970405758195071251457280
[44,32] -120572807825801158665337991849176342
[44,33] 153357568097040947781305406529388706
[44,34] -61986995977460221896117680762121520
[44,35] -69747361687539621608772095224879935
[44,36] 119579964796851310408797551659034169
[44,37] -72939274077578783433742308949323405
[44,38] -13373742690071889802390798681118321
[44,39] 48909845540486825721546164070900697
[44,40] -30233079847428596258099226748009090
[44,41] -1590015694672076639603626734241043
[44,42] 13653491169420309863150923567148157
[44,43] -5406158279957336685945177935047996
[44,44] -2576840343920201195514761357505128
[43,1] -113873096025
[43,2] 47074810610092253
[43,3] -1744163305983214215
[43,4] -891023670588208854032
[43,5] -4976565344459340741266
[43,6] 263242109995422293989786
[43,7] 8632847325130412786930399
[43,8] 176362332995341359186585893
[43,9] 2732566162295444744174746847
[43,10] 20939188827194447141529856254
[43,11] 46158934223068724089545293323
[43,12] -161900024494238002840212014133
[43,13] 1237495304454865931516730274018
[43,14] 19886931767913965509698799741851
[43,15] 29299266547792877992893052181798
[43,16] -213728421587923435614609140249213
[43,17] -216252448088007847343026605999928
[43,18] 1731689080281691626770857951978273
[43,19] 960106482762760602188039032059047
[43,20] -4980837906473225865158657417692498
[43,21] -335736306222495091152258941227630
[43,22] 12644986914998429288970075420893642
[43,23] -8682667208799705578787112088403701
[43,24] -40191821388405334390945906725399109
[43,25] 75429400367824920287453110550045193
[43,26] -32580504867256268649381278132599570
[43,27] -135027069177307200937502866935697517
[43,28] 244031042086912199742735008559350441
[43,29] -149203559873875351244673240903389497
[43,30] -195792266991866172386020566805517718
[43,31] 441160856858915946102008090295027217
[43,32] -362842828213743622893019701555524305
[43,33] -54506233310354963713276142748985254
[43,34] 393009079232927806474151607119313245
[43,35] -387383411795829488138773861031422626
[43,36] 105868765414760266464152831790235487
[43,37] 161392225828347754376094478355170083
[43,38] -190997875076995335138498143684652588
[43,39] 60618115552625307707847224487401230
[43,40] 46205486518539615163776462459539766
[43,41] -54493729306587570547398625985282188
[43,42] 10659502103894197618329429308360634
[43,43] 15882596539403007452854350694532370
[42,1] -78618491023
[42,2] 109741082824207648
[42,3] 12289765023041898631
[42,4] -505161975368355074992
[42,5] 7988512107440230645043
[42,6] -359424185367910021056213
[42,7] -37960990964102296245527260
[42,8] -802936682149748707443187108
[42,9] -8788005852911531037173391779
[42,10] -61612938819341807635971847231
[42,11] -257719630178001175459720353647
[42,12] -790692781957829637078617694254
[42,13] -4337380231331176920295600593963
[42,14] -3617020034395074386645553306109
[42,15] 115430714677877340234743302765255
[42,16] 110337796450036866067928960678327
[42,17] -1731689080281691626770857951978273
[42,18] -1625062732367589659063363486735570
[42,19] 8725046197669911831253526884815736
[42,20] 3303773045446177683255444909793081
[42,21] -29260519438188770615806407603664770
[42,22] 8283596915700415294990632759078020
[42,23] 92788829178648605025587584876727158
[42,24] -133239753159126881285887057865953981
[42,25] -36632280935356019530879097585424690
[42,26] 396075396280482353154117759978911837
[42,27] -458441739922516795949629368977327668
[42,28] 17681261455635177876681575853208834
[42,29] 824315444235779272129310827306761750
[42,30] -1076551900489822691120955617013282802
[42,31] 469791642878348783707864809361303703
[42,32] 722669029909584231524122739670785887
[42,33] -1295614978553491942602957907022285392
[42,34] 819435552037101556613606124597571944
[42,35] 140054374885141347084602621943465867
[42,36] -682462585337921927142605545126195282
[42,37] 471728219123892811644637949060132180
[42,38] 17266065509777145968790177962715090
[42,39] -235038591238750304879929854619623575
[42,40] 131215053637379038722487130812348895
[42,41] 17972489042412073580417833503836719
[42,42] -62143118658622245567570706717854750
[41,1] -6795373970
[41,2] 240241490864680096
[41,3] 59555147946022292557
[41,4] 1504939212271201630969
[41,5] -12784560317504009936936
[41,6] -282404273135806244946773
[41,7] 49804236054170826498390969
[41,8] 1621521232093298091816297722
[41,9] 20961211180018534339257993379
[41,10] 122280365712540720732685929067
[41,11] 182890475044180083612295950257
[41,12] -612067329849432932354345779214
[41,13] -579959890714793959381391426608
[41,14] -9517340641046772584365637407136
[41,15] 45284052182334495093252217687885
[41,16] 957105880217147177563665226653283
[41,17] 960106482762760602188039032059047
[41,18] -8725046197669911831253526884815736
[41,19] -5403434709991693203889459093391132
[41,20] 44475458270482821789999179091505292
[41,21] 1151103594351675192335304432629869
[41,22] -171581811786795009252073237231852261
[41,23] 175628846715534441228649692893265735
[41,24] 228753647402193829862576367950628778
[41,25] -847560454244994686470436827331616196
[41,26] 632998288041024840927408270184844418
[41,27] 595711457956554702936444823292961502
[41,28] -2124272945335324946005401587030714310
[41,29] 1892061854058464841606491959587361661
[41,30] 113863984305244603607639956602391849
[41,31] -2610007973594595240314994910854622842
[41,32] 2943613372855039432395109707828322251
[41,33] -1049236915945765899283617424182894226
[41,34] -1259956095378763216017016867228253513
[41,35] 1769638057084631291838063181005936185
[41,36] -647206971045315257976360451735172986
[41,37] -552340020177976846925764467234507464
[41,38] 667682503416225669299637767931164186
[41,39] -114781420717208934311208612902048163
[41,40] -204448950689738255255381700013451323
[41,41] 147190623856686949536088330038311120
[40,1] 109909713913
[40,2] 467922796645693279
[40,3] 177145991263992317226
[40,4] 16439342910643034934097
[40,5] 324431898872205575221135
[40,6] 3528788954411068652076836
[40,7] -51827289250156315540357133
[40,8] -2306670098281466845169337127
[40,9] -18586186701347279286911252104
[40,10] 28876609205504296320489412086
[40,11] 465876686198952991253860015848
[40,12] -2423556048036708132943508297574
[40,13] -24448678595937985327878205528983
[40,14] -56768976593171998352154734061572
[40,15] -165138915885985841943594924945918
[40,16] 26780875531394157732869637260268
[40,17] 4980837906473225865158657417692498
[40,18] 3303773045446177683255444909793081
[40,19] -44475458270482821789999179091505292
[40,20] -7683506442728947070829846733994850
[40,21] 235212221265590641983657513326554949
[40,22] -171233597389801102502044828307087316
[40,23] -530872122925224017588912211331224997
[40,24] 1379878600280876318824387585942320515
[40,25] -574773640670102098939616560179229634
[40,26] -1923272697965625141179799049469235982
[40,27] 4102938297602061914364047392041630156
[40,28] -2347482590707536056452656701826008008
[40,29] -2225095057528902494178100617208661621
[40,30] 6203578153230581333601962822694796750
[40,31] -4896213555492460771567027919090407807
[40,32] 201732726140392890297578039089675677
[40,33] 3722170195567028935544116441441987888
[40,34] -2956560009281155374526781829670515303
[40,35] -108185267227989682782602226346087582
[40,36] 1985257185139158898921228911913924696
[40,37] -1058969344953321243424389995963291832
[40,38] -451825358752163527225015320553490624
[40,39] 723548564864748243776465213268186154
[40,40] -121620875682734846608981861933120444
[39,1] 342673493585
[39,2] 865138306756482141
[39,3] 419482056011856866806
[39,4] 35101529893441191959451
[39,5] 350461903990131787053367
[39,6] 5999233447424335412087802
[39,7] 157244721968584072119348092
[39,8] 176796537159665091228818790
[39,9] -20947519216466163421326147107
[39,10] -102686346578400828223883457221
[39,11] 1289652484286654352845855044458
[39,12] 10356657980973598085920714569513
[39,13] 2425248350580881595965914005980
[39,14] -102124946968827773258396851416819
[39,15] -154552869744403177439828056939743
[39,16] -1182950976754558383848377457510176
[39,17] -335736306222495091152258941227630
[39,18] 29260519438188770615806407603664770
[39,19] 1151103594351675192335304432629869
[39,20] -235212221265590641983657513326554949
[39,21] 158411691371810600022098375038720728
[39,22] 775911460718974352183413246447314991
[39,23] -1763731594165535874681798667233519168
[39,24] 202791802300772457985025668864322247
[39,25] 3713078991184576985746297223004010040
[39,26] -6262548508348304658009193262157387775
[39,27] 1784360723677712540741094782121410681
[39,28] 6340441641482302442854501170482992264
[39,29] -11145193105690026629781748184735974869
[39,30] 6058454853429180959357551031886746033
[39,31] 2455630168821770840892338699947342167
[39,32] -6845410665196071004818819043601830362
[39,33] 2497687449550883970202013380318743518
[39,34] 2884018372459014958199390988634187550
[39,35] -3949970525078828669605902303221902129
[39,36] 257682606000571916097239470589997925
[39,37] 2284878448927797591316292150323626871
[39,38] -1394849952041558487315734287300277794
[39,39] -529142726135381858306258482813378468
[38,1] 326261727256
[38,2] 1458289344769061026
[38,3] 775813174670549062870
[38,4] 73196145890160484781037
[38,5] 2199587979703255460594702
[38,6] 9295513449135507509098936
[38,7] -151282821884468023931471709
[38,8] 1464660259497511492055015870
[38,9] 20397882388835460372072506453
[38,10] -62800792120983643795294360309
[38,11] -30735413678064425949458810662
[38,12] 11157747581589034470408585633880
[38,13] 39489295695860797801610137414129
[38,14] -99715230295664743358530739691563
[38,15] -108596528157165541283079306580715
[38,16] 138553208635824410765095990811139
[38,17] -12644986914998429288970075420893642
[38,18] 8283596915700415294990632759078020
[38,19] 171581811786795009252073237231852261
[38,20] -171233597389801102502044828307087316
[38,21] -775911460718974352183413246447314991
[38,22] 1896780427940499618198245952501690992
[38,23] 187008778860753825754666924610313667
[38,24] -5188795517418102893335578736572558262
[38,25] 7826833985822254991191308200931726320
[38,26] -223261592400787325705702182232722937
[38,27] -11632036086155176617648906985177208601
[38,28] 16141739658222998863998403680159569165
[38,29] -5524950651288024439485693325291527560
[38,30] -6385470949054782283762912806948954914
[38,31] 8290018097583000384385823231294211892
[38,32] 1801152487321630777326581683333500368
[38,33] -7703718827805939106337069713514695720
[38,34] 4279475223656916544433066561472854400
[38,35] 3523613044705533153341641430800682209
[38,36] -5210969688592719346226095756164890216
[38,37] 1120098960232315411209069876843571835
[38,38] 2595883988931814214830880201324999022
[37,1] 364612623879
[37,2] 2294324242183719575
[37,3] 1244176857529928943296
[37,4] 108201615539391398658557
[37,5] 3378169071831212357983175
[37,6] 16329956402077713769894838
[37,7] -126412811375822617473955790
[37,8] -580911146364655459510048618
[37,9] -48472520763260271290292093157
[37,10] -689173788509942687361851204403
[37,11] -3024639656892226308856079661261
[37,12] 10870499997097642305487058107178
[37,13] 98301003831904157494442733215711
[37,14] -134305876133160133734767703837951
[37,15] -769323893296444778096382843030890
[37,16] 4719286088830670185295527280381709
[37,17] -8682667208799705578787112088403701
[37,18] -92788829178648605025587584876727158
[37,19] 175628846715534441228649692893265735
[37,20] 530872122925224017588912211331224997
[37,21] -1763731594165535874681798667233519168
[37,22] -187008778860753825754666924610313667
[37,23] 5754437033703866461726934972784008270
[37,24] -8508749197433128703511385708844483963
[37,25] -1315651078945761056746793638302126582
[37,26] 16119252249183452896590237243215158361
[37,27] -19925341377061329409864569629148751625
[37,28] 4031766211033104784444872212406107310
[37,29] 9582787688715311946572476651697829121
[37,30] -5707668676957698300583997954977063937
[37,31] -10313384783572656246689520772207835091
[37,32] 12426265726758972309756329849504350224
[37,33] -110810247816074717528059559853285162
[37,34] -10719127034692910995272175472184306014
[37,35] 6824927382220795795842145777329139227
[37,36] 2098704148938010743348382027321265295
[37,37] -5786060228847874801460058832456887140
[36,1] 107771075069
[36,2] 3472368384989053606
[36,3] 1599641888672827880880
[36,4] 152757335266737122647471
[36,5] 7315097869852002374844743
[36,6] 47165578772117550612272297
[36,7] -339027360340421498465153109
[36,8] 7277872922494912580055587431
[36,9] 155988163490516292087641838664
[36,10] -100274393250147945015185874183
[36,11] -8446050494947331528132196355395
[36,12] -7307180880371704460399692786974
[36,13] 247523120046892601631435557387236
[36,14] 369510832225429103066403464506062
[36,15] -2735344354797126007921941254354645
[36,16] 5473327267075242682544672764962930
[36,17] 40191821388405334390945906725399109
[36,18] -133239753159126881285887057865953981
[36,19] -228753647402193829862576367950628778
[36,20] 1379878600280876318824387585942320515
[36,21] -202791802300772457985025668864322247
[36,22] -5188795517418102893335578736572558262
[36,23] 8508749197433128703511385708844483963
[36,24] 1953064693357202788982850444934056376
[36,25] -18440160140528320395293448541467685346
[36,26] 22248433714637160068470464781574465639
[36,27] -3483985176178623266335977726624998172
[36,28] -10321421824503185198806658968609622644
[36,29] 65216441287898077986533513262214983
[36,30] 20068035048458191089974607194623489773
[36,31] -14610596234467433110897139976613234403
[36,32] -8832902946985862406332888342928224499
[36,33] 18151481634577624672412126600490581654
[36,34] -3759193728705509269376875485786107517
[36,35] -9121472380601761378764872635997234518
[36,36] 7142370591310420893812325742516165458
[35,1] -274705032264
[35,2] 4719272774208258298
[35,3] 1670776822559284727213
[35,4] 152476161644127212307781
[35,5] 7475604290376202119416793
[35,6] 158732656503587395496788588
[35,7] -1223797325012606283545197617
[35,8] -28387092625148591879159658873
[35,9] 127152788200746860042283411389
[35,10] 1863889006471889538889711992612
[35,11] -9928913438903878935918688266623
[35,12] -97322640710219784792136544651943
[35,13] 106644250318092765001908878571761
[35,14] 1369258016338976323496755744089982
[35,15] -4057953683936875212442664133555375
[35,16] -14427151659801490833682155958312085
[35,17] 75429400367824920287453110550045193
[35,18] 36632280935356019530879097585424690
[35,19] -847560454244994686470436827331616196
[35,20] 574773640670102098939616560179229634
[35,21] 3713078991184576985746297223004010040
[35,22] -7826833985822254991191308200931726320
[35,23] -1315651078945761056746793638302126582
[35,24] 18440160140528320395293448541467685346
[35,25] -23003566745056007130110723286405181156
[35,26] 4003517980535423714945671483221404630
[35,27] 9367923315962152073048930667165363110
[35,28] 4504024856639655718438567935584002090
[35,29] -26709745652693040869964564793697717284
[35,30] 15504646535160221459979035372717390260
[35,31] 18000690835385945723340675876359389818
[35,32] -21316529654432490725833846340629365292
[35,33] -4248090312417082544953533389453662628
[35,34] 16967514497961129075744451980004538826
[35,35] -2439560351313123118840430836805713056
[34,1] -402293778049
[34,2] 6452681851352734627
[34,3] 1154680600005849088499
[34,4] 211311198213134968929034
[34,5] 8240733216051960645448004
[34,6] 259590210194605316693697964
[34,7] 1420171464333255865334509462
[34,8] -23664539088904942464575958563
[34,9] -125960189617880906164178482897
[34,10] 2769144358036171996035437691479
[34,11] 9021448443196737964648481505668
[34,12] -117428129036380927871466670091225
[34,13] -215228100589623648911735937157059
[34,14] 2694700089886078831401750362025311
[34,15] 2362876715423752303930151003167870
[34,16] -34964223005464276024381876701699805
[34,17] 32580504867256268649381278132599570
[34,18] 396075396280482353154117759978911837
[34,19] -632998288041024840927408270184844418
[34,20] -1923272697965625141179799049469235982
[34,21] 6262548508348304658009193262157387775
[34,22] -223261592400787325705702182232722937
[34,23] -16119252249183452896590237243215158361
[34,24] 22248433714637160068470464781574465639
[34,25] -4003517980535423714945671483221404630
[34,26] -8654530588270272406725070143886965918
[34,27] -6097522634824044315565433290589995676
[34,28] 29057001651700282622775716454501458448
[34,29] -18868524654361506339466981569590238541
[34,30] -21259078175673528560715348664519695946
[34,31] 20741400708211826368551967198706968859
[34,32] 11482339469228476903913185346100784301
[34,33] -21120225023731044247606229919257674632
[34,34] -9095895074784296388549839174206098900
[33,1] -660859076641
[33,2] 7764380784719357455
[33,3] 219899411632066653402
[33,4] 73840489045199357521667
[33,5] 7247123477859504831187957
[33,6] 297809927502763164384868894
[33,7] 1846201585929654991752581215
[33,8] -40379967690643836468437624595
[33,9] -250012178864012257887858558510
[33,10] 3154203783140633548792059628093
[33,11] 26108179963128455066555332276435
[33,12] -100521917596128880778572125278196
[33,13] -955781267676210265692589823662133
[33,14] 1586184110224073314065870596868017
[33,15] 12675322800403513569139973389400398
[33,16] -37160179393737571244526710995330711
[33,17] -135027069177307200937502866935697517
[33,18] 458441739922516795949629368977327668
[33,19] 595711457956554702936444823292961502
[33,20] -4102938297602061914364047392041630156
[33,21] 1784360723677712540741094782121410681
[33,22] 11632036086155176617648906985177208601
[33,23] -19925341377061329409864569629148751625
[33,24] 3483985176178623266335977726624998172
[33,25] 9367923315962152073048930667165363110
[33,26] 6097522634824044315565433290589995676
[33,27] -29246984327612136702013461891808024572
[33,28] 23317580508192061400280293463513791808
[33,29] 18465516856981239105941530577125348990
[33,30] -21887491139321522502836417350232164902
[33,31] -10513429162550195673007792351131803458
[33,32] 22372186021421153985436799276457058014
[33,33] 21146952545839000496810066965864875844
[32,1] -409689544810
[32,2] 9222787133739423904
[32,3] -1446202735790142114465
[32,4] 148543392025601272753282
[32,5] 2024092360038211979934043
[32,6] 264540469369446279139849596
[32,7] 8645058512302985356878079409
[32,8] -25889650433732947876528565837
[32,9] -1004017975077294504661043321357
[32,10] 163299828657163668704434054112
[32,11] 51312571687084082491859434218719
[32,12] 91267187552934380855252588880291
[32,13] -1235672394521347867097282901929978
[32,14] -2175668240747906517675907264930786
[32,15] 21191980523540587530813305924404582
[32,16] 24542772475009308136477983237740099
[32,17] -244031042086912199742735008559350441
[32,18] 17681261455635177876681575853208834
[32,19] 2124272945335324946005401587030714310
[32,20] -2347482590707536056452656701826008008
[32,21] -6340441641482302442854501170482992264
[32,22] 16141739658222998863998403680159569165
[32,23] -4031766211033104784444872212406107310
[32,24] -10321421824503185198806658968609622644
[32,25] -4504024856639655718438567935584002090
[32,26] 29057001651700282622775716454501458448
[32,27] -23317580508192061400280293463513791808
[32,28] -16093546456580700959253736117442342834
[32,29] 25080527820284370898303779741322345815
[32,30] 2307115087052117685198687669589218341
[32,31] -26314970223803486510690943143647086999
[32,32] -24645249605307238725295971681441871840
[31,1] -77247705496
[31,2] 10490168267292370790
[31,3] -2600630347262401946753
[31,4] -171810319748407500646121
[31,5] 5954785159279371469902011
[31,6] 48407484327112137678866348
[31,7] 6501025589451312386286513418
[31,8] 87072275698288368324470101372
[31,9] -751938717546690246433348062949
[31,10] -8255016395036249534967625454965
[31,11] 31748487073467384531410907213944
[31,12] 326123213981997674042451684393293
[31,13] -547051788496368420252682266750633
[31,14] -7115604541023173698034687200694574
[31,15] 6567029509296623565159535438837169
[31,16] 92129701087652331307030965008019773
[31,17] -149203559873875351244673240903389497
[31,18] -824315444235779272129310827306761750
[31,19] 1892061854058464841606491959587361661
[31,20] 2225095057528902494178100617208661621
[31,21] -11145193105690026629781748184735974869
[31,22] 5524950651288024439485693325291527560
[31,23] 9582787688715311946572476651697829121
[31,24] -65216441287898077986533513262214983
[31,25] -26709745652693040869964564793697717284
[31,26] 18868524654361506339466981569590238541
[31,27] 18465516856981239105941530577125348990
[31,28] -25080527820284370898303779741322345815
[31,29] 2641854190960948866092726095304108258
[31,30] 31895967766783259671578355740147338683
[31,31] 19147855164097836549556939355200394388
[30,1] 161336703718
[30,2] 9945708882250921014
[30,3] -3714657090653354191708
[30,4] -45669361254620142322324
[30,5] -4521376880461642059555838
[30,6] 103695322951808057348515607
[30,7] 4247375499369808022130610871
[30,8] 70520644370429257141016626466
[30,9] 4596138236530450157033418338
[30,10] -7932488590805071801794009625035
[30,11] -17616045532764017190344238367925
[30,12] 345123924727101017739684102542024
[30,13] 1026148178507781803874566645682181
[30,14] -6716099177275741430600850860586324
[30,15] -20206777309645687220022262582330059
[30,16] 101277166828973934306974113492086776
[30,17] 195792266991866172386020566805517718
[30,18] -1076551900489822691120955617013282802
[30,19] -113863984305244603607639956602391849
[30,20] 6203578153230581333601962822694796750
[30,21] -6058454853429180959357551031886746033
[30,22] -6385470949054782283762912806948954914
[30,23] 5707668676957698300583997954977063937
[30,24] 20068035048458191089974607194623489773
[30,25] -15504646535160221459979035372717390260
[30,26] -21259078175673528560715348664519695946
[30,27] 21887491139321522502836417350232164902
[30,28] 2307115087052117685198687669589218341
[30,29] -31895967766783259671578355740147338683
[30,30] -15028521807894382772521981409839989716
[29,1] 495315887388
[29,2] 11890662715415547386
[29,3] -4455469637594334016893
[29,4] -367182231063385142716941
[29,5] 3990374261687088267407025
[29,6] -240518263240265705826565396
[29,7] 4213462908749486868324346135
[29,8] 133187842257614033042064058689
[29,9] 281586384747944290854508862911
[29,10] -8210788872434250841149168237504
[29,11] -53668996727375020639138476212309
[29,12] 134226195910013462080742051280591
[29,13] 2053167712008153679345636289024132
[29,14] -42262528561837355568063888381459
[29,15] -39176926071843083641342275369556799
[29,16] 3048176273970405758195071251457280
[29,17] 441160856858915946102008090295027217
[29,18] -469791642878348783707864809361303703
[29,19] -2610007973594595240314994910854622842
[29,20] 4896213555492460771567027919090407807
[29,21] 2455630168821770840892338699947342167
[29,22] -8290018097583000384385823231294211892
[29,23] -10313384783572656246689520772207835091
[29,24] 14610596234467433110897139976613234403
[29,25] 18000690835385945723340675876359389818
[29,26] -20741400708211826368551967198706968859
[29,27] -10513429162550195673007792351131803458
[29,28] 26314970223803486510690943143647086999
[29,29] 19147855164097836549556939355200394388
[28,1] 416028480856
[28,2] 8139655394276761667
[28,3] -2395199962792486488505
[28,4] -102947357720676924396724
[28,5] -11963659477480354373111227
[28,6] 65631995953927166617029008
[28,7] -5577412800227491000490555956
[28,8] 58087334553425532690064694345
[28,9] 1522623956250445014265789236489
[28,10] 456707591710159400948204586886
[28,11] -70906358753410409185467736500672
[28,12] -225591388463204247008026443462516
[28,13] 1526832669983700647772036469920433
[28,14] 8144368665376919797035757239983205
[28,15] -23742890942179367544133992212770812
[28,16] -120572807825801158665337991849176342
[28,17] 362842828213743622893019701555524305
[28,18] 722669029909584231524122739670785887
[28,19] -2943613372855039432395109707828322251
[28,20] 201732726140392890297578039089675677
[28,21] 6845410665196071004818819043601830362
[28,22] 1801152487321630777326581683333500368
[28,23] -12426265726758972309756329849504350224
[28,24] -8832902946985862406332888342928224499
[28,25] 21316529654432490725833846340629365292
[28,26] 11482339469228476903913185346100784301
[28,27] -22372186021421153985436799276457058014
[28,28] -24645249605307238725295971681441871840
[27,1] 226886560634
[27,2] 10653729682082927756
[27,3] -4571972242693532122313
[27,4] -191283946962080659112503
[27,5] -1993755911289152530117730
[27,6] -16009555880818481809711299
[27,7] 119590918853838683471071242
[27,8] -28142733523124733963295893899
[27,9] 398768378521925357682179838405
[27,10] 7785223188596938324785155982438
[27,11] -10366002493624879423868568652367
[27,12] -401461242729574887814699503192931
[27,13] -452339652913677330760756561923464
[27,14] 10049704521307131463161593309645173
[27,15] 13639475181145799415737764910211715
[27,16] -153357568097040947781305406529388706
[27,17] -54506233310354963713276142748985254
[27,18] 1295614978553491942602957907022285392
[27,19] -1049236915945765899283617424182894226
[27,20] -3722170195567028935544116441441987888
[27,21] 2497687449550883970202013380318743518
[27,22] 7703718827805939106337069713514695720
[27,23] -110810247816074717528059559853285162
[27,24] -18151481634577624672412126600490581654
[27,25] -4248090312417082544953533389453662628
[27,26] 21120225023731044247606229919257674632
[27,27] 21146952545839000496810066965864875844
[26,1] 48462168238
[26,2] 6165217133102144953
[26,3] 1150793435979849851728
[26,4] 75091711982244532354731
[26,5] -17351209334593829061202991
[26,6] -1153682024367853076284332
[26,7] -2632925920927136132782081734
[26,8] 14745934577627248174151112069
[26,9] 274945625256966884898425878766
[26,10] 3336363043522140138020360537797
[26,11] 28296392528382029397730232978311
[26,12] -157134095393722755056706547802049
[26,13] -1929262819331710903899224572817571
[26,14] 3090969768857665114721714787702723
[26,15] 41598285124992066034435447378576175
[26,16] -61986995977460221896117680762121520
[26,17] -393009079232927806474151607119313245
[26,18] 819435552037101556613606124597571944
[26,19] 1259956095378763216017016867228253513
[26,20] -2956560009281155374526781829670515303
[26,21] -2884018372459014958199390988634187550
[26,22] 4279475223656916544433066561472854400
[26,23] 10719127034692910995272175472184306014
[26,24] -3759193728705509269376875485786107517
[26,25] -16967514497961129075744451980004538826
[26,26] -9095895074784296388549839174206098900
[25,1] -191316326400
[25,2] 5260036764701116604
[25,3] -3727146598181466474450
[25,4] 245063629219083974079388
[25,5] -2103292906716363146796736
[25,6] -4361882226298898310717976
[25,7] -55632719087814593617343545
[25,8] -68480738975623564089663894267
[25,9] -18175555802300799737904049890
[25,10] 3042582336157229161989738144421
[25,11] 37372023926615651108099869712671
[25,12] 112157884522065849118566703845750
[25,13] -1571261158133729795750950415534601
[25,14] -5941604764379079565822405228146365
[25,15] 33028701494078049435712037537797574
[25,16] 69747361687539621608772095224879935
[25,17] -387383411795829488138773861031422626
[25,18] -140054374885141347084602621943465867
[25,19] 1769638057084631291838063181005936185
[25,20] 108185267227989682782602226346087582
[25,21] -3949970525078828669605902303221902129
[25,22] -3523613044705533153341641430800682209
[25,23] 6824927382220795795842145777329139227
[25,24] 9121472380601761378764872635997234518
[25,25] -2439560351313123118840430836805713056
[24,1] -221108406962
[24,2] 7602497334595911886
[24,3] 2670961577403228762762
[24,4] 129409978729157892133880
[24,5] -11106038892206752519530257
[24,6] -51818631457570493001425014
[24,7] 3782656546923250472964317547
[24,8] 7686220444507404930825440015
[24,9] -406200263146597597236243170396
[24,10] -3245025765827600146620929201024
[24,11] 9649577148754394298744419594308
[24,12] 299423408124252213675144464079898
[24,13] 25918859500639973409869644430434
[24,14] -8663058545636865012136878878283416
[24,15] 1451610177645762905802044134275333
[24,16] 119579964796851310408797551659034169
[24,17] -105868765414760266464152831790235487
[24,18] -682462585337921927142605545126195282
[24,19] 647206971045315257976360451735172986
[24,20] 1985257185139158898921228911913924696
[24,21] -257682606000571916097239470589997925
[24,22] -5210969688592719346226095756164890216
[24,23] -2098704148938010743348382027321265295
[24,24] 7142370591310420893812325742516165458
[23,1] -135860683432
[23,2] -3881313135543982804
[23,3] -2174580941594001033737
[23,4] 399425529244128318624729
[23,5] 3991782960591193531975747
[23,6] -240757516248262199958441468
[23,7] -854363415115135496480244748
[23,8] 12998033919594588222305977380
[23,9] 207384447773642995491170121203
[23,10] -457986407208333114630483199567
[23,11] -28563256213031052842446868150598
[23,12] 103806746602532889105583101345663
[23,13] 1304362842698590285752524399111705
[23,14] -4311930691119755051827023254379098
[23,15] -23547483786024723279886521500422029
[23,16] 72939274077578783433742308949323405
[23,17] 161392225828347754376094478355170083
[23,18] -471728219123892811644637949060132180
[23,19] -552340020177976846925764467234507464
[23,20] 1058969344953321243424389995963291832
[23,21] 2284878448927797591316292150323626871
[23,22] -1120098960232315411209069876843571835
[23,23] -5786060228847874801460058832456887140
[22,1] -64808358368
[22,2] 12619187201505159913
[22,3] 1382048134686956179651
[22,4] -36039253022654893370015
[22,5] 3598153480038437572835380
[22,6] -7267634848981680090142679
[22,7] 1385990151290034134697994823
[22,8] -8784336431792954468793583052
[22,9] -98901257371737435148584256107
[22,10] 1210018315093263702818322225236
[22,11] -11693469510459865478130776287568
[22,12] -91696041543187796559172107289537
[22,13] 1096700130064506548857287150629801
[22,14] 2204939677482466782504096114026787
[22,15] -23433590445980629559314864913625878
[22,16] -13373742690071889802390798681118321
[22,17] 190997875076995335138498143684652588
[22,18] 17266065509777145968790177962715090
[22,19] -667682503416225669299637767931164186
[22,20] -451825358752163527225015320553490624
[22,21] 1394849952041558487315734287300277794
[22,22] 2595883988931814214830880201324999022
[21,1] 30125810758
[21,2] -12685077290841090784
[21,3] -543056166760789336531
[21,4] 169456792762318613656493
[21,5] 3720687670337833825746224
[21,6] -168116861101285712043910501
[21,7] -454701663295279064626131332
[21,8] 21371264220881834000401295255
[21,9] 24464436010629143938606046161
[21,10] 809534727212140660533112259906
[21,11] -2423228706159637786301501621102
[21,12] -147381107709354496389720699997770
[21,13] 147504465301789510366139389726570
[21,14] 4557780693625303764466964299841358
[21,15] -5640514257745457006906919258168399
[21,16] -48909845540486825721546164070900697
[21,17] 60618115552625307707847224487401230
[21,18] 235038591238750304879929854619623575
[21,19] -114781420717208934311208612902048163
[21,20] -723548564864748243776465213268186154
[21,21] -529142726135381858306258482813378468
[20,1] 75930374854
[20,2] 16578352913033030940
[20,3] -3054948504708648380
[20,4] -107401121876583055294389
[20,5] 6773927246709914397474110
[20,6] 48727593583408560922238485
[20,7] -1403010977158270167437134013
[20,8] -5448599910641139311064037608
[20,9] -70951403832775818636050381720
[20,10] 1103307184698093363329935432601
[20,11] 13868448140036027763127408250748
[20,12] -70179301099758491590846325303591
[20,13] -554532138486690728685036335249695
[20,14] 2369071619813933355021822416182604
[20,15] 7577602454587295506234931792683163
[20,16] -30233079847428596258099226748009090
[20,17] -46205486518539615163776462459539766
[20,18] 131215053637379038722487130812348895
[20,19] 204448950689738255255381700013451323
[20,20] -121620875682734846608981861933120444
[19,1] 48854717186
[19,2] -15913021171211217900
[19,3] 108707354094317429231
[19,4] -57390045915931269102673
[19,5] -353516410974301224542582
[19,6] 25468784674410609061904179
[19,7] 154221538748467116073107187
[19,8] 8440379122056926282784936358
[19,9] -80854919958513637116174066099
[19,10] -1144120672456979919268455793113
[19,11] 9377340780244419083782514988407
[19,12] 37700305634332713698929594232638
[19,13] -424197689762318003513572515217042
[19,14] -433277704514311256689108537096898
[19,15] 7866657928776548791544690580275719
[19,16] 1590015694672076639603626734241043
[19,17] -54493729306587570547398625985282188
[19,18] -17972489042412073580417833503836719
[19,19] 147190623856686949536088330038311120
[18,1] 16591696092
[18,2] 15220971245688534237
[18,3] -160772058988256662517
[18,4] -27660309198097158944297
[18,5] 1416374677523210654905268
[18,6] 27120878182815588409446307
[18,7] -667483169189417755638739686
[18,8] 2893609207085643732686504442
[18,9] 78549413077051150470463271347
[18,10] -658540403217289873300646789199
[18,11] -444153546000081125939055832203
[18,12] 42861159807995206960515315003115
[18,13] -95377188180679353427164003720489
[18,14] -1228663246053702593897562521135521
[18,15] 1951196993389711218323596438961816
[18,16] 13653491169420309863150923567148157
[18,17] -10659502103894197618329429308360634
[18,18] -62143118658622245567570706717854750
[17,1] -1386875830
[17,2] -12520036374885444338
[17,3] 9929287560009570937
[17,4] -46434440106967794673587
[17,5] -1397731201703157210308396
[17,6] 39534502105541448191718219
[17,7] -12432707666624404307081278
[17,8] -2743419012918382545126530109
[17,9] 36468072824083747622319660544
[17,10] -187580821449086995224528879757
[17,11] -2358036941271827861133768076970
[17,12] 27454129938501330618921411794501
[17,13] 109324409426387496639080584196601
[17,14] -647344824161265427486605587475382
[17,15] -2159950222937156450742342666833910
[17,16] 5406158279957336685945177935047996
[17,17] 15882596539403007452854350694532370
[16,1] -12227350452
[16,2] 9588554279805380188
[16,3] 53898327575660960414
[16,4] 4169557302120903453932
[16,5] -1310113143428334289797900
[16,6] -239089899652422301827550
[16,7] -18794177210287087499188904
[16,8] -2370863849719824642366265400
[16,9] 25608865467212310939018533097
[16,10] 47853743948140896073382802800
[16,11] -3373256764200901019195745689359
[16,12] -2413120097178864914803126999584
[16,13] 111640561598003069759852575365980
[16,14] 186662940131502711652307736206319
[16,15] -1311342267163075285857236218495950
[16,16] -2576840343920201195514761357505128
[15,1] -11571136640
[15,2] -6535222745969586264
[15,3] -76022397070859665433
[15,4] 7528208511450379553349
[15,5] -111710331891925501973366
[15,6] 7525079648640610350029385
[15,7] 145974093245326499527752127
[15,8] -2170994620648964042107610926
[15,9] 1003413234607855054590530152
[15,10] 238031701173013346528821975788
[15,11] -751646543942896145192218464697
[15,12] -11827405326820940899053396925739
[15,13] 1488934816320056654364484487925
[15,14] 201123997051110911195967485134022
[15,15] 223625910325806013624826106942874
[14,1] -3566963708
[14,2] 4031999795354151486
[14,3] 73780586555314249991
[14,4] 3889516050327113868525
[14,5] -335084480031846079176310
[14,6] -3654620480056608137459165
[14,7] 146084457090946386367232397
[14,8] 35442959042436108127984472
[14,9] -9218807727377552454852728343
[14,10] 114104480446719853738690242603
[14,11] 709944169125475053052401328736
[14,12] -2841727256862138805484130663752
[14,13] -20101371103143346614236108865959
[14,14] 4291178222885977357901447012096
[13,1] 1581670348
[13,2] -2206030001295566636
[13,3] -37972886601941656745
[13,4] 3250790023514423944653
[13,5] -47240019702604016374840
[13,6] -6256045778153664432726605
[13,7] -892186310870982701126384
[13,8] 120474075827601630841220605
[13,9] -8293223573245798574967270936
[13,10] -7259749835786333267595923567
[13,11] 413073202465143623074855327948
[13,12] 1101785358712021565789637998203
[13,13] -4159214193003971627316793418914
[12,1] 1854044320
[12,2] 1064432766188828892
[12,3] 28909533899284089280
[12,4] 587268543829453227543
[12,5] 138118464680372919645808
[12,6] -618824734567367068249325
[12,7] 4946899426252527384295089
[12,8] 333095349186125139013735410
[12,9] -2702912913055847795436534263
[12,10] -32181909502064843796416767338
[12,11] 10771452211281318965918746242
[12,12] 605677055820563604671419374594
[11,1] 659846029
[11,2] -444025840743465889
[11,3] -12406916487560546917
[11,4] -869981209617609731636
[11,5] 52150233088708148831333
[11,6] -187464901616334878376045
[11,7] -5637579106018158149987278
[11,8] 249419259717991052168280739
[11,9] 1347419227959351886589932622
[11,10] -7762706764425769661250567241
[11,11] -48105482277196723187775929311
[10,1] 18742707
[10,2] 156809658287677508
[10,3] 6212884278198293077
[10,4] 16459468865921052074
[10,5] 14019607020096937516589
[10,6] 1062746750601749264239
[10,7] -10537452549150159479072121
[10,8] -11206219969760518411856073
[10,9] 689599100363289121072437991
[10,10] 2041760917402861954713227886
[9,1] -82630916
[9,2] -45362521313006846
[9,3] -1585007965014875791
[9,4] 75165891194451590155
[9,5] 3426218178560500649830
[9,6] 221687687581864045002587
[9,7] -1720108861522769498955660
[9,8] -30680196763250197807816713
[9,9] -12753768012160350383548568
[8,1] -41311505
[8,2] 10270768725099083
[8,3] 308123905223950774
[8,4] 34744844026313327840
[8,5] -1140434855722673643847
[8,6] 73997920642695013097640
[8,7] 575674607057409678922795
[8,8] -3295958883912529312508556
[7,1] -11507242
[7,2] -1704072447498808
[7,3] -85222544670921465
[7,4] 4869780641824545719
[7,5] -803339146147001316304
[7,6] 1323697023062114874805
[7,7] 137185977170858338126558
[6,1] -2154385
[6,2] 188930320343597
[6,3] 6070698033380727
[6,4] 2509077320646525033
[6,5] -94463620887808090031
[6,6] -1484304427834622692154
[5,1] -283023
[5,2] -12274586646199
[5,3] 1129273969548354
[5,4] 439200028219524505
[5,5] 2113255365964419230
[4,1] -25960
[4,2] 386677146342
[4,3] -139897835169465
[4,4] 13810014118930838
[3,1] -1593
[3,2] -4386634837
[3,3] -4715786415762
[2,1] -59
[2,2] 9584550
[1,1] -1
