[38,0] 1
[37,1] -26419447500577769
[37,2] -1876707395708729903676
[37,3] -2348469390500977071962610
[37,4] -354862944050025995879388276
[37,5] -13764552431467690261714071033
[37,6] -202101832186318145886623390424
[37,7] -1414651544692218014880698874712
[37,8] -5482825540982751967190404792056
[37,9] -13045962458983865787184805711514
[37,10] -20530697088476270211544030876032
[37,11] -22589649216479609791131717476316
[37,12] -18132725958231197465272588708368
[37,13] -10977361572877097758533514054464
[37,14] -5146048473972299512517946493584
[37,15] -1908090618431604707804019534612
[37,16] -569290700465241229437202894080
[37,17] -138596413853715535465061688531
[37,18] -27848257803572493326818743996
[37,19] -4661012719988163539547255182
[37,20] -654649237659668447370595716
[37,21] -77605964468962914206500965
[37,22] -7798713491713606093589208
[37,23] -666331832487227395510548
[37,24] -48487644399445405885128
[37,25] -3006140388830375761309
[37,26] -158632549545799126188
[37,27] -7107058393352783298
[37,28] -269186262944500836
[37,29] -8564725164655881
[37,30] -226847826406248
[37,31] -4938702643784
[37,32] -86820220872
[37,33] -1201310931
[37,34] -12590212
[37,35] -93906
[37,36] -444
[37,37] -1
[36,1] -1368119691471664099779804
[36,2] 160343251475306057922037115594440
[36,3] -29156031443971939024627476804300338856
[36,4] 228224731252564677570024685684174668286560
[36,5] -218327788924082731633387987154901652493663940
[36,6] 44860441912047912295498377920067692946748613286
[36,7] -2758764764845616523327460485597788393129335524792
[36,8] 62791791190896927050399289911623337430125313985428
[36,9] -609859069783184246140677853226420935146363275389152
[36,10] 2783527239644813081900642256648594221593456839786078
[36,11] -6355817098652750878265536896998336486696264966355784
[36,12] 7498032251247347059359873299357243167061642596024932
[36,13] -4546467167164999584695805721518195545332646422493688
[36,14] 1306811910327953251606241741103336326277489485862078
[36,15] -115340233811919369165399875541640706960133605260920
[36,16] -15323872214133996863776945924811270274154402053300
[36,17] 2168016410518121483532241881926472819168088906908
[36,18] 136057603900568102043206925227554669857627140712
[36,19] -12972664892927479668061136999330337331587376776
[36,20] -951676426253335686910991176963205142338723328
[36,21] 19243449113274516722285314755819218070132732
[36,22] 2901671357112376109257151966108834226858510
[36,23] 44916838197731539047567118497227466312680
[36,24] -2538547162667669233986224149760800039884
[36,25] -97531984939187959553981450879061658380
[36,26] -323644855890905572582146118155002728
[36,27] 36523523848633742386248070478473368
[36,28] 582062565544058795120803244969808
[36,29] -744436447359060887629486808324
[36,30] -72846068658944989856707243278
[36,31] -323268115772623759247940504
[36,32] 1593873317965031335339764
[36,33] 6720182088658690989996
[36,34] -7508483006755691547
[36,35] -2540903312396992
[36,36] 230703040692
[35,1] -1248072921357229756100881421010
[35,2] -21254746922655543548953430590334947026024
[35,3] -154765869330850039696129090486824587963756940957
[35,4] -16721746951957414527059719808222734898905631388210084
[35,5] -116739754973136687299149073700554767125438208042818901512
[35,6] -106120017569074849885334645288751360062838388080843590693388
[35,7] -18974539486459169454607733610465367504541410231540195937817933
[35,8] -871226579970920142356240849797369676997986921218515878651514312
[35,9] -12370980407374157609133527114644600619116254279459995017666776660
[35,10] -62660982340565619926180959185365383771698226445634442718602898328
[35,11] -128544060820617916884933246563798397386860693685450758895168940912
[35,12] -121754345744647870781792287444663999726343451935582502896900325176
[35,13] -61108159507209328590673896501056371352593589576589500490686133024
[35,14] -18406134909008490185272781623873079744457295554381384199268701896
[35,15] -3656303312351639578103550384663623031796139146908244146582405022
[35,16] -510633888361693587288883918280716498344265832077477111957998672
[35,17] -52790865897223164696049286050077053584477673632106825141529822
[35,18] -4053559966602516188195418871511751775235321365450119964644816
[35,19] -261866345818071692716580137856663242721405121713519793256215
[35,20] -10031326230781269289885801830549269508773232189907062710340
[35,21] -648136452624563662505367884451999548189429650277512764996
[35,22] 983889385400313912341923665721921738757310211476400644
[35,23] -1089752724868119966817522143670534076620174115958856653
[35,24] 21426543590693828123308678809750797265720616129406696
[35,25] -793334380119107666316438901476426639401142952900002
[35,26] 10894591028123023595734790883717954271317873540648
[35,27] -148111731806106480185671568809983991709591501342
[35,28] 966613998381503007129180341759107953509618928
[35,29] -5159510672702092144677774552782256182796690
[35,30] 12455537390461211065124423584592230380864
[35,31] -22769336694021674871527231820777579672
[35,32] 13438367239566704521043620143528480
[35,33] -6077214533203905553926024424538
[35,34] 269568098205557603655129912
[35,35] -17056129506865303487634
[34,1] -137481175311840711786304590908786964
[34,2] 121287979401594224812491488984683469888877732960
[34,3] -12190153527976955190226535740194373741302205282005151236
[34,4] 8230449464607935165211518637967993794533570344039051039480845
[34,5] -188791620805905121371055432225061500636324730845003448658637694940
[34,6] 333050240829064615755854207821186292468173723272562218664561039443288
[34,7] -71523674213169973615123681037298968582249655150314917069048459346540316
[34,8] 2438346319856244602270824086723998631324203488808768809334077391034260154
[34,9] -14729062326245845750250202442683671217304921257236692271328606820541545920
[34,10] 12685578681293846742217246614120526626978693821109108135780566953651642180
[34,11] 3287951369521829931283464141670985509949548535130806804333668438097248488
[34,12] -1299338639160822736011987368053147352550987596329899859530383221030461120
[34,13] -1863544465500569696033964253962209255674150224672174390896670997360435624
[34,14] 131212710357710703744823377910532301456946096237630698823931400629946684
[34,15] 875488237681010957304907240472142807437837294789854445211041078020448304
[34,16] 194736885213826774168728006085534908383193128959035159715970475845759902
[34,17] -26420149762378229557607583518810392299827981407747423014825666973630764
[34,18] -7556023294191002006260937290043934227827700194489006632377243084720616
[34,19] -179749062703536852431077057219976671737050351071728722351557576931292
[34,20] 35847835965648346762747332728331741098775773006175026832357959936733
[34,21] 1878856758205857136751021977962002613380616819551853834887386320324
[34,22] -9866991193052839894542739986081665937995658020081331468073270632
[34,23] -2001773433242631863758914993623534661484480970335321930155625260
[34,24] -22932918023462525898510629544264105177826637419591686282512250
[34,25] 367075941666298597228561476696668961200674185066275715536028
[34,26] 5507650004892571989001043960454093649308611769819728081856
[34,27] -9636399212811115597645550161419379205915718859619193216
[34,28] -185102489623531324713905957709642074797164734127612932
[34,29] 13073391350735531939106597981209383066246730950692
[34,30] 728512206968671602152986891922096041575289954620
[34,31] 17090259568547141207680923709279805643019736
[34,32] -164808679006421597787822727041134312190306
[34,33] -1592314438869198040494222365452657020
[34,34] 441242338517527012686087508662124
[33,1] -3887516163087841279143582662405698854873
[33,2] -84584658747256915765862942710277716956003353036466660
[33,3] -62040292122678734234947082876496525995910006720483719838438792
[33,4] -137629091567504833479499410092069833963880728786007514072146879611260
[33,5] -5435643852086014888774007928426340886525309011466788769215999536933212385
[33,6] -9159585469838170617002897950320793747883866410455868969407801934687490587072
[33,7] -1045304439409749473629167459424788831709357586466020348103830040923969208096282
[33,8] -9858513322875502082079469746642233853989954700915628060209697642751624392153200
[33,9] -26655275827510770086756419665672173322233072880168017341378357749149545915557138
[33,10] 159543801472765472425693024659039539991715428386494080713303117116415398321647384
[33,11] -714016995784324783049027981557155190166961706599365758005382039881085460174350704
[33,12] 1130656492081456813454930141345819095848778101640284888753752944849231406746198488
[33,13] -710768432044970019652131146280548700227095493821888089727451104509989519410075746
[33,14] 164488897215049633618803076285747143952712805465468045894221357106441987006384064
[33,15] -10064615396254922597715481205086788154753078829858798630337857486070525424053336
[33,16] -1723286544440379652669354055868688725469482912297857133378410523714422128277712
[33,17] -141234826597141633617468709667310721230590535629679744199975064808672531166693
[33,18] -33846357702353283023739505058147799393463349585305138489230329874216333772668
[33,19] -4775586735877066276657377712398886923288244456968587260025361142587423123252
[33,20] -405497201400537027615617213432068965394665741502827430371979089789513281652
[33,21] -23452063962587837032244373763102467338978618579797421991240490153093029357
[33,22] -953150005042761133137930083217852322845109872134774202460026744854470248
[33,23] -27131525783282862402771233702081754520672921314207104895797654961106506
[33,24] -533515239375891020573819755431113804692660909155887751462953001985464
[33,25] -7095554290898708522767420499200806700970182482508687731572133959409
[33,26] -62200535140857492543946813677248739896337671828237225974918194308
[33,27] -347351499285158814383509667688365382904968993321280273884961290
[33,28] -1064771376789133283652463565025665320550517314255982634650204
[33,29] -2098585021218962477944698366465193712369067884286070607523
[33,30] -1436330072608867607163953339096103839584131607131834624
[33,31] -714811924243878135201623267129680784165645711199660
[33,32] -51415899861937352512137113767632285467559279504
[33,33] -3563653833599907561705159144213293618359383
[32,1] -41610975027243814283340859702098337248241176
[32,2] 12669913815552517239081347578852083387093243866394498286566
[32,3] -41113069099299569620177942206409598114959919038252195438948228026732
[32,4] 176996553036438928461906916058699064455578711669693738049312983362780418008
[32,5] -6677337807512026379795112605783858642207338613222328478698287610387180637975488
[32,6] 5253283881125866264033408504464562228904873994387097469585298656436101467865443980
[32,7] -70888404333695912291846119690855540257788346005835428637845180155162511006372157660
[32,8] 4696123019714793270897012032645648491004677816625702005968828083538066412553520494352
[32,9] 11037268180056451517901929237970435917150562191285989130324236933325377051708323799584
[32,10] -269339266911723397197393952901854703330938210633581456584745883684305564121909357802976
[32,11] -29077863531484648360430813422687243694847042232451451788554539909786258073798898390688
[32,12] 74307295733215797197627380333562362731067382646832468522867674510576973528542705778080
[32,13] 76786746765809396374227638057053215118675941994080600155952018943466768666542407471048
[32,14] 42334574901282477680175367585346369638703421988552690856524767310049981535345429708690
[32,15] -1150872076834751020940847118505436605802637777675842427851499739114892128161390802168
[32,16] -1916658534103181763470436696694332764627624515429986643962236173487603901998352708192
[32,17] -282234169414364546452560684368244145973846338277317506530369728154343374196204742296
[32,18] -19642738041899960520195457902997831900415817247200737688731309830703102404521199980
[32,19] -738555945236163588847785912633932640543863551294042252866762291693772895251259676
[32,20] -12596831995010465772323094424391627787862700529751685025802287709392405311669532
[32,21] 110204427937821590287625465417308467165181170060508774951408541979957433780200
[32,22] 10890802880722942913158712383546887755880942118923756783484566058003115118639
[32,23] 276694401407924742514284657627810653401911397392865109599724985194286298836
[32,24] 4756706404311151002798724774063037352867999756562596221514319846418675688
[32,25] 76348608091183774190364649313267053410220563481869367439726714802475008
[32,26] 1029596381453828054102444340762151701934750808007101192107626177034080
[32,27] 7581414402325992518479842090899965252389973765379312602561399458088
[32,28] 8682001239457390366593439948380231157226971695447541633452111024
[32,29] -94025565737257457657154356600198235814461178739196679851170568
[32,30] -93682738204462265084605551619825868446600176626748170578428
[32,31] 25344942950764362157866802647767023717640500715108509152
[32,32] 3954555326092719874290327533068476724138234150442088
[31,1] -212331607672914915578824032104740855775153128152
[31,2] -568005200616892117453668004381419156459204987228537422630038008
[31,3] -5358970392101095004997095773281658355010950154163968425437837915759513773
[31,4] -27709736838743001418088314302950393647330798118416373674885200884733269682934524
[31,5] -555517636584356670014958383804169201512452705109088319816647540778675119919896202362
[31,6] -51677646759264320060755821254633688847927704238254027476989136333113470523645302934140
[31,7] -25963610966795412698091279634587891515430871575592680872533284298808024893942543572305184
[31,8] 697642462394202447704491302431258830805698411846428216646865228156543178251234198034985404
[31,9] -7523533752236231154880647259100390711663463487570606489851632088637196497714851210913386642
[31,10] -30605218632749124863281270963489532886118011894402908548715908499758042961042401513640968236
[31,11] -112809304197617214095000916458855420314219450681576761251895882664904921715934904502587145681
[31,12] -118013415324369470825387496865570048080854808630679049544468193841590803666528686611814049192
[31,13] -54088230129311239117189395550844853996061188428884365529680746417695845064078204135990747824
[31,14] -12432070406003493471543444965535109669057957090986326872215061581897230095743922171075381176
[31,15] -1707486228915776206373229196516102300132988309671700005522819633458838968755745790160576436
[31,16] -155649944676649777947653854415124837628085037894180306544697342102717427240606125132510104
[31,17] -10047563270907827892084328163121192030555954670304680955015357374799377356224967739758468
[31,18] -473545976969960915578202691245602533478636028700677604402826625122512635074659130712808
[31,19] -16052320744768345986208773726194498044757736413803720634559633006026252164396058404863
[31,20] -361744844962514149594823137371802518013445345206584389345140497908512461720545117940
[31,21] -4470763896340615798882675802021506429964949966406888482378015356611064279160394206
[31,22] -19658004984977727253393017400721899922968985476516934842634785074371160250647036
[31,23] -588898371149918275288222841945006982614587363426786440576638739584087536279848
[31,24] -32921302311795331420224348564544742622299359046611812465542123807114799629892
[31,25] -597923369126294924273927936637746185798222813007564693551075064105775729654
[31,26] -4059280080011308430892669389029389520083494897564296285411579173373540236
[31,27] -5243194127011806608884106063823106291847262914178545428497937806939147
[31,28] -28737782690898196464123437370962228744033930709829289502931554472080
[31,29] -786341308255537468294094502880579195562739887316505943031809782176
[31,30] 800919182884031206271108002628453187183020898914135925180801264
[31,31] -649247891368248742895505821086600803859645270443425770517316
[30,1] -599925228278770108713738690430018648894983621643704
[30,2] 9424710998442996377963238559113998891832795906736828152301122808788
[30,3] -179377826861161999758995196383298253612061131489057517721946224610368362116488
[30,4] 688661020897151329572707046843349079223773198580783645668513743827587880484987678074
[30,5] -3819390052361441902759746306104840347765142851316581370828562503296981627552320506914800
[30,6] 2495712313720249450678778971641236079708016983545379699754079965543553552353855485038921232
[30,7] 508581355085373584376574159472387687657354142236046169935564751326119976945149730367504359516
[30,8] 8350657207660599181448281670724373102228380097007947971304673598219678859850397717145811475813
[30,9] -271448171983494584148725656232870317858692294394254155783590701896060184258196511496711092041920
[30,10] -932611642863526142749184409548753376053919340892871453076129738601827344114330318551135229608388
[30,11] -101281765837731629847898483566005636212471511250081410355791077829701404080186505282507019915620
[30,12] 225296301511326046791079158408934582212164121716323938406479219139966301801911177849554004829220
[30,13] 58508931286540585003959103922671453175887078865054349915938432584473563255627741224295798272440
[30,14] 3386559937002992196282436189977329617563239114382928998530325982887259557156881028724894569840
[30,15] -626010842470303205739537835595182215604892373877479849630903976886146858006302712791349034424
[30,16] -134942846459746571849103042669838327806247168599112212584771520033391611736279213467396849354
[30,17] -12011089047098939948016493080253781491454261368076021804639918967180834804704981486323611704
[30,18] -597778536795934585020644206361122726665899321090104613932745022142053882088231177042141536
[30,19] -15324504514744172890031883674580043373267790895210976584917075799611077961138971616790560
[30,20] -2185734797559844839138725317248810256796552363057594138522901706734601422576644648388
[30,21] 14158180382903497402758651565000489753541490077714839549702042170602742578109899692488
[30,22] 516574593792029896568914919197273547467432954904975996023764677970605796906700424904
[30,23] 9682791297775860739315419860904892151643698089517103306099944555043274934126438412
[30,24] 100575201585158722901171040623292285461244076179621725407490512859891358316487709
[30,25] 454307856708827957466586766671829017809379546622808644986357486959269606165904
[30,26] 1059712832072700835432152073668357772065678263690853499132771370967560031444
[30,27] 41665273133964780136123318202794999552059135689526016082014781309350714668
[30,28] 293511198283779160370840332966609694950779404315128724711247788674010556
[30,29] -615102149129748327692454453913934625610467196312858987351937068450056
[30,30] 2091790524597322147370991637025910107861303649211905715527122064120
[29,1] -1040630021867552246038401483384481336313272412524438554
[29,2] -66730162928360474465632846801008064592413686252215813470311947085900768
[29,3] -1856817792511145801673716146563303609326140819916319267090620269320631238923315860
[29,4] -3032583317043401511933246518568737595844295023870019255755693689053201049456218219782080
[29,5] -7528237196737070503637975762926904898698180625394144795126259520737300724882429252210951378
[29,6] 4276063835541610494670357679417903650565634290772929447718900601260777973482217091805171276576
[29,7] -3998314300822174921180926060023570740197142699298010683573241208817440343942078242379021110411122
[29,8] -197885717375967551844421003393762461718986682613411279566237621682227874324225256881102386098559680
[29,9] -1831987477727815518763497803587265677597027905924643927778833923756384369709871795944672364061565798
[29,10] 354622369653475675103146030029164039821976262838301845440365131642998837581736487810577326333291728
[29,11] -1069090339672886448983057385571621141774539372513198431116228999541669331734846233328943535920009462
[29,12] -254071690859684160356629473806796458721135064347028185353960294411529625805674414587548855248285680
[29,13] 4545195626569545916184748438087138115823243560446548347339241212993360473789707313513938165591274
[29,14] 6745457034641932222654045794644330413333846014189425717145373235748709615025916575191090982772168
[29,15] 767430581963149999131002347686133172169238673185016840643637625266491826554627224051630521971216
[29,16] 17138813569020428726508885598668996240755410299633570702952799917377291109890443853432489591864
[29,17] -3771895521755026807416241796654148784323190524982890026811819615728747531701749276494742994689
[29,18] -454905927512588511644412180618671883952098564184309706927871827710614143507591437188402453676
[29,19] -26864601416558790430404817962641444672246797474942809303399065431430220397791235645155990030
[29,20] -1009116258189315178204582137765504602701686015507321320255692639090803112076603445641786436
[29,21] -25482633243376184424412109289715955299876896220236513981845585743756094630011099723359495
[29,22] -433461541059094955719077541581402425253792283431714382181785355714128017613241769601440
[29,23] -5067115909471803675193646691025282162846399974660963612710645475621848780328069957054
[29,24] -49050603024327115440426032824686370938036830773963909792709840686938838983436774704
[29,25] -490154787295790216152340799745828665050359418479585390991631482005215444763957956
[29,26] -3161506378477600696744394151352405292550064614506898900258984986650980172369896
[29,27] 2517137573307372512151898913771023452417424888066125343746965342037047427978
[29,28] 110546446952488717497983685196876873924427790181527278848626558900404497656
[29,29] -1073052650219344020649422088351228433990738644857066190693543121023635960
[28,1] -1193854636183975388176507273505116882382508193332950529408
[28,2] 222032067114052048127611823817061788189683612662934283987269329784250088158
[28,3] -6856301345692237438442246565080622255818167117272100590114440768230989263540441502552
[28,4] 1904037305700186972239648346398642125518170798125893831413050998422182184273889767666523780
[28,5] 32848653903911611553836501931172984012606993593036073370714624487660768874626481032344291248216
[28,6] -76069364310010379415342628579223168746966645576093956116186605224131161009320083700990892202367456
[28,7] -11857088768651577368854488141216615977121421479837391192965797593055517385650055144149124084424587404
[28,8] -495628064095035196828769311794999042923470948443448497894231464412293725583463818821133857558311327108
[28,9] 258519707477383767150193455891260585030220695609122045326026180967746152597085899613910870896969669712
[28,10] 1427740016335753735287245091189561460300626339933630454847677500657908975927971673441777673170914057655
[28,11] 216770945462824138944764713496010005930957386167307796473262970000830921961746399655744551704102437396
[28,12] -121698643621101902201015195706923628776118409780971323098923434712570526321893131779037771704541899512
[28,13] -29238446113598484662156895295015387956100755507807449859816662257180144783160425898020604817991678464
[28,14] -1397252599323787105924671831396717575804977738807952170517118017545159002320940835918817822702583660
[28,15] 199914382032828881290692023109678363022034402692008290484910690863028496892847023873879709548093144
[28,16] 32169835789310892955074229632832012092450190005351574091255847936433919361022726754387220250328256
[28,17] 1929756266536477796157070682800976353163811039385440909532609027161289758376130987521541010270228
[28,18] 39119325696811966055165856656589681614528435553183373185443063350815822455796866304869351830968
[28,19] -2368874989205376049293929079139515871472006709641321371162990980458399023584504819357162094800
[28,20] -236861796879508929111668222168501592656704566797784456663974257449400146879919431006670711044
[28,21] -10648641088427196970630366472331535442910515612884849384021112176828489388330818325074740108
[28,22] -311184668638018058524993140524184947633403728979898293481302009614869377822381340969231800
[28,23] -6331328075517639269370919452387077962340184592642659578949921732257129225630538297417564
[28,24] -88220746791448737668243988699799278967350273061464050003141467207011715901902335137964
[28,25] -772218606278588152385318707601073015784228646416279113463584543000631771723883184360
[28,26] -3274579247027323055620943088129615133292167734267056713034016910779657350473125381
[28,27] 8529007018618604385356682091089817807020992863674859279788048817846215677458884
[28,28] 184903562581141363240998709691081141651109379072584410751413982040973848284712
[27,1] -957601395317400838513385707985561836732168583963603361567516
[27,2] -369589092726082581258766810778440757133086117691729168375263220142405029887496
[27,3] -10253502510317856875290192466283959029218036535675541212116728293817573133270140202725232
[27,4] 359764315166650286081254511289350727733634553597962933704013239411320794762489955628388125992
[27,5] -107170120578107187160203208140684950333345009151184364779987674596604144662545531476535705833731184
[27,6] -5986874241391082596942534665944287145935845020564814244048216326099969200779954270438722512596228512
[27,7] -31860679495277157401517648734744740267139430829312164206594155423521460086167086230234687419993651088561
[27,8] -39238631247637482686439826125500367358191820787075541289850243354619976692732451087749952801642239138180
[27,9] -568158439206098447334005000045567911205802978667786687430839855745424291326498417086567081672865748494742
[27,10] 158026019242398797290733476138591294323667934515967383629008705130605742110113125349037778192290676861684
[27,11] 197227997548565055437430235502208768797426472998886362387611801011329523226708810018516997744935839128474
[27,12] 18295528272641884875841241273502926078689186398518195884264120248588376701716610797380216372637878943892
[27,13] -4807511073964679303065575937459013491122895543218600157643274238502632698879513885628889451992967209166
[27,14] -988527324157750727065882531032316207994130964453764589722170843481181214146345322407503058406187841092
[27,15] -65559464006830347842265699558215131039277292416991845593937467076451989880039100536149854697449173753
[27,16] -67911375871375898422806786530373139672357011050866030330661546637424280960209053136673800768754880
[27,17] 295941633830499340896278720401981483856843631072659258597071480680345847795168618261736400763937778
[27,18] 23464848753592262797158804943185303170784234322147653366160745573622830340137775474590661970088544
[27,19] 911550698937733168526738615273164545968529331179417204578188325955694517258664226913822579680542
[27,20] 13875029193443073635554548977196544948794088644312193796748664613483524095024181476924905735720
[27,21] -472138910378000916612140800632617604571444853365841872299197897595573735177104998008004039194
[27,22] -36572543408225361013382437683773542257809896268091421264224153690294172560254702749490864520
[27,23] -1174105356300940378459814094969749863342419108162512149324912043310958089164820316435379787
[27,24] -23135727425432890089323787094135882710412511583993658241580298134565826966416605557696292
[27,25] -299827741832256041026792723534729209712544495833635459505115000595012902224219825096806
[27,26] -2491875009642793017473691174604844271343978723547045338900374772710846987236245885836
[27,27] -10012477734046814174245159325342519577075820771484883962122486702202962685066126874
[26,1] -560358429665188565514542263308932671477140510350926556134230672
[26,2] 317850271915301956290192886171346514697933432390130178790198309923876618604567332
[26,3] -7079983184028483322199337700068512671563420947888488352690536566223307906088230458413594744
[26,4] -103643621598202756959940642776544600512456565103391284744470116044309470748320459813430023024320
[26,5] 123715290418534812904004465670791901925339900390415320646063375576053819583070505261859073449068675992
[26,6] 11153126452983283973264046788181816328457870488591825306968709344515722210126745846490760627851381067680
[26,7] -24297915683490429281516252112450770215490963557418706221479782128374929326604069773212912820766153285973608
[26,8] 63630330006727435166866604155214967503232900496239836095386319628859506079873529039982291936493840164774820
[26,9] -98432578713915667790919805134041775561210461264372125266613935347498774867621400674296910811681054557297520
[26,10] -64675648864642016007609716621683200200409143812409180919014969067083193079033207845783612432433451618556792
[26,11] 13337440110755934074488264888383633111364416884519764799628543661220926615551409271290177735653013750097268
[26,12] 6685697579231008888088076218766860701655786743945555234979311278655479034466579320543152694225204692149835
[26,13] 330402094441504007957358201282675532002621593545246837074835574565546167612077759608523547281418771456544
[26,14] -67944840403174696570150696920801348146460664807165289119761088074384551600601415869225862987630144185348
[26,15] -10934785684481141887933508878309017693495419225920160079242313598488695768242377429805543101508674827148
[26,16] -678435545276680569550838660556237135070706232824104761549689285209364958921277141451807791418324175768
[26,17] -12294687619935766514144393055905348572455468034557095067991670878335086561016435692575359060337394676
[26,18] 1249914328674595797552955402533681431109967538704930483888328933982307701656174280918627351189990924
[26,19] 123775797279016573903656463011696522352413105304515166597682921021130355072500904771435314895607112
[26,20] 5776717348398249022155005511356037080269979144144941639735377454745398977734417008045791139007718
[26,21] 155868797591597075599914453879538538475948261702789145541157646291620951984858083882818808731324
[26,22] 1863170088616654720242619182161772200363125621344300410126216514305819314818480872897299339536
[26,23] -25912383633996241653237886128505599108776592695212654052909236014285707212014124172479207008
[26,24] -1604224039404388837479382304822920370237784200628808924266258417199130024030699647962175972
[26,25] -34791077464729271081439265954872167528927141597353811994587123232026456495933892295380072
[26,26] -421709599296953857061673438121057880519111668479439194332298029804615117583675887979192
[25,1] -247302387463037189010153328992128051418428880000562142642091119424
[25,2] -140500176762470334765835268516258298231345268693635314339097492753924426633938624952
[25,3] -2590445661577268450681263271673059931950584313784064144382987280740794921123324035168568129824
[25,4] -108364620562328987585362939320811975533520904203701921144884061021462415805220207967731520366980456
[25,5] -56695469675553027812233189407528039453904094830566995231071543279308537544307223580597261942469120142306
[25,6] 8401928209812290141123898147655574443579857854330603301569487884710845317251922695736949961836109843681032
[25,7] -8118353175119130041543418904300748771289327959103132726978040873049496502588934490630436961668140807860662704
[25,8] 12046470100233869247747144218384191185645316143343851473215197892316604268462639299855237888294689012768173560
[25,9] 1283697494027505221218704977330539144339786370502886755115378485447966993142973586024397303440838939118266794
[25,10] -11327573090930474477471824169916660864477265232104205542533152742024575452982811166859406850662092068453648896
[25,11] -2554908492658863133500472741779155588735842730383636086378099304584077624125227738892502639256594486606388206
[25,12] 240863126847856421800914128735070462829911141694484944227555133858283156189204686754613665968154284391820576
[25,13] 39438616814456589956704703475014365625255767097316877829009776448040547963656896502971685558814674897208734
[25,14] -2909217037147475863933646604573185755068954157642396208615583793416590713149867133867409992221002411698752
[25,15] -849433266250782177911518926609072639394017042072018063688100635931051447940658062835030271535736815211002
[25,16] -71168420601818388166565259453285256032212750895279791915442954143551651430342100910480920110259645619104
[25,17] -3232001650269886785389792774401010655413351848098925717219281209653154873233024672935528261670896068109
[25,18] -69145235641088870358748678045883671967613248315762531362678494765493632987031790654678929065351543996
[25,19] 2613317988345725427209934844601625399668972845071216046963306974232229792137316327324406568469466294
[25,20] 339385098126734237955711532842514058061680032307169855696501068670697798642450299592003059229515132
[25,21] 16870309638296301666919513100606974131911421398807079541549361421557873572557129501903911240933757
[25,22] 499285808129778098230042248001152802983732842779408909123411594219124991641791577564633018877992
[25,23] 8803928270005690703616287483792394740182169187388112985222164747137469945668096080024234738720
[25,24] 54954511291724615922786436930381750252616752308184892128030418795811298545022065859382136360
[25,25] -1329623873377132116080008661045581569893398448466612339300597869125464516390251217173990396
[24,1] -84514600116369641751102439130981109083975640139397077853193456565776
[24,2] 29440380845953355231207329268928600069228840947318922126452467940961801642768133807998
[24,3] -568807628680652843222834391688900844642219505293769680279316960566079047698951937692416101790984
[24,4] 5562258772493814958207877654393063971710573159276114747691155900766213885677143444405336194629455484
[24,5] 9564986112975224702819961261858424028115099665683732594104168831424431103853542419293643329253074023866816
[24,6] 3376878459046744409434512986858300107759299705975617460490043766026622793634986329766464961397504941934307090
[24,7] -1360304576636692695070293921244499497949222214999464064770806744590172239235197462927353405708555743034708849784
[24,8] 508304478655892432112564673511180963384699870634577157149873184801396578142700826319330490506486246460153110640
[24,9] 1388829785358241402861341775981143506600624679066784114729987658772897121567349789356244816683215738042578929032
[24,10] -394625403973889606363829514243412327759465843224053416995967515771252882510947723488376393411372341814924500460
[24,11] -382975739315057299819969745389097620103711927378719095241047802323021688282190822369977492156720854021716933988
[24,12] -36108673928703563919937456522287589260303202165784728415094952407339000487175217050957261852009151456005526468
[24,13] -2120819220080509904807628374733852415445267580921306836080760585400694629886253140589341884329110758128390208
[24,14] -604328689158576827049447599602439916108464172913543812953086875902655981834500942612857332912882229870362615
[24,15] -97879287136671459665614086256713265157615748933117819598485479266564506738721008330900628617320555215468068
[24,16] -7342008953141349678709743144997833316877952147328064851404996804760381902194622286857567892808839262223744
[24,17] -313220703100018683534948118981234468225740858952253825800929359791904506045020826807218193756077862526856
[24,18] -9652633983988369688859621983843633362051709145753853175556310477248661076018149892008789803460358328540
[24,19] -275223852752737523921620654363356966895562868029942495162983344747588487346001717398887035662347346232
[24,20] -4559647579144588819159939024279174743382596229225399724998431242994901454253900270186347665133592960
[24,21] 254062187358542527123318491876747212987882448725178829524517523098460933792269665030401599674918168
[24,22] 23373023368735234146811719932177700830283516687791145560093036326240556808312924443480404382291748
[24,23] 821153830996537401155732483945296183575605200655251182100800599297279513196144389087670209089984
[24,24] 13738462239172066836453787083709855731975434626755774583917135564611702337996269728305439539816
[23,1] -22844643898876541078812099719478573839901463546839710700583519201330772
[23,2] -1894256104901862652561012634244145888560514773246121818504524477919307450053945735005880
[23,3] -82370661878142273151887412453683077911945958214973940065137162192051973606930776652699799226603102
[23,4] 27055348169235235965300283675174827059212661424260858835179441707071512762487059710964335671735669264816
[23,5] -426650704241820271306323290815999087460726280912596360604552646168587343317920903157367629078978610113208536
[23,6] -66922908592083284137772696475594124868106560928645875331639104715880673463116260339520706154760303095811086392
[23,7] -136200103083353966540307508179202852784571279468326450180885143237896961894062358811217039089097612660423356361396
[23,8] -68497473568467002079162455406435381630707336851922946105645394447280307184213777347638379243407330618864394410616
[23,9] 115187213315522790841392118693151714149851972902794939340416226477998317383875543995501448376133469668382339301136
[23,10] 41160598438741295876259422486704547613821551494873968461718983746797306153021540650635196593326946488616475986456
[23,11] -18515929031391898159095100027071905935103761502559703119452480970101533691869545958580962046556070636116221183193
[23,12] -4236360016991883701501583209120321127923647435765989892858335883817840175504692534377826683297067439275668635372
[23,13] -451423664449581931411475529876052172552195810855795351784467890059833912545031261571111322535223508812550113882
[23,14] -71354000322633494096232668881143970299901880972242890487295914385325525412527615073226558262026684752076221572
[23,15] -10140905412771646207252644515734655652178948299716324819712000012120523622926282087789221624551977716329893104
[23,16] -796177950203643670241116190492273111883840711625466869529226678172231879772204811531035184028511066498768604
[23,17] -35410875137606893866486949196966103982744169335151480294863237644965795965506691374251788029410726250392418
[23,18] -1020294844785919058461137004128752257648053723994494999568514987679787169564401594711801746939402466832916
[23,19] -33094587971914495424957836200024163905816050787830387795734358820876079287257907141775320946363236326289
[23,20] -1665000210863120551314132381541319310152492014535146912200164664991408144702256886275682406531197981840
[23,21] -58953744008023057087777985220682396122613458223641271367431537160614292873975754815218224444106536876
[23,22] -686210906903815567129203103570833440538985161442782142301777119799342628457969012997436189630512400
[23,23] 21207051978610573249814967901430078037209592137344499498749114971016455515408607405154583647743756
[22,1] -4968748493311759969234655235282577928887085936605927240774002769956721920
[22,2] -183465292739359551856272861615124288926095889210754111517358851318271940757823968494797300
[22,3] -8386244144226414171520766957770014390524362919247431056067360999016839800592190256443417303970976208
[22,4] 4387110356234047341312041141295579296201227811122906646795443588590057834374776894774958400007692124441182
[22,5] -53254990128354528572277076416810310156161251666147376394187422082136413822832846547438191264323651366253645648
[22,6] -81249375278711851627144419936200622240691244743936149341496228145745202963094740560972063117207992271287989482592
[22,7] -9051003347484919751387414258726455310333456469095850034520261534540557388358731004330102465494127926924934094767576
[22,8] -10763910880762522013313759798772807101950312723277448413236192803597771000351548194402587906406571348962220441118794
[22,9] 1875311655635662838106257698662840297690701637171788541612703153040733984509328096827121535583841224332372171875576
[22,10] 4828519770360968331755614298028243562035157856652969727774905988703912951342677323713115979213815522487451993462976
[22,11] -13982350060262813938638561305841117647848981410248235304079659050816863498869059675560746225354451042686040637120
[22,12] -191610236584727382156542445265712951691538950497829575408263776071253154388499908828774745929781626531952612192408
[22,13] -27572104310914154232682526267803646548490063703884484775699155945899356993900686172025863294286725822719979421856
[22,14] -3901844580066392014603184606720793535754935767128174112695522906918662118484212262749872738522222346355448735104
[22,15] -580413725698456235605773702868867098563319878774965347886806248387557040353937307606124649156784567477602312316
[22,16] -49877608803632673334697792449437704503936919069281981567821684773128602261344311014512213527942996041636842355
[22,17] -2311473603765860623310724160729331106521662955827012470566038494980930819462540236003803959347992463025536344
[22,18] -58863625643944954541591592829282971986706375139037780857756466375469393320533671182005294026012039016641012
[22,19] -1431705426901810280986204619604432497940211814704085725794721022338161870045170634274121825878073312810892
[22,20] -92099257905458586974875717729070874875418043038905924128293290951456948991511625250140622155032641083028
[22,21] -4647030813976243085204308255206461697665803711437429436546107046158960705949252699195804914633950686968
[22,22] -111628101722919558166100191806640992742835229974011841901131040416738446749623210406333562553243097192
[21,1] -881845384620687664634494690417861799669260850092167093119794156532114714451
[21,2] 18922368246018458290806423404383258192380561267952005716731286617193931294287456581822429692
[21,3] -632039443455099902257249453387279381708098836371007030115280626761370909082767204353995294057647118782
[21,4] -433903489925426190382774323734865009725183466228571164848332844572644690581246367700107944669399442900110796
[21,5] -3181794603240608785691912916749046234207718868924466954628281807960832336517348490128781418963556416713846846213
[21,6] -8721926109466194931978824986048621476097049416235381217972485618182597544719042465747980832830014375510332108362584
[21,7] -425927844897302753599072317386389735849385548900488388331271032547120804926450013068319232467195352820595372700096068
[21,8] -698441669208898398605725097659190469352554149253748581080628052090444901302528477393425733171407484158080009014937976
[21,9] -300870689427982681496920112153318763455401226700533844421469514376163804603642358108466861176148997642694911338689729
[21,10] 211151979954622731387018773543483880197816055729788086671356293783558015976562110669473188028375762527374982894329652
[21,11] 44419251598986855554529694634276596226644604421683698161526142897467984634812587292614527209397220912214278564693138
[21,12] -2531367152818640623424183462530544160785825670259113016183216574802188904329198623263189294105887651474287300688724
[21,13] -912812727991551193349986296182720441826334975917144311348292072278333513626509472278817872540586855083950276184429
[21,14] -121348117959933054284245848845340039503671485962562204843916869225036581973265424736836781354676432222229327152584
[21,15] -18818790894004945283299690768184863266693544095642237839382413877278267573704841570623744482138065769234797014338
[21,16] -1685064257145312394393517913171682376654292294797892091042642062841098567388191832046773086364686505545615994776
[21,17] -64221373212052110899496529511238347830573479705798593438431269161203815085137326018523287049057910198311775296
[21,18] -17278638605257963612032741626617842412094755163700151961825736935872345548934337010969905287165740938282688
[21,19] 58738371499888054603632661145595932341166282104861307501214356646413574333063116477118941926017000361761930
[21,20] -335605223038426140589854700542265500947944080724699614679897735710499942893735910725950114606302956117984
[21,21] -134918131070398523114812864037098464765403855116536386698869663772983735901984911875314796978863765814434
[20,1] -129171294571599711115488090961641977673677092416521138434659299059596809903964
[20,2] 865691735493985466061992345121140677295272973209523337779947871310356006421464998754385960552
[20,3] -35379323709565605605866806418159869127015276996800255538871994562973976939698690541521423198884002978384
[20,4] -90464603609494058542230137019882601469886016558041772184368910453122030369621433574761147229005105977311419496
[20,5] -555865612436007737901390129621039159859212413071489376156555517810490105962072603744748038858455801548854102641052
[20,6] -442519450764498480424220849975863334714397410009518935528875324959691628331023509964463250217496761676057506993747180
[20,7] -14634064433577289789588251384823910571320603980804597413958536610616093808072031339949025265610317487484034912459899432
[20,8] -25340524566843616190581637900589633656406951976797109089086748161654344793538602512853886237266191996053072948339536736
[20,9] -26452660045981027314494578315211199572152664417234168310576128766277889368398703441924948678357925890373861717388311244
[20,10] 3120409466400387722533531445352739050573879804542070806963266023998520118598908842385327773723958889112562524848363448
[20,11] 2567500030741893131554710103434614172911055683914239438456064405978985140249943932314168200372394314209396212063801696
[20,12] 187605435314906946947904781218092695113432780517447327013489944186951926489384791134282842633517899221078348425977804
[20,13] -14236390845095060638957431916955740790093402701992067365285985670269715485551723566468437755487637328390701759677404
[20,14] -2726188941918583626919493226373835041227171869189089221692098687403863243877672779143222710169068092587720113467740
[20,15] -395283127691139861943433285635556218617862963648218286040888865530732120648566382815626046870317557068214598015924
[20,16] -31282544075843750586537977684786971915587222710265377296826954247045829855657734746636075462477864027042716058292
[20,17] -12596127543233055473171868645804407118417076514337410780170962226250939905173131680997060954343825144008079552
[20,18] 145073426189551987367276113028246529430100369554981060981563398936733704561677006452604493074428177851146319679
[20,19] 8662503825982026150121530862063367109951190984664488835759313415159769561167072008772399307178339660448725612
[20,20] 188401636942994799893035923891434247373055048435985532222766375140933549493864695414449144677432023573933488
[19,1] -15760710720194543781817201479313806597360160804196005019239573246610759486493102
[19,2] -60172378828237509358838282023094372056078862368666038928737386227536779076197533596083668038984
[19,3] -1666173186060114722597703960306590339160558272038985862106300805097133876360740475109191744052678327685015
[19,4] -1568843270674383459105264921252441633959756513469208443548324715055652570425013438512830917332917907929505122108
[19,5] -57175784700929974330652344933645150806813539135411897606827713684397181378824720508739595389106986582591939932394612
[19,6] -12129454413595901507721053808500295158795772951259330429298961337895943886143655057437609172763729414754231709115426364
[19,7] -361633095361656874995477184133927053449528367765173632766625000707249500450132967141587094255095184022069615673253753183
[19,8] -473575528856489641051890260095410170978526372357122638210989549549930025033418809224208752734754590408402562217061886240
[19,9] -1138821570649941112214225229444206151333035150960910130612975260953812531226625237352810699210793947213383543708856986030
[19,10] -137749457615371977618797722093028233356410818129734256395053786491730224680086202142240570377560450458061203189366021200
[19,11] 72711156938500043431541996153836286241267031328652405521994579715694767688879067976912189940569385745546458235450421662
[19,12] 13543422617216991543920266051537892772745598708877236657051576879881885785659343037184182461052473911308878849479094408
[19,13] 392245010375839057239462934862962816083997938878834347534120767039537826487118262164092991000324084724790494657127574
[19,14] -56666150622712107338293409703109778549051338235549600120177192571908458526850472008012663862732323931307928597512568
[19,15] -9346889140937488789035836796941547012919197764056891300795734270785764779440855563553743446326379098292863544849009
[19,16] -554672016594253094044902795981208224919488354016234282185310732092830595054054459218920437827256017227045743166188
[19,17] 31215978888272007626609145071876647879321750128089598119752858910526676357137395683716567616104400689255121841130
[19,18] 6314965289140897063438595998444194623154418227820412361268539479651472010090795494395079094933009612467120971148
[19,19] 353075595337116772687293567698632216480719006360471819053637117922080977733376333897977917517590910487823104890
[18,1] -1613733090405424625019884798834031499385061957954260971519560764112096950788848804
[18,2] -3217990972023236518943434291985137507064858208432822390759257470820728812294686999690166333931008
[18,3] -46529280382266384257958022987384228013599461433797720324055471654355513505296410832063995150727954161713060
[18,4] 228088503994860151440440961961121882068203035363119659921267864881498398211259246063900004422223341720533844019293
[18,5] -3539164800785412895891130628926541504370608985426292404911591830487100567213554020398311202174073743257314301691193748
[18,6] -150815762312445818562929617289613358532434025631387251525980853038144699339679431621112345329425711288903320654551811292
[18,7] -5941009120064807459818658886980136972308014588693695573044331138929238020958195107093290813848336434088018996862073784660
[18,8] -49241106818704926979700424748885366769969620812770034382563141301654973907210856588168962040086374780605697024887152708
[18,9] -31184875516848958154457706254933964840191720891428929879606533312642425695158793011659845684488998346135925375324489132644
[18,10] -10040845920871374471135926797350979927241334336590218030078451584722041379144632730001700390469242094961984118421630971844
[18,11] 806829298508217773333103978912125711820071350147426436917952591284499892653083483327459834077785066586882478672800136680
[18,12] 460788195542190833268125984456579719052775991959873494891342308200587467101598633741437318156081368635987336589304420198
[18,13] 37135174363326389123824168807378601391765038406977809748390284859902270479455669291855563581673837172860444814485050588
[18,14] -684378640474551994112612865668368719833742003767994351230598142188091846185631497775051325848336624314849056691788160
[18,15] -342808778352437192320514300694729453321260004880225068222933633554315178563539262758019426782299609892924400663174160
[18,16] -26011550720482743639055372950803681129861466516582308800918828141042057575299088722920191595314828142504835875944468
[18,17] -130020339620501121177704256523033065545082459299018599097397559238954650310363241570307938390379933741374902974176
[18,18] 100124354338622099449954904428787707858183747995868587229999185171272866476568947595750267896519152040154786796208
[17,1] -139458717485519738702771631109629965596906721151407386884258533680483840012124176965
[17,2] 47435769907316234059493116385442969123268068848071755548511765426155378130519225932897868201817308
[17,3] -2191603359764005191149517191494968892650499431428288917085598031532286604596583947968552750643754414573770756
[17,4] 8714884840692468633127462132876269985893118870072156564995629013985006500065157071884631164107529299440423371034916
[17,5] -149218105939346528254918653355267610333645500853203953118568755183149578043612139562627427446159106087462593474933535597
[17,6] 961860232083254507032617733583745093224878713270998600047433361067258346532761991134319635668324093491588146340755509800
[17,7] -53526288626588154675266009893889956497919543865660458287890752583023530672144663672410175700764290300087696626179302084286
[17,8] 232522674337124654926233757202783837619668750284387605777656288958529675859663169816895696570996354338718815866556587569032
[17,9] -574082943163927911295871693211772861188904828569648523983694504687643323765323638682820057704806791397891318963319833576295
[17,10] -329076599520910643541108057940683323260780571040598169164599403048631502678970069580882563709520472726872526724750072241132
[17,11] -20014515277721955025859205703368525748958074364985142554935468714252114438688054385963789433508172230226531780596818879994
[17,12] 9063729586931453804651941240734494031818064492802330996619882106646315796162208338694400552777570499516393664513451953756
[17,13] 1345684593452375608093026921513438044050912150528190900431229771136043253421143291162124103602771612413495116270122377277
[17,14] 27799227717312621476659491407902879597508694819305433131788300441408266001685831762937732075284555682268207737696209112
[17,15] -8848640706276867975216064555536600150642744926755190312022266473060973229083772721447034798717578636597615342526085996
[17,16] -956782435168286929431924909712905864694090477060024349344441408666497157503310244648870582251331211937207966346834232
[17,17] -38104865221095459263263561535053793791849721205333851933532332866036114141149317108800790576701112533016728079366754
[16,1] -10216474615133730490020128262162037410913530641407282502049452469534887098399130577432
[16,2] 5214333315697625620002175590693379575906717757327036281871343922915296945556107786231917033982322510
[16,3] 2425321480851637174095622318975031020821217349680276628067510103793877725110554522810700758357285544686624036
[16,4] -33364164230988830823159807708267159068271160375044315831679279897163506237942258471154274736643228451683841632760552
[16,5] -4421088778361780975559996953029872967234021230064663699830531967977442379650518553301956452114234728212864552717739336232
[16,6] 69294752931457249857519002664319154056466904163414563497998214884234816155163592018024463496912106389372618260424289107119
[16,7] -171574351330172242064472541382624577833533932654396385105851898624456688363921579875332337216623110614774548972393308995164
[16,8] 6184697167100886031269766522378540146135765909461915878454780163699412147771877863849570913207615241498998049977146092279624
[16,9] -7118826997787029739642968528041774317235699478371703257214802248151444061029856457929360674378280501123269075157540742016160
[16,10] -7010492547336773808880002699928809437771405550200094545545194232964668291913762339147168392248486369070101537851001427183800
[16,11] -1130206955109921023111164084522892726075804952071084968308082035500142368891091361695276308356346566954823396318202196891080
[16,12] 78981938120197209967717907434210738511028245816727869478951656576455233814799099726888526632975356596081988318298770334736
[16,13] 29033338432096916939716340749702010366270485149626696810033433392780194651625349736665189822470905276464807807685087260648
[16,14] 1864382938076630006112977123924528189167185836756390283892146535090609976672292888855606323456647063861411246655517845028
[16,15] -75084503764433834879607286845364696421892449458743362477898607150497819928582172151337974057292968326707787735528691600
[16,16] -16754779216997930307907771991687899346277279515279809245942339486747492964938424525010238331557811650414480485341568232
[15,1] -636350198898822994759289950699855669198194561562721129989935901309396720198120249814868
[15,2] 58841979222185965430652173003606741934334850365047705602930166945402719906894429521791051591473751720
[15,3] -1958296870947828900390841422587251357650399891937522226810678482461691198439177938700383398362029552811009735853
[15,4] -4934440984406148873214460330909023704165000819333946319799403912347318090350925665167067663628538127215720044176876940
[15,5] -91742321885126024771034861706715672336156623737415734878027406233081456702782285383539890429654776596740952667147703837866
[15,6] 1283418671382397792877422019518252635637121174460579374921456024863671825511952812670885593627230978931534855903407576217524
[15,7] -3746975092424255671992310501891188336124645126615395206623684293790883188461192429844478442345881870289864483886040312999208
[15,8] 84511049684384453076714563415645766438054476499883553569730402702678503624963652074085697954721668013802324258571190825738988
[15,9] -60666122157952726514446255670407617403239269614835572860740688079392461852449535203476864702795611670577049375750460669423774
[15,10] -103980687942271756279725291082068077389680622719849887899207743587205744278705599112917056629897825943830266867799662308495996
[15,11] -26450714574600752456307566217982808004691612924184811004119927476391725452951511848853048027097396752432617977541571112007467
[15,12] -800774391863388533631485451100463825601572371769831702864544684612292722974079905868123425607615477079511237695096855931232
[15,13] 373208716737461609999265497505376044336051655944289363791398755740230154674478581652186272958168009276089223453776728242720
[15,14] 47749879311487454449091374635692685200162360114262573612616563349643140624964414683231334472386907473022279138955389967296
[15,15] 1691611104480116822727241100603015438111526099409408501378154801744002012022908170540726864395387467354009205503500923916
[14,1] -33757030590926866266717154029407441127872690385922687928170947958076866421038035879376392
[14,2] -2424325108178857767676754943482700638761192762191531777747696943665924252357294977210186101645878594444
[14,3] 28069211533026873065385301983186402949404259512078469859916946265124935458275754700645491422288933244132140738984
[14,4] -41210689895255458666678895158139680591756855434689079343851281166570537619788611274522450775412553344641258320335912250
[14,5] -1315133580685582280369202190256422988638393214937249184954616834703621887707202706731984193600584295829436080612447410314616
[14,6] 16084288570539490079703779746388037938771071320276639132990459041089835506888240453977339202323436889144298886331189148484968
[14,7] -152702092482498998816798952314629130416836656104030081662022958821361435409120547388115773735776164804244460916909936425285028
[14,8] 639928370865201957985002075130839725216473808038133153699144572482600341764820654094379138702629205787845736130975511947698589
[14,9] -428111876189060028661268338083868216827656545721202228507089457648241184111787005578915211351995116564931616815841678234706096
[14,10] -1056224230377579604969892309023833068518239258737163133680044400287453025114496814902446670803788230718665646879676352023173484
[14,11] -379962754266957182652097098437627317461335855430458688791147032886888990317710639599498984087399439570292168646620489756688388
[14,12] -36140600119298317686536649519993800644496178413043540308181027400104324550149275776381954178707454977646526873990827133182052
[14,13] 1698267746470292948077977141503693681673248323620599258905410324069360744108086080866848831229701325121806533284075407214440
[14,14] 582389327238824294040101396703276399806135542660034869063449165359442878277048005846223510151370107293387132982843991831016
[13,1] -1525702782258241785944763537301887494886663619742370180264825908678652895944916639412939229
[13,2] -67901632260437139174188767283988211413082137878082481411538630912875065984317588683118713960815838595820
[13,3] -757638260651078266289067983324910927362198110128979557456858300103285737136765778177245355112731992710706762607682
[13,4] 480877011810317946100647356034528197347483396028494375728914628294633155915536098929278796267842220529779294736571201212
[13,5] -12750784144347017479991068552828770656502793055611203948874612112678417376246718954776348718485948772158377973651715474077009
[13,6] 188201968620010320208447647765620099609884682043942244338041562516795496545386303953233640738962092384585621215662802779082752
[13,7] -2021813245269917828688712360276920299854328690679351586239925421247130788228982000464117757268095581356063712638534890884927894
[13,8] 2107260511557026523439913828858477800881370387995472961775067962436118455858563714203262676365626551464608272007154431424485136
[13,9] -3118700729030008966705459601174157970674265496277754431063980264770046141828264383500834638111404061696056697636983244988999876
[13,10] -6739895862198986619770662889674760570531439872140679302581248604963188452339315165370347076742669546205243459696855636508537640
[13,11] -3589692191239971072586292204148757424634067348203510893217509548955469156187453081360036493223668297188420973840920787937554886
[13,12] -571380937125051497317302973150663314033409929462466124409529485680090872521190665514944414627271815385584607534536266331200808
[13,13] -29954297863929645623172209494468720832205345675881830689469747113519585832985335040434426729844870682525877165984347217555836
[12,1] -58692216683709938085493486490538329825542171949783617062440958481781891914935329772959044812
[12,2] -164259080823714872658195208348867563600729168919055022368221967271815659459386730427326392885426644395368
[12,3] 7584799120829073966584688143101353688010588868586811572379813537257817192552137966175663208378539717173914804717672
[12,4] 5259833021928564987600649140181861081977009972633781089383256669837029106587819023355218925570675035284190490300756008896
[12,5] -81483976682758311073462694060912911701666947874603385307003407242148928789671094378184312808325287819726307656216694512255332
[12,6] 1850195302227156671527075685421494711925524413634019458250060756249428201312616751187380091063414658096589456755649824683146080
[12,7] -10006266274372836328875866789057673460645617157757497243177968442649059431471835119928636134804816356079552246081475428794088684
[12,8] 3583304401026897446264213698817777640587875012131427652150874183394634764256604620911936092750057891268400053531660877086152084
[12,9] -14664323872064031433452434390916687974907796245846937568780676273318806764222769922827288816591623315519663044373111753170737064
[12,10] -20835117700906644961056630999841107290076964381643907662841279169282436563230615255578426374861339389997944842929084916045543301
[12,11] -21748994300390514552389082832536523754587062057605491281053124708114175352834416881656253070417711779684573556958495111962016364
[12,12] -5048924580214925719872963359169168234173762927710995218827122277822277825346567233682367407416997042146999559347259203552989752
[11,1] -1916927200881316482013344866182421061492033913935333430980242996507964758966977978007552052258
[11,2] 13513283256900328498713829218285360068361457568158659778240096779073833259476859801042878747933970987132632
[11,3] -75170967444266621598851561730401065555681639316719162681491936084234893058185132808956381121182021669320608429670302
[11,4] -6708847728989059529416756821934461711432169186087010138099615328382050277447664204757856283544540253346994913511311396224
[11,5] -331722401484026569975484563992770151970314291815247247715087836197284405998643604824681522557769214830674933580638257672814890
[11,6] 9931808351527677223498041783204326663400736982294763894953688771722301036552029006542783901506570539661217328051549865827518952
[11,7] -9422073850691070922755685551230863865386827703159978420624333305456430465945497020955858550143640371874006987679276749229179947
[11,8] 102706344266780168384048533870642922460453285966388807525456849181071370772760613872871204348525889085836181496767810928839313292
[11,9] 8511428635605768194216140309183152657297964099006663650590693512250408881123152493440606667556434016266808285306877426610439658
[11,10] 39560926424054219406941172666294723395861501240144463918847021263194374897818647208393025455637234881677451698788522660226161956
[11,11] -63706246308117454396245145617719017500301751679544026819043683396413971817470434425048675201389569080443713159971746127491510554
[10,1] -52929300911313824754432673923121879299885974046893965725661099130036453139195367263247141032324
[10,2] 156994849732731789936416151673468214226767981771253315742404914372689504166185167342331640763712866340453968
[10,3] 357636048874918973380453456020715969238695442124092511269977958638279832008406756216611028060771716371918756181257072
[10,4] -93944841854651118411854068722152673102215043713843847996507126391293596787914241763035233718987447484032464650594245241092
[10,5] -741292351562972716454166165105354870370041239950532584450651828657433008570984130098379951658761124423508640234901764539668156
[10,6] 8291354166505980808516660158913088312726180515931411983558891777479799730155784033561813820173729377883819668741367295992843184
[10,7] -37647084697847857434527257666539651902058656060093154005357797786672410721914903971988930042440895774607839203058467021098594320
[10,8] 527442646456178076144431745482330172150084365986573667761345674267095412001911747952609366700203900098157826442299826258553168956
[10,9] 272500828247690686308393452113186371472706690343558822272117546818844443229487871773449655282005889971171109964881458631983828664
[10,10] 625231411293414775035717874219517248664239568923894030687376845169265090033521177808097888082550554598646843665335405303435499432
[9,1] -1227677295852561981224411462738761497891551911721577748843975035674269902483337553947721876838441
[9,2] -146376342910711354650058279733230024658669785770570789043389678267216289305265697717576492149642707943438116
[9,3] -1391631502703084006149798022029111884582371806914303067444005299612546886187574312849417637427662479329828070131445490
[9,4] 4837004260129971761830466861724210941308031206567509214174435125587871490861057998558379003287085843161144424605416338308
[9,5] -1065092308255437201244370335232964159323662433320009397216922028957750087824531102246556756460681504473669300008342523628849763
[9,6] -65460468089023293865931507146186599819725521415315278489977685113536725092375983709099816501447696438667013829454742558997780552
[9,7] -750959842400090746360948442454001085995463552932566509941889826137516796612841287011155565493181383357262971111669470099358938016
[9,8] -805796430267046311240519214287585691230396124891552675234995217319192241910626036133527020169732007514003540753472836471787764424
[9,9] -1928286664794638647908225390446419864627834453617605510549559053856657924489763662734310483290144041787316052830112164757849779960
[8,1] -23704617044714725209284031924012824241285667358850036062828972686655398011258995956453110928412712
[8,2] -10441837054358869885193023905425696169290176720989994835348222331736323376437571982810396274940823478878628558
[8,3] 2449095579174353167875488216716785189516067642862024371271193596629247268673830678741056969504946284453973810851462976
[8,4] 196495482155947108615091886950134566999251997109283304574942760688587263231737180983306215106564382424851795352354481617020
[8,5] -531425587574948851111631443931736047582666427737804902546044958347879681603708288406463442858859340527764117161425729949573376
[8,6] -47546686395351721134076244783231682786752581660351512656765413694699695452330205125271264870004498480072232708464090605396387068
[8,7] 557598821150107920075813848926082155424889716670292340805361485326034928330924537294014083148848653123106177663410208449084112496
[8,8] 1997670307020330887777119371445416425772415396557466906664364781012621908861354936787072186614903017149056965848344870514670284920
[7,1] -376217270190574277938884382630557586936715273471092308890809308512375305661797658180660846312810184
[7,2] -33780120394159933072851409119249657807379502339072256799743014246465310940138428585414286295250854095185231576
[7,3] -3263782218748658790617527577540498234664905752407521093326859211785753798006613646594872589336755023814363235226986392
[7,4] 3360407330825019893911531259156274432471436663840551053429803467674866961983491914782384202968029507286850986489847222424
[7,5] -192800219902370550819363425709349989915094359270617451211751866671031287789670490457209312376764474106736043413533521814202860
[7,6] 9377337045655027071590054849323975357655024311845862546012302377358516816759860770711109991930448150402444941777415041616474848
[7,7] -329511994155814873235355638527533434053678068386161466574324162761720680577082028357859794111650399196917235279462229728471779396
[6,1] -4821412219250511233964729391818041866470760188037778334139676229243584747651031374024845635992500488
[6,2] 121417042483642062803991514058358662509746481997356492584386550222942667672444558900583699327896586327026714164
[6,3] 1404251273493335588096210584754410469213491636091936113263946552161448941724741452805873179800247547916744214479481120
[6,4] -23623860600991740986539610958897079456292172345404648149599528742457597781155101074532117179946220692887308776207283560866
[6,5] -10109756737399129894911144706194258483762754864295713800770711156185459181815930193204736055036904825911309803912024303902736
[6,6] 1066629011950617068237793095565827347952751789287052719139863034290378553565366157238759204102275290347884106740360577199951848
[5,1] -48633590651288029659165012098797933061584974397712812417237067461679405477785757440225064865219273171
[5,2] 373193798776626489013632814068016321799501576493925214570320730679158678453377088733075756154575423168382553484
[5,3] -462946086645271374450519341182400055929356969385538619664431604068255761580447579734673744759547766079975891189369338
[5,4] -166389974222492927835853327274273064202278510153672325545340011549435394391474191371419393783087315394581859160307668380
[5,5] -510818131075935420844745986488983245445204119688048501038388355534067695581739678026425388004622047109125285862452265649463
[4,1] -371570714456989447936261851785637454117881885155355469328116153131895905339496173329122018946685546468
[4,2] -303971669231992226051342784434652717017565087456848698963393758536105471619984404680586522965982261893110278427
[4,3] 14970002489679881828096554648543446969923551386083475379917608093347712633378670850584698508524255312124829048326648
[4,4] 33612671193821653559939088634676117474019373280472895267597315532692814949635742329963760894513780784867712509998292524
[3,1] -2020362526389609583251735504994445652599105724994442746658063344922768775496792306497925853422502590386
[3,2] -74988829350409776331328531959310278990016840431377367744460508424563539246241598670127990603814682786020893888
[3,3] -690496356211248306023289915239692371120953410027952232491649428358880627329423188466351697713228808705100675342994
[2,1] -6963802750534398989080450038491493525979896328704249467204388550584862587882560716014127409669051481756
[2,2] 4963514345603625152076739482976111905794666833175761787916847005235354039259935339610499054115077232320584052
[1,1] -11433811272836884826665874049685357613602127080237382571153151471568389249023393608050222706416077770721
