[60,0] 1
[59,1] 127086
[59,2] -23673396
[59,3] 327057768
[59,4] 10858784092
[59,5] -180407668900
[59,6] -478439090316
[59,7] 15528852546875
[59,8] -9746282751602
[59,9] -501965892726333
[59,10] 732758444478738
[59,11] 8096812772572653
[59,12] -14423000783238684
[59,13] -74694810098186778
[59,14] 149759893013494440
[59,15] 422565447122230710
[59,16] -963126570037666020
[59,17] -1498763210825303052
[59,18] 4110877285232082048
[59,19] 3186208212571744542
[59,20] -12044203964183870928
[59,21] -2971427530451213994
[59,22] 24546666131880862616
[59,23] -3550545260358020552
[59,24] -34630389878025618708
[59,25] 16478817265802008514
[59,26] 32707336842583715056
[59,27] -27230476402804411968
[59,28] -18432565480520084400
[59,29] 26681742869445426786
[59,30] 2911833143958704700
[59,31] -16480732848061421441
[59,32] 4239439167218820242
[59,33] 5990656496448309615
[59,34] -3811520186270377198
[59,35] -786219193799620328
[59,36] 1488496810668530550
[59,37] -313859666819860555
[59,38] -259644230262568694
[59,39] 165067313498529930
[59,40] -9146659699759954
[59,41] -25887738411913217
[59,42] 11142889810899846
[59,43] -563721507922800
[59,44] -1180203548971866
[59,45] 514898260986045
[59,46] -82420823995866
[59,47] -12824478790641
[59,48] 11340308291136
[59,49] -3599099606514
[59,50] 758476299972
[59,51] -118685504067
[59,52] 14317010918
[59,53] -1346467379
[59,54] 98369166
[59,55] -5491956
[59,56] 226914
[59,57] -6549
[59,58] 118
[59,59] -1
[58,1] -23673396
[58,2] 16829886349
[58,3] -1424176440188
[58,4] 80469815319690
[58,5] -2151083833252452
[58,6] 31470983956232840
[58,7] -288397019030232534
[58,8] 1895177995190754680
[58,9] -8040387963487659030
[58,10] 3410253128106591336
[58,11] 94875082516596822578
[58,12] 14930989843214951240
[58,13] -744824514673605037228
[58,14] -3688620349223720524626
[58,15] 20202737533107649498380
[58,16] 101924704676084027014440
[58,17] -306714467779232706752192
[58,18] -1331202017141818392287585
[58,19] 2620490160323272155753760
[58,20] 10543729889435522958865962
[58,21] -12390617056999384170513732
[58,22] -56860961762158373020881401
[58,23] 22216631537359287510585632
[58,24] 225753796796769858883691634
[58,25] 78410280085744318419578704
[58,26] -680612945956959766182356563
[58,27] -609448400900802747504531816
[58,28] 1483158082057264429234418832
[58,29] 1890336011027157704655928092
[58,30] -2011407456756770179175670303
[58,31] -3783715580697389697587211142
[58,32] 1034415021392928740473555976
[58,33] 5505024888372502204286530798
[58,34] 1289496626424518464418876762
[58,35] -5413315377753804667820634304
[58,36] -3172868827225061577671420964
[58,37] 2830147439170800305653265674
[58,38] 3610559125497087146223678706
[58,39] -357037388286039614145256948
[58,40] -2136333454729448214426707760
[58,41] -731621836178221777852683054
[58,42] 610661565487347496178995735
[58,43] 528922353171678729539402164
[58,44] 28837005190321707503311044
[58,45] -132889646283974845982957970
[58,46] -64020688477398495531386637
[58,47] -2083520306884309563902838
[58,48] 9322884949086006518376810
[58,49] 4446822370000241262134052
[58,50] 1080498040356054412848410
[58,51] 158471894846826481430246
[58,52] 14301408098489022593310
[58,53] 769633723400134751094
[58,54] 23137638155817814582
[58,55] 350269807013520412
[58,56] 2254908382161706
[58,57] 4499385024670
[58,58] 1262971995
[57,1] 327057768
[57,2] -1424176440188
[57,3] 176577877480062
[57,4] -5787738975959348
[57,5] 116881592481358295
[57,6] -6229059629850273478
[57,7] 198586183624680556880
[57,8] -3291230059493397184668
[57,9] 32644138390222486527009
[57,10] -214717910465442308236836
[57,11] 1025526503293524307746566
[57,12] -3607995620366045602407350
[57,13] 10913202976466174116871603
[57,14] -36435288579395621468341248
[57,15] -76220668712031568826594870
[57,16] 770869108465183055537376600
[57,17] 419653037706502592377163068
[57,18] 10652182191403067133903864220
[57,19] -21753835842930470113067214710
[57,20] -150694253506169997855267955992
[57,21] 117126428490214605360005995162
[57,22] 510719267006453306748452036988
[57,23] -869796799168213534427324800326
[57,24] 281396576301040117282467532048
[57,25] 8279553283616751690494412535548
[57,26] -8970603336341315646213413031444
[57,27] -40249055139623710135618764209472
[57,28] 47130073495333348301409590406492
[57,29] 102583145768374816983304572095085
[57,30] -158694412914969229696893974590486
[57,31] -130388519463980015927257090911420
[57,32] 364844923755480746022746743378936
[57,33] 2374539441070615214240729806748
[57,34] -544146740687305650704714677437950
[57,35] 272845222865783025686897004361230
[57,36] 478988083434838530165420880896886
[57,37] -443402044766767480077204073067367
[57,38] -199799946855478710761412031839922
[57,39] 339086430248986181675359265082186
[57,40] -4802093461337414568228803969110
[57,41] -135702537875576974426913593019315
[57,42] 35044397262297967959086771965474
[57,43] 28161945509142791618884033586440
[57,44] -11647405776521329843945798325790
[57,45] -2964415216366464769363306049280
[57,46] 1453405251577475369956745611680
[57,47] 170902368068876356212243639864
[57,48] -68882546000860160654861325706
[57,49] -5670470791653968927859359358
[57,50] 1013879301991119028497558590
[57,51] -21345550481848523124394040
[57,52] -24747353102424150875789968
[57,53] 1938673972473916931546161
[57,54] 553586667699731164112980
[57,55] -28814744574479138666261
[57,56] 203778990665113344028
[57,57] -165447519462098762
[56,1] 10858784092
[56,2] 80469815319690
[56,3] -5787738975959348
[56,4] 226489789595257994
[56,5] -26738458384035919982
[56,6] 1040442776534161866458
[56,7] -18441491473967499218568
[56,8] 380544134607327110772815
[56,9] -9161130403813821238839150
[56,10] 150861550362835334363759458
[56,11] -1546179277962382002964331324
[56,12] 9855660890903873520585407507
[56,13] -37333631205097261220874172882
[56,14] 57094104053207756306176255806
[56,15] 250271030089798756468584902856
[56,16] -826129456946516230331263753476
[56,17] -11227874215284308412881128361060
[56,18] 71641998672046821717181732094788
[56,19] -153467370067770946647997504556456
[56,20] 135165973698917030198653209918351
[56,21] 1030418605259600998836583834250976
[56,22] -2369577578673881273215865377783440
[56,23] 1404165050241404272417307655724188
[56,24] 23302457750988335158898291362423938
[56,25] -24040183717520340871105771956746340
[56,26] -61260263986923835033891422054695310
[56,27] 78814036013957163800066139200361192
[56,28] 52625859677991511605085216493775140
[56,29] -89067640284996822652776423114092570
[56,30] 10012647841252901979053623053439932
[56,31] -119397796278406028889290830924780376
[56,32] 43322301980955465524357407569802683
[56,33] 440016898279452353107784097518707876
[56,34] -236301538713358426376082423195427560
[56,35] -504039227074348364642909980403046200
[56,36] 295137963142637992002222118067579337
[56,37] 326130968551970346201559345419704214
[56,38] -167825834213794824777688118103564568
[56,39] -170177438788296862041305284751271184
[56,40] 61963042657893479208380913970225916
[56,41] 82967941692546265737333276444404278
[56,42] -31156805008014041436597429347396486
[56,43] -27499124653950423068880050453081848
[56,44] 18185525759099579972148558189496217
[56,45] 1631717546873253303534672104187768
[56,46] -5149393807694289462004796768824702
[56,47] 1717472013073689374213641819977892
[56,48] 198032306714632057144937206281474
[56,49] -296334295679609899341275498970764
[56,50] 90896331405334240368632601289750
[56,51] -13832348539739267345316253286188
[56,52] 1129844605235446730787049883229
[56,53] -47488128736522012877460583614
[56,54] 879608136576015505210262128
[56,55] -2987442103495957340914318
[56,56] 154673794835332525634403
[55,1] -180407668900
[55,2] -2151083833252452
[55,3] 116881592481358295
[55,4] -26738458384035919982
[55,5] 1491741159864732716004
[55,6] -22969944998479574758864
[55,7] 633169539237766860996964
[55,8] -29919306823042458498928430
[55,9] 671946653871347609976486042
[55,10] -11408636275706165283042583882
[55,11] 188178673390365917492648656434
[55,12] -2553830513986457394817254471364
[55,13] 23773584148636524355023041262698
[55,14] -132823029584173411565895827888314
[55,15] 274236189660658875141358856578202
[55,16] 1417139603141614565610757975891586
[55,17] -10789919135168443936996012584730167
[55,18] 33038124586539413574015359608481070
[55,19] -106707410454486813272381261835618828
[55,20] 360544693523240811630597798310354370
[55,21] -710583749600436152213444439543604633
[55,22] -1381799119830153978877986940607865958
[55,23] 10190247142187655575379347330969373567
[55,24] -8578805628080187851630204176143022116
[55,25] -20565144814293308023968955500671820726
[55,26] 22055041622781496103959620364522276340
[55,27] 2147642930221932627897128892281599067
[55,28] -9950729088111421899379960144072657722
[55,29] 2632467685570070363795922006145463774
[55,30] 50859370596502019988031528236477103452
[55,31] -5866156890551230496741040712158185938
[55,32] -140647475501492863555165160379978132210
[55,33] 19012951116801805203057079941614900843
[55,34] 169424556883340860432023812630702631936
[55,35] 16090653016215167486145176829808488307
[55,36] -143175953630530848345751321960916378602
[55,37] -46372675806823064599666994106058784287
[55,38] 101582780218497930689643001546080053434
[55,39] 28146879935959015167402710011313305663
[55,40] -57920818117645452704698707793347420152
[55,41] -1917700068149147247939333400255323646
[55,42] 21255727902541455368985318653123705708
[55,43] -4276139270540815307917770287528699309
[55,44] -4244112194756298376621504293764081378
[55,45] 2012492491238621693357765972987697222
[55,46] 174686065587854472956149775797783456
[55,47] -325168986050033133623571877302985763
[55,48] 79016671795009285602013121801171348
[55,49] -424893635626078924500415391381183
[55,50] -3200250589933921695900847720343628
[55,51] 647925971755805857576383320518409
[55,52] -54389088899381480585687327264336
[55,53] 1317827739773812802946103580315
[55,54] 71586245434800885089300487880
[55,55] -3080473207935660424341083886
[54,1] -478439090316
[54,2] 31470983956232840
[54,3] -6229059629850273478
[54,4] 1040442776534161866458
[54,5] -22969944998479574758864
[54,6] 289500803548238808828727
[54,7] -48192982764364503349650274
[54,8] 1741117461983367505272608298
[54,9] -21665212596147489547066257190
[54,10] 119503383066484091792038098702
[54,11] -1265548752004981896443846415946
[54,12] 47431980118256701755090738169080
[54,13] -1043353601903546547399249491869600
[54,14] 13455533599000970269878238421466623
[54,15] -105572290614009883989076244148680036
[54,16] 490900440503683170968455423214552150
[54,17] -1203791154402534347380406674808763882
[54,18] -255318576984585311892397863365048414
[54,19] 13709403282556501749552109584904478796
[54,20] -10473393362163592157897052488601248686
[54,21] -221786724827457275142372740493329813230
[54,22] 610951356931878773477694467053689945815
[54,23] 414801595889329024521331907222143806450
[54,24] -3000219190586895208669611685778862106804
[54,25] 1650094393591207758350718588477981130488
[54,26] 2110090108386932003802100398581566192334
[54,27] -2553396138234201847947109416753350100814
[54,28] 9205499132018257719169211020499635247006
[54,29] -6998430640743566199555609564472723017204
[54,30] -9312637986450848716181918096683231966339
[54,31] 11876182615143648451267396395091454931534
[54,32] 12242341519696939622419956503244042527204
[54,33] -11224550993425044026897470408729325085404
[54,34] -18621582595801941329478128909547361296997
[54,35] 14912191581724119259110100185532586083862
[54,36] 25422818473559310225389661497322451362440
[54,37] -13933285896374844591473169503016537220768
[54,38] -17400324586160887056899308212861722971751
[54,39] 9655783831911732203854168338170795176226
[54,40] 6595641834579973264232839942540588853554
[54,41] -4779385635079411226515903174298368974502
[54,42] -890425044327739439382140092863604522333
[54,43] 1350418033564525952231697953369829284486
[54,44] -134614641417631495794987788898983093820
[54,45] -172136968931987792511064624328755534202
[54,46] 52647818687670503825317740355700093262
[54,47] 3286786164955502231198210785864564904
[54,48] -3809983753683713590184479259236833874
[54,49] 576523546106001035041801167677710142
[54,50] 12176023349758719848025659476495571
[54,51] -13088736767041202360162550077065580
[54,52] 1528018759761290410122726067797452
[54,53] -63324968259574368279289984233848
[54,54] -471976996742314233942295028188
[53,1] 15528852546875
[53,2] -288397019030232534
[53,3] 198586183624680556880
[53,4] -18441491473967499218568
[53,5] 633169539237766860996964
[53,6] -48192982764364503349650274
[53,7] 1440024774155409000486524746
[53,8] 31385597679598287757489117774
[53,9] -2009580208604786825604049353678
[53,10] 30576961623220333417351369572676
[53,11] -186270456045178587156651868936637
[53,12] 76272153769565313663546681952712
[53,13] 11055996100045047103089894626063549
[53,14] -179137932775474312921063108923265780
[53,15] 1434624556236954255500629319489203901
[53,16] -3041451386481209193452622489496912444
[53,17] -14032926101995546088003143618557234753
[53,18] -73840537625074973018077710174732386832
[53,19] 1281864917576655506107587483210346183873
[53,20] -4015425391584830444359448593812704459600
[53,21] -3114620569888566267034717801421696273698
[53,22] 43183072733852112422068333501831066991578
[53,23] -66045266626581099283264308744369386551895
[53,24] -95378566624285512146961358977650215777164
[53,25] 317357907756867500296468701067393689895419
[53,26] -103743312246648843547732506655894755675922
[53,27] -233534420719778244756331170704473363969186
[53,28] 251467716971520339980463331858474401539396
[53,29] 26657762678554691254558754475759586846005
[53,30] 432430417894536515851787464623118032109104
[53,31] -1067033240055567333531351361909052886359993
[53,32] -1147532439286601874489622073001731307830336
[53,33] 1857746285716087443233002823349768732686090
[53,34] 223203455821849362896533009346333024512602
[53,35] -2344643436763723065756082202054862995079899
[53,36] -192336397450287047710708629178069421616232
[53,37] 2564140205040040282368654275300572548121876
[53,38] -29731670376408165226712578688052778529812
[53,39] -1354510072239713582219329878485846041225217
[53,40] 248227036832993651210510197713841089907778
[53,41] 390687341151845330155237284476488331412061
[53,42] -139240269015900337418386962740796061546546
[53,43] -45790590461455909239858390900315502337427
[53,44] 28373076446047962376860459117009346963256
[53,45] -154552531839537720945916926483302011314
[53,46] -2269767180848248281820821326135999184440
[53,47] 388082884346437231146968817559983955741
[53,48] 37257272235277444020312561535956218402
[53,49] -17507480749151860157331051797587867516
[53,50] 1513179297303756770703628409295900824
[53,51] 86669582872322779895025054922443026
[53,52] -25552841401630423578319162330175526
[53,53] 1926586723358309700859817472037929
[52,1] -9746282751602
[52,2] 1895177995190754680
[52,3] -3291230059493397184668
[52,4] 380544134607327110772815
[52,5] -29919306823042458498928430
[52,6] 1741117461983367505272608298
[52,7] 31385597679598287757489117774
[52,8] -4173474097379099946436762823746
[52,9] 106535863480388499599664464768844
[52,10] -730986270357504764599666371962392
[52,11] -10455901308308836882502367155009100
[52,12] 261312466613523024468575332354478891
[52,13] -2566830543328440931753143206590311832
[52,14] 14883342218629293284643510773270569638
[52,15] -77527545093322446764352487311143714850
[52,16] 468069304309470063402200951450285807949
[52,17] -1569989640847862923462256911552548062086
[52,18] -2135734466875415998150645516363113307762
[52,19] 41242797218827070130901789160088964912546
[52,20] -143025697530350463968465023066502230381106
[52,21] 105090514000018650721695501108017991834348
[52,22] 662603004983362784385689829145939562472028
[52,23] -2318998518393725364155730456446828234642146
[52,24] 2543075339577467431879364625200436885082824
[52,25] 3328341424162935169054425337784320262190738
[52,26] -12819293509434014461162335204437897444002184
[52,27] 11565027538413931799573347102107722312743516
[52,28] 13865562768592709591978052165034323823240690
[52,29] -31941935312140423135589851098956943293079376
[52,30] 592253759157938973865838412637950964152416
[52,31] 46926774189436141039570598986755368541250432
[52,32] -10262928856829929079387665488814579798043488
[52,33] -57047216044546762317192353772655974653678054
[52,34] 73443279550822806062564394998342041039262376
[52,35] 65657859476059887436155943342760315096388230
[52,36] -102558032456362608576159384746876505347675789
[52,37] -80766540469884527681373374357759934882501760
[52,38] 97937391958263236343856600656913582113687694
[52,39] 29354729043531424460400193930421118697011854
[52,40] -41183776840872652265688709454212647321701096
[52,41] -1161973055300606747084106084051422231093438
[52,42] 8638643753981569584020464228094386656587616
[52,43] -1222912017496834103441217484262140167372958
[52,44] -766612216657142865901910270736786162638919
[52,45] 216109413025423831367165909563029911312198
[52,46] 16217421274601161461755202819898515628564
[52,47] -12541765894697726244121966086426262599588
[52,48] 1166456573155147988776704833712053117942
[52,49] 163897159429098318332164914048440077184
[52,50] -39582921864845909148014180273657062374
[52,51] 2068548136407554684385512636882788590
[52,52] 151335367109516566211491004660402462
[51,1] -501965892726333
[51,2] -8040387963487659030
[51,3] 32644138390222486527009
[51,4] -9161130403813821238839150
[51,5] 671946653871347609976486042
[51,6] -21665212596147489547066257190
[51,7] -2009580208604786825604049353678
[51,8] 106535863480388499599664464768844
[51,9] -1611083321605076445007284690015592
[51,10] -8375031739700974615819487555770638
[51,11] 482259178900510896032251728802731662
[51,12] -5867134106915037595626097534565059890
[51,13] 35097996423955888114736809518036856892
[51,14] 1835389328264201497788217395859579932
[51,15] -1617229491356124448329580557642606303091
[51,16] 11150602212998078425590101923859363197104
[51,17] -46275828023793322993177701350518780751677
[51,18] 117256792966980878435968613818807028514432
[51,19] 115052635853912073157018624027114479865511
[51,20] -2550603600721609110023659659486433266887196
[51,21] 8234974009408396317801488157344992349904480
[51,22] -2833852132669349477221973574410491830760230
[51,23] -36098049886631032825190480509670351846048430
[51,24] 77893882185606071093259849783091278881061074
[51,25] -11344833917724967220985954133979888705731362
[51,26] -222743260009979173389145318655764595698924136
[51,27] 72697507011517461182168994148841257010321854
[51,28] 350419347539169708881720329452856481693982934
[51,29] 89361416577714503147934959709866064198133949
[51,30] -370285570500897247258546399251216321169856580
[51,31] 147765131632520267804300269886029433661680300
[51,32] 58460752035882502269608132504567079353175496
[51,33] -901046501037028324888011359866562693113109590
[51,34] -1897177402700554917596437757487813090544111868
[51,35] 1588564728288481863625762657373757081937707724
[51,36] 4320897095159874320779821277553395422050391020
[51,37] -1976641761054291878315663770809021302596226468
[51,38] -3487933669800548164783201849776945919267888192
[51,39] 1521116801311257479773189276259547779026891247
[51,40] 1001557427681840793828531563450158960615805354
[51,41] -501282397932616369310946317171308608679449417
[51,42] -105869672541708676680040777794667343003734790
[51,43] 77394491215976579677919534191606204559479125
[51,44] -901077568212496760386072131369946912066240
[51,45] -5144317067956396865733545324995655945662429
[51,46] 726613841244442769412329605828529194854266
[51,47] 105607360836899269099253103723747243813431
[51,48] -34295735483708377454027456339325346342830
[51,49] 1789833835175150029409917898591317188839
[51,50] 330574204128183135753386486773041903360
[51,51] -51093924359404638739247746525611636221
[50,1] 732758444478738
[50,2] 3410253128106591336
[50,3] -214717910465442308236836
[50,4] 150861550362835334363759458
[50,5] -11408636275706165283042583882
[50,6] 119503383066484091792038098702
[50,7] 30576961623220333417351369572676
[50,8] -730986270357504764599666371962392
[50,9] -8375031739700974615819487555770638
[50,10] 682698175804186782700088471612661477
[50,11] -10275768880447181256015817107016475920
[50,12] 46081903775590236105530634544175782946
[50,13] 107532914992998918304184198037805648298
[50,14] -1840516916104222346682633553549687393236
[50,15] 6947793328767423944038099921637326505514
[50,16] 48452199961264954817169971956160075510664
[50,17] -638401636446356034000095591560630185924124
[50,18] 3395543162842924762847659376269936950068948
[50,19] -6992212915648006060508821663077761751687586
[50,20] -9478354929518693663844672061236532179074514
[50,21] 86586116787816901865292848939311266046323498
[50,22] -175739461601912613551838599977085059792504796
[50,23] -9720015235866262157918206015422167997112774
[50,24] 536289153590987643922520910357448047392306562
[50,25] -381538751288709953354822368250033997794046592
[50,26] -828996339439816626193908162079836053011921198
[50,27] -634500243867476276841194785668940774546794506
[50,28] 5394611045716392086045857174763824782797671018
[50,29] -3487103340051869522991455625241184744929277188
[50,30] -18283575258256249211263826305057770804226424383
[50,31] 5718387256520673256335021726634205619442245984
[50,32] 30841501609155651968079351815926223191569649752
[50,33] 33311440387504556455471558357155354331687308742
[50,34] -15019158237883837770812619985655306072419077532
[50,35] -99430152064326690089972404477805187014897803446
[50,36] -9171325030688663273531997434989726167190010486
[50,37] 116152572419837930432009341757131843108290609856
[50,38] 1052511894448404830370783971186465536909154498
[50,39] -59130963971478110843663297485927827612970897468
[50,40] 6164193343180201590292171586818171757066682702
[50,41] 12411728385302237734286697035145629442096697820
[50,42] -2300355781922592041665211069059877516860375359
[50,43] -1067858656813699434891647536893251371864956684
[50,44] 319840609370176527772441744604724948692183000
[50,45] 22758510881285233261423398994539287370402290
[50,46] -16952752633854159974663523811611597067913800
[50,47] 1297758079678354942854145931966999000879024
[50,48] 273151782587804103384464388962365901874752
[50,49] -54099220384735900782498963323871324855812
[50,50] 1908321879172979229581269484497542829660
[49,1] 8096812772572653
[49,2] 94875082516596822578
[49,3] 1025526503293524307746566
[49,4] -1546179277962382002964331324
[49,5] 188178673390365917492648656434
[49,6] -1265548752004981896443846415946
[49,7] -186270456045178587156651868936637
[49,8] -10455901308308836882502367155009100
[49,9] 482259178900510896032251728802731662
[49,10] -10275768880447181256015817107016475920
[49,11] 98698629118779186071512493749243722850
[49,12] 42237897087655551670493286101458897540
[49,13] -5364163243626400476860645759046935074658
[49,14] 16477952050274343847305676812797255107460
[49,15] 32934077135176282742601528041517880491008
[49,16] -227495672536832642272323377171149915532980
[49,17] -1656251151809731615259260897891381962965693
[49,18] 17929035254570264484620722448997606880581094
[49,19] -102681263278062775025878406964455325047231771
[49,20] 228728638382973191207432671037155759677191166
[49,21] 89401201019981152036850719599410468530547499
[49,22] -1735784115173943990677950761398747026898391376
[49,23] 2533011618655982364222422146879309933212261555
[49,24] 2703449754311606256966507289751239629994250126
[49,25] 8035063675610987008649172199651339222473331608
[49,26] -9831573558905299075547557621400949543548622048
[49,27] -79008643642082882105667253697475526466588967419
[49,28] 72851052683830575941110439420509015535407471276
[49,29] 226479576303394325302063031311281314151638081354
[49,30] -21776116681322499521960523879792727881253525522
[49,31] -310324575437166334781396625740127550115524949750
[49,32] -557418442297965567944828945604983110126599808426
[49,33] -117259417373022924925150800474326576088938524130
[49,34] 1487060272231930023980712990503236810175842699680
[49,35] 849336965881728564315973465187372304098613249464
[49,36] -1873250105835548516070309395196999183897721508858
[49,37] -963400850104393240768349914768630119964756818866
[49,38] 1314756880963736301515051107295374963598184187422
[49,39] 393424974920388641119458891192006557890956146037
[49,40] -453251210814312204891329887622411801502078735346
[49,41] -43879841416018931097031222827611627818476815922
[49,42] 68089200182071196604802325110714182051836884802
[49,43] -3196482793342250297540624563268673696752684377
[49,44] -4528442375581923137126215051993446507707629322
[49,45] 725953046773058824885297969536456265400372761
[49,46] 93511031784836949669172826944566428724573460
[49,47] -32324515479795414517005020951944978714600475
[49,48] 1531034018069361953617401715226978328338410
[49,49] 367251186545168374963962240068384237885366
[48,1] -14423000783238684
[48,2] 14930989843214951240
[48,3] -3607995620366045602407350
[48,4] 9855660890903873520585407507
[48,5] -2553830513986457394817254471364
[48,6] 47431980118256701755090738169080
[48,7] 76272153769565313663546681952712
[48,8] 261312466613523024468575332354478891
[48,9] -5867134106915037595626097534565059890
[48,10] 46081903775590236105530634544175782946
[48,11] 42237897087655551670493286101458897540
[48,12] -5083781040688500212010706494299368173965
[48,13] 29145854723829007797796550981619889323262
[48,14] 250534818857797782362866481932398924599270
[48,15] -1917237019702499541555859740590118134973430
[48,16] 4158632430281404561326808428141815364277505
[48,17] 5115344635574208877773652880296835987292994
[48,18] 5610583807377017167543126154803494182896536
[48,19] -404067603221746874857729517739789026191627604
[48,20] 2854301356023083756596359852529496982477599829
[48,21] -3329095951210752294673086723716225650319869936
[48,22] -1527505183747306949691151715905902140822344326
[48,23] 7460814079534188237153493598957669051870627258
[48,24] -78818794203687198075688132094167463321974887229
[48,25] 97470003600857054281776040087069498915320511598
[48,26] 473819788320457866324828284740092499479343657144
[48,27] -460938701703276300338638693923715190632175644352
[48,28] -1660876674957989642917563709894507238533191919478
[48,29] 183562907155748810138662728948724132239655776134
[48,30] 1633938118378996539291583637173638116765564016212
[48,31] 4146591109915806456087241879455585587283669821684
[48,32] 5619608745891184579118584412682220265325801733792
[48,33] -13781728962521698533107175946145954243995887493468
[48,34] -16929883671880927833977344808321156786425091703902
[48,35] 19125964000487438153921494405077572400176450458144
[48,36] 21340375814590176516287434954836119945659260133763
[48,37] -14758239701044213265801861055816144386046991011116
[48,38] -13777236410540277646781930601417672767140415552046
[48,39] 6711587067547757520364535376892157895536528485898
[48,40] 4039731578440036611746434251468812721528600675375
[48,41] -1675559408465025466410767292235470574395788990740
[48,42] -410482456725059655382803259341806645072664576592
[48,43] 202608172979081291603374131695208041305748828366
[48,44] 4843960418493548465315181337286148429963147937
[48,45] -10657910360671841233990929685794168240287812056
[48,46] 1069553892726690239140501406115985312598196094
[48,47] 169520838548030062127527911962654247365661352
[48,48] -39574591353728360402481543245932741948555682
[47,1] -74694810098186778
[47,2] -744824514673605037228
[47,3] 10913202976466174116871603
[47,4] -37333631205097261220874172882
[47,5] 23773584148636524355023041262698
[47,6] -1043353601903546547399249491869600
[47,7] 11055996100045047103089894626063549
[47,8] -2566830543328440931753143206590311832
[47,9] 35097996423955888114736809518036856892
[47,10] 107532914992998918304184198037805648298
[47,11] -5364163243626400476860645759046935074658
[47,12] 29145854723829007797796550981619889323262
[47,13] 24958016093143745699088737346033405425962
[47,14] -1779908082571604590893340462201564914391264
[47,15] -4447252792886417753745066732819661194382606
[47,16] 61085986184080887568562341523846588180926842
[47,17] -113493478938090432825321294297703900043974977
[47,18] -9320639531913566163969837267717643419416144
[47,19] -601234754162843683693688959476475373298440821
[47,20] 3399016073920421047588966650262342287313257494
[47,21] -52395846316907424718570118215930692199915019223
[47,22] 77273718941948582201755196938467934944543125298
[47,23] 137913502674566286855431442738612172868984093651
[47,24] -538828358257080835734966708243457422105431272804
[47,25] -1054172048250182440612708740967358751097360500786
[47,26] 1034453902814467590363680644383279155489446606956
[47,27] 6680162219135306086754485751107849462793750462239
[47,28] 883355308602929761847985940632574710017250429566
[47,29] -4055955297389869135974735932751343777382270627261
[47,30] -19287044754548750173810015642900937454616075181914
[47,31] -63424835991500308317718336187195849782143592944755
[47,32] 76661670342271132150188444759604196939848491142388
[47,33] 195033716147742147627619066026930642035386462941919
[47,34] -132352853622933938320075063059600660896573985865206
[47,35] -266501680914759758076140724140127733783120494973531
[47,36] 107302154290164224696283824728556372517970317674626
[47,37] 206556076805063369273069509275714573398226845989724
[47,38] -47544976675193376015760881357540560445268815470722
[47,39] -87429380838779724705593213485702637266199737749060
[47,40] 14591788655382428295637640063766549390321137937240
[47,41] 17720022425433737468217954965977263997846225397825
[47,42] -3484472927057178771262360638657407591247907584100
[47,43] -1382867724830670064817480890096200245210311356145
[47,44] 383295536909095821154003647445349235562183092928
[47,45] 22378671032587962765158635043482082594301688885
[47,46] -15884214468357417441068950015426835497888429620
[47,47] 1189513593617824813004360426732651615539739789
[46,1] 149759893013494440
[46,2] -3688620349223720524626
[46,3] -36435288579395621468341248
[46,4] 57094104053207756306176255806
[46,5] -132823029584173411565895827888314
[46,6] 13455533599000970269878238421466623
[46,7] -179137932775474312921063108923265780
[46,8] 14883342218629293284643510773270569638
[46,9] 1835389328264201497788217395859579932
[46,10] -1840516916104222346682633553549687393236
[46,11] 16477952050274343847305676812797255107460
[46,12] 250534818857797782362866481932398924599270
[46,13] -1779908082571604590893340462201564914391264
[46,14] 8588602952886043436267386854906095521195712
[46,15] 44078478865205058201087971129215092486178244
[46,16] -66814011715617162914233027100903703325384340
[46,17] -1362094295355595272946399208181553969112034162
[46,18] 355669237927042980525669536621253266759054135
[46,19] 14578514094412931385197479491700800146524751266
[46,20] 14736179451503928494203960529657506368778972678
[46,21] -187051244913978620686209610745008782284317805670
[46,22] 692877421533930557411045493537775555978329141093
[46,23] 463879230218636367014531375753043014047888316004
[46,24] 524557135534800706989382002337226637674493222630
[46,25] 2035529424792789188596728962088231408176939343302
[46,26] -14677692977725625515814472311506708261812901085187
[46,27] -10987127994222903058512769794360861240834245498626
[46,28] -10599401775091419563448761344978461155344882915640
[46,29] 47077820678684993157586289881105827838233015375656
[46,30] 425243433164412380719249389245756036043561916855864
[46,31] -212266336988472008973881049379099889709066931642138
[46,32] -1521152071629641353536254825191984200362971661894852
[46,33] 566606371933632654961341264217939773604523042388752
[46,34] 2387238855123898389035252960125682705707670968626294
[46,35] -569534550387228012205367388883164558155440736508932
[46,36] -2077948875338314681074595733766637899828075378868828
[46,37] 198164059571510721848080493638301567444898918041152
[46,38] 1061918706266201893919181585882127949831124418066352
[46,39] -15087474856468294058267887604999687308461025136660
[46,40] -304057021942658033296227245981182896358531967107244
[46,41] 7929320687214191016774364617948838236015681080542
[46,42] 45121935469858287783156044972911461585447563319514
[46,43] -4667069026725314442239596375196105012890480862798
[46,44] -2650361794886433452534835866444715468287658959128
[46,45] 512102293479627463582538382880012427282271195506
[46,46] 32359290507486842547138388320098709621943868907
[45,1] 422565447122230710
[45,2] 20202737533107649498380
[45,3] -76220668712031568826594870
[45,4] 250271030089798756468584902856
[45,5] 274236189660658875141358856578202
[45,6] -105572290614009883989076244148680036
[45,7] 1434624556236954255500629319489203901
[45,8] -77527545093322446764352487311143714850
[45,9] -1617229491356124448329580557642606303091
[45,10] 6947793328767423944038099921637326505514
[45,11] 32934077135176282742601528041517880491008
[45,12] -1917237019702499541555859740590118134973430
[45,13] -4447252792886417753745066732819661194382606
[45,14] 44078478865205058201087971129215092486178244
[45,15] -215127708107547743111782054192117843174296226
[45,16] -663656394673736370447477897817942802678274994
[45,17] 9652524703750115267838226128303629630038362095
[45,18] -1849537922085339721381152824972020461308006024
[45,19] 53744068460453023473414935874213554502237825257
[45,20] -41793551200473132243578955996927613830127652454
[45,21] -1105022980829557160036110940626558675510782974141
[45,22] 1185533924312918078763067261467754887931010905182
[45,23] -3805040400242668178786331530057968794878164546362
[45,24] -6312628060554856238078318088334371221777686577198
[45,25] 7247956591818696884341683900414855209201753262621
[45,26] 20337190291116682051079905767020790067776429257558
[45,27] 132654408691306929226810064441989417879822861177673
[45,28] 58558442593403958039727512652412754430471459240880
[45,29] -1890278887423722524405377906564760664364909871571545
[45,30] -323104483715813229316817762419797501982496850781242
[45,31] 8280532274896290016340822432466079335536568335735146
[45,32] -506817965673729457030973816767070239608012906619480
[45,33] -15977450120944518587234637316828679139182242661214206
[45,34] 1482518044320575915756276950946260977088419206549774
[45,35] 16294160053512610361858016486612792366144420161894711
[45,36] -410344164940989776109920556346600581895308145605916
[45,37] -9596656036260356337051187058382033905141075181853474
[45,38] -561059145209203111634177428563645011332063087634504
[45,39] 3347853966235650119661933417573571885310145440700177
[45,40] 295809994491936221055268704702671843595731163254722
[45,41] -683568271314270765751124868209836891313668440490181
[45,42] -27821572031081560649899934026874103090433054567798
[45,43] 75897784819528455306525652836629908903208272114714
[45,44] -4830687125238942551935115230909333773354366206926
[45,45] -3259538849736414396730379481075081440126554237623
[44,1] -963126570037666020
[44,2] 101924704676084027014440
[44,3] 770869108465183055537376600
[44,4] -826129456946516230331263753476
[44,5] 1417139603141614565610757975891586
[44,6] 490900440503683170968455423214552150
[44,7] -3041451386481209193452622489496912444
[44,8] 468069304309470063402200951450285807949
[44,9] 11150602212998078425590101923859363197104
[44,10] 48452199961264954817169971956160075510664
[44,11] -227495672536832642272323377171149915532980
[44,12] 4158632430281404561326808428141815364277505
[44,13] 61085986184080887568562341523846588180926842
[44,14] -66814011715617162914233027100903703325384340
[44,15] -663656394673736370447477897817942802678274994
[44,16] -5247995747290591178291822652398694951094074888
[44,17] 18185802600055834907233808041435031505903100924
[44,18] -313257360308483450856794694783457727701075748218
[44,19] 8253672189931121969121103647482868190788320174
[44,20] 430005262226417494763040405072422923585476356784
[44,21] -305339195723644214719351953902693392313150019990
[44,22] 15004484001375727569124067111432080886632234886184
[44,23] -9178399631274401199892866454978334771712798087312
[44,24] 81743892635407563909709315503994855294111184937981
[44,25] 27003326415683256184357266619573148326145282960694
[44,26] -508273759020939409643512521358888274675803896669976
[44,27] -919015950483816778774171078973663461325958825356662
[44,28] 5492733944255756230102516396402108385999262588047273
[44,29] 5984516338546317308270164941945361577473134602065786
[44,30] -31501918249972430484193073966042677596362214546711968
[44,31] -10840271781257311579216046816215899793760427443437276
[44,32] 78755028874936510284756448826413107221776472481900118
[44,33] 7141009798098358514306580515795914087095574701849986
[44,34] -99353335299694096195890786248645687179632175984493470
[44,35] -4783696544386032122025768617131173397758291399692584
[44,36] 70207652432425849937186110941389824630157196020580473
[44,37] 6017011393116695448001777331051187808099698924887632
[44,38] -29106711991642658803396996817681022216540473927436076
[44,39] -3832517732247877733387933513540684181320772920077760
[44,40] 7240712605021378950123800341891499968960745651209749
[44,41] 960693750971404489379768398715127696762473456633774
[44,42] -1082282242133009619569714224557031548655062194167628
[44,43] -68385414448229968763131537570711652828047178944974
[44,44] 89704922283079300043086896557560301817681116965143
[43,1] -1498763210825303052
[43,2] -306714467779232706752192
[43,3] 419653037706502592377163068
[43,4] -11227874215284308412881128361060
[43,5] -10789919135168443936996012584730167
[43,6] -1203791154402534347380406674808763882
[43,7] -14032926101995546088003143618557234753
[43,8] -1569989640847862923462256911552548062086
[43,9] -46275828023793322993177701350518780751677
[43,10] -638401636446356034000095591560630185924124
[43,11] -1656251151809731615259260897891381962965693
[43,12] 5115344635574208877773652880296835987292994
[43,13] -113493478938090432825321294297703900043974977
[43,14] -1362094295355595272946399208181553969112034162
[43,15] 9652524703750115267838226128303629630038362095
[43,16] 18185802600055834907233808041435031505903100924
[43,17] 315817803640529838267556031872025431827608917616
[43,18] -215629699199020983214495515924368519679810974312
[43,19] 3408170864261022130021308112428031671456307092709
[43,20] 925700609311815410207527479511624478553800948118
[43,21] -45151165210993058361457568063793743437317398824029
[43,22] 33739418429300457900389724279603138385285283749734
[43,23] -296486554947627196916880889667948398589635240318041
[43,24] -178967886584045361658906253099633948148470474086488
[43,25] 1004610793964971121557473679635787008079548716075214
[43,26] 3694140939528318264013123942259255045453611514574604
[43,27] -9386897137851516872868670827700212146700500686681859
[43,28] -29334769630531516275244593526300721059924022216752646
[43,29] 82554965436695939192567480545392015187864992217563604
[43,30] 81190494749254664500532022961380508019983019324401936
[43,31] -284079767750151995855255219013837032939930917204880457
[43,32] -97855044984517159777603737401375839537436153573871124
[43,33] 460276949799029231748992012229683282481474650712204565
[43,34] 72070622195956130706150139354040762653998967748416504
[43,35] -405392192763645335716678807899924577488262759262326361
[43,36] -48672217756173564924124701222120170996952838207204316
[43,37] 206318275522059265977736803503571005298128493745955609
[43,38] 28552127553403082026651989273993075093758751930093388
[43,39] -62237304399332661765092093357746385632760592243732034
[43,40] -9915757241169837697594340216816042265752213637185442
[43,41] 11355580995790451815537920091679497797972059145286058
[43,42] 1585229433335881644892166882243081762942238690431310
[43,43] -1256325393533115308020183271293419298797406535701511
[42,1] 4110877285232082048
[42,2] -1331202017141818392287585
[42,3] 10652182191403067133903864220
[42,4] 71641998672046821717181732094788
[42,5] 33038124586539413574015359608481070
[42,6] -255318576984585311892397863365048414
[42,7] -73840537625074973018077710174732386832
[42,8] -2135734466875415998150645516363113307762
[42,9] 117256792966980878435968613818807028514432
[42,10] 3395543162842924762847659376269936950068948
[42,11] 17929035254570264484620722448997606880581094
[42,12] 5610583807377017167543126154803494182896536
[42,13] -9320639531913566163969837267717643419416144
[42,14] 355669237927042980525669536621253266759054135
[42,15] -1849537922085339721381152824972020461308006024
[42,16] -313257360308483450856794694783457727701075748218
[42,17] -215629699199020983214495515924368519679810974312
[42,18] -4578640945744174176249532676118294050887999203664
[42,19] 1437773255520536398245795465935692587332054904652
[42,20] 76131424927295568179423284783026779297256461508822
[42,21] -59571718336262367108207276288101042934258670692240
[42,22] 614133282067494685874655202299765427980325710432951
[42,23] 427927800407592240343286068235451202255459104348030
[42,24] -994523809761709954900018925434402704808405755552836
[42,25] -8795020342154544578318212512222614529731441742563178
[42,26] 3564649720671647606180125419307827416148211530793444
[42,27] 87470671524074282162838589474477629157042603808828300
[42,28] -138613245430810697615016734166650162593019801167955288
[42,29] -324836303881910103557746335768323879522170383635032724
[42,30] 750892624891731780231486195837915275969497259398978003
[42,31] 536093883178334951078927755716801221234816543406388936
[42,32] -1617944457586196870109375225087602050854755682069411932
[42,33] -497391639517630355724231681154749647877619378589830600
[42,34] 1807902883785339059613116572656770394096729367766306077
[42,35] 327342671566272876990305637952427907471781077653314192
[42,36] -1154774375927540197594528421316564731910527547221809288
[42,37] -173940526651072958316840765768424770739961937367970894
[42,38] 434795786322552763336450356690962177549909057418251540
[42,39] 67297646626311264622518520043557052904462308521881682
[42,40] -97437567233635256758108071164685684035907022736778028
[42,41] -15354395513380541651676634970722186237848594588789966
[42,42] 13172860660423530881268648463700624219062266176451560
[41,1] 3186208212571744542
[41,2] 2620490160323272155753760
[41,3] -21753835842930470113067214710
[41,4] -153467370067770946647997504556456
[41,5] -106707410454486813272381261835618828
[41,6] 13709403282556501749552109584904478796
[41,7] 1281864917576655506107587483210346183873
[41,8] 41242797218827070130901789160088964912546
[41,9] 115052635853912073157018624027114479865511
[41,10] -6992212915648006060508821663077761751687586
[41,11] -102681263278062775025878406964455325047231771
[41,12] -404067603221746874857729517739789026191627604
[41,13] -601234754162843683693688959476475373298440821
[41,14] 14578514094412931385197479491700800146524751266
[41,15] 53744068460453023473414935874213554502237825257
[41,16] 8253672189931121969121103647482868190788320174
[41,17] 3408170864261022130021308112428031671456307092709
[41,18] 1437773255520536398245795465935692587332054904652
[41,19] -94579093780090728076379827727758947214613502192928
[41,20] 21681356071456764098134629403802167488712645728416
[41,21] -883337862933394020450277810929022327107653455565190
[41,22] -473136904994833992430083255160110411860314444420016
[41,23] -176081084405136172705093793803435633005022004001913
[41,24] 13619963227540627400549060705243434599764628837266346
[41,25] 28607329126763597261583363611692763423546299294038010
[41,26] -179285509756756940546436029280250515855863332867087872
[41,27] 96693084302140775969691082385867596127034893571421273
[41,28] 875266262195575302963347085565154130480411923912165636
[41,29] -1441179395894646023133712399732524994102441211707972062
[41,30] -1879394148543315809022017757316376971059968845546662206
[41,31] 4365043041136613568274379916096577028198502904136474307
[41,32] 2201809864473773338555797329633847152759636831886108224
[41,33] -6259282261020276601223582183586141823355880386690030840
[41,34] -1665275023974700512054924880630016780222730019171858472
[41,35] 5033567498157966504149202116015418402770110287889475491
[41,36] 912328054745292319052518699570997856802639283341778482
[41,37] -2391442815897824506390089341283383453116296291325957453
[41,38] -369133726197656390408329142098452726596652499655551214
[41,39] 676130545068326813831119556874810509348684935698480860
[41,40] 100292578224188096287298511113880443670140109693887062
[41,41] -113077017188190444851796436115142788646069880059961271
[40,1] -12044203964183870928
[40,2] 10543729889435522958865962
[40,3] -150694253506169997855267955992
[40,4] 135165973698917030198653209918351
[40,5] 360544693523240811630597798310354370
[40,6] -10473393362163592157897052488601248686
[40,7] -4015425391584830444359448593812704459600
[40,8] -143025697530350463968465023066502230381106
[40,9] -2550603600721609110023659659486433266887196
[40,10] -9478354929518693663844672061236532179074514
[40,11] 228728638382973191207432671037155759677191166
[40,12] 2854301356023083756596359852529496982477599829
[40,13] 3399016073920421047588966650262342287313257494
[40,14] 14736179451503928494203960529657506368778972678
[40,15] -41793551200473132243578955996927613830127652454
[40,16] 430005262226417494763040405072422923585476356784
[40,17] 925700609311815410207527479511624478553800948118
[40,18] 76131424927295568179423284783026779297256461508822
[40,19] 21681356071456764098134629403802167488712645728416
[40,20] 998854896684731921875033299142819532266192341405574
[40,21] 240023684795046808066827278784842179384371937016004
[40,22] 1945678833536462485737753225433613505284053220519396
[40,23] -13513664990394192074200034724174128205057953353198418
[40,24] -92303829136556122096011108498295169154162084486706173
[40,25] 257930821254946849790082036975092128297081983107229452
[40,26] 195719647545812764062604244233667364020595108140655230
[40,27] -1685178818958460767247614071665417832215578291367582958
[40,28] 1915363742999286137030417986370140550960341241888492517
[40,29] 4671094218182552500806860019919858535044226136839181482
[40,30] -9172047995706110497528262560162632702930619087588244618
[40,31] -6892863441383543516724377916802617132693817365946237828
[40,32] 17126725594219816949329192389166355782444962070351899688
[40,33] 6270928904147845209990611500950471494805920121081638396
[40,34] -17266155121161268981949269457055719975212268507419373674
[40,35] -3895222308509365194104768024254052047097007656535274420
[40,36] 10278682724227207850976552018167394072819954818599420841
[40,37] 1720723741201808621343311642508515416533809808849492454
[40,38] -3681410776474588210541917117317107362493115155693163518
[40,39] -525154796550999884790392290309121387868553422660711006
[40,40] 783113700520814434515387727796742124246422008355576649
[39,1] -2971427530451213994
[39,2] -12390617056999384170513732
[39,3] 117126428490214605360005995162
[39,4] 1030418605259600998836583834250976
[39,5] -710583749600436152213444439543604633
[39,6] -221786724827457275142372740493329813230
[39,7] -3114620569888566267034717801421696273698
[39,8] 105090514000018650721695501108017991834348
[39,9] 8234974009408396317801488157344992349904480
[39,10] 86586116787816901865292848939311266046323498
[39,11] 89401201019981152036850719599410468530547499
[39,12] -3329095951210752294673086723716225650319869936
[39,13] -52395846316907424718570118215930692199915019223
[39,14] -187051244913978620686209610745008782284317805670
[39,15] -1105022980829557160036110940626558675510782974141
[39,16] -305339195723644214719351953902693392313150019990
[39,17] -45151165210993058361457568063793743437317398824029
[39,18] -59571718336262367108207276288101042934258670692240
[39,19] -883337862933394020450277810929022327107653455565190
[39,20] 240023684795046808066827278784842179384371937016004
[39,21] -2857940985363746310924357427480144506065800461934632
[39,22] 5684925522709604350070015531624015022838066037310084
[39,23] 162471667868002068386297228534226451902768881845481778
[39,24] -243770220261769739330253402589280103621705205092603260
[39,25] -775704764916117521839197116440090405345185862004148777
[39,26] 2320877012234055081355374042509606011073389591789125946
[39,27] -1442075990904163793269123911609053538358813459961777636
[39,28] -8507541369695923470869778460033780272775266855222866540
[39,29] 15230415136473004041241804730497277983888371933546610471
[39,30] 15943071970253435699087799613194732622467086564735566008
[39,31] -37805432472150030360561652931836769827794914700442432982
[39,32] -17739908898769700627893577065014817016210402561552394550
[39,33] 47554062133818523901058312914700062823035295118819436380
[39,34] 13020267843754264522041786623031286703332061611570563650
[39,35] -34995655310151874408043038114199209267321152261023988547
[39,36] -6631446744036067731974260709681542715674762230871137190
[39,37] 15677883966895103327837315440472874623998457542198471862
[39,38] 2323580826740891960207358335966514773212116403502586966
[39,39] -4248403368317203121351525456265829517099575969401073695
[38,1] 24546666131880862616
[38,2] -56860961762158373020881401
[38,3] 510719267006453306748452036988
[38,4] -2369577578673881273215865377783440
[38,5] -1381799119830153978877986940607865958
[38,6] 610951356931878773477694467053689945815
[38,7] 43183072733852112422068333501831066991578
[38,8] 662603004983362784385689829145939562472028
[38,9] -2833852132669349477221973574410491830760230
[38,10] -175739461601912613551838599977085059792504796
[38,11] -1735784115173943990677950761398747026898391376
[38,12] -1527505183747306949691151715905902140822344326
[38,13] 77273718941948582201755196938467934944543125298
[38,14] 692877421533930557411045493537775555978329141093
[38,15] 1185533924312918078763067261467754887931010905182
[38,16] 15004484001375727569124067111432080886632234886184
[38,17] 33739418429300457900389724279603138385285283749734
[38,18] 614133282067494685874655202299765427980325710432951
[38,19] -473136904994833992430083255160110411860314444420016
[38,20] 1945678833536462485737753225433613505284053220519396
[38,21] 5684925522709604350070015531624015022838066037310084
[38,22] -193482685547300419458735970908007192661855352308570984
[38,23] 101929161246510314325271144222827012587815649998224506
[38,24] 1404072891391740366029338187213537415531241584844522668
[38,25] -2137391159643898231222147464438785127878625518346716096
[38,26] -272543864045775650340362006065743932457184080290263758
[38,27] 11290692254713199337030034638514314048642453622760145784
[38,28] -20335630049657761414750255309407297894809175584632519598
[38,29] -27679776273766987652044678874452030029324882195501526148
[38,30] 68729651616038161856380532113619788704388159287182446759
[38,31] 38289155019974726543598615603361532229044666698297058206
[38,32] -107438992621590078668359688954802071252534639246752308682
[38,33] -33803342709659626791951263591672413990235197279752422908
[38,34] 96445854719382137944748934107950212875172986230428182623
[38,35] 20464173770846437803864482063976423813892488261216817500
[38,36] -53067595841621959749354316159746933099986681754276101110
[38,37] -8540301770771001574905279991883343819849416167083387230
[38,38] 18028049671911886130679100182971278247862552228830782987
[37,1] -3550545260358020552
[37,2] 22216631537359287510585632
[37,3] -869796799168213534427324800326
[37,4] 1404165050241404272417307655724188
[37,5] 10190247142187655575379347330969373567
[37,6] 414801595889329024521331907222143806450
[37,7] -66045266626581099283264308744369386551895
[37,8] -2318998518393725364155730456446828234642146
[37,9] -36098049886631032825190480509670351846048430
[37,10] -9720015235866262157918206015422167997112774
[37,11] 2533011618655982364222422146879309933212261555
[37,12] 7460814079534188237153493598957669051870627258
[37,13] 137913502674566286855431442738612172868984093651
[37,14] 463879230218636367014531375753043014047888316004
[37,15] -3805040400242668178786331530057968794878164546362
[37,16] -9178399631274401199892866454978334771712798087312
[37,17] -296486554947627196916880889667948398589635240318041
[37,18] 427927800407592240343286068235451202255459104348030
[37,19] -176081084405136172705093793803435633005022004001913
[37,20] -13513664990394192074200034724174128205057953353198418
[37,21] 162471667868002068386297228534226451902768881845481778
[37,22] 101929161246510314325271144222827012587815649998224506
[37,23] -1681559046622055522592605668807328936969735468910164294
[37,24] 879525845425330856198534329340286713016213779842937160
[37,25] 2389432178114431859744077390894336474941524215311839864
[37,26] -10153665900276516238915098117741298781722684594832913402
[37,27] 22545356506800026429488637256315165690285336081330579281
[37,28] 35573154718813314968555751463439897938554395719167923552
[37,29] -105166574331473633654482110547433335863282377470563783686
[37,30] -63288277445667247476966568332662408894016583255063511636
[37,31] 203163527250819366821554310610938112718715123042853108280
[37,32] 68336307499154689202879564823290540822387948474932760188
[37,33] -220012898392999635939441584606031786055780595086386353534
[37,34] -49836276228695046303324688988161960074680105444790890716
[37,35] 146068348478841997674036014688693332047591129686824086131
[37,36] 25319472561492182550400181114361579382632845703300797398
[37,37] -60884003547185310765765784773018469039446833227399544551
[36,1] -34630389878025618708
[36,2] 225753796796769858883691634
[36,3] 281396576301040117282467532048
[36,4] 23302457750988335158898291362423938
[36,5] -8578805628080187851630204176143022116
[36,6] -3000219190586895208669611685778862106804
[36,7] -95378566624285512146961358977650215777164
[36,8] 2543075339577467431879364625200436885082824
[36,9] 77893882185606071093259849783091278881061074
[36,10] 536289153590987643922520910357448047392306562
[36,11] 2703449754311606256966507289751239629994250126
[36,12] -78818794203687198075688132094167463321974887229
[36,13] -538828358257080835734966708243457422105431272804
[36,14] 524557135534800706989382002337226637674493222630
[36,15] -6312628060554856238078318088334371221777686577198
[36,16] 81743892635407563909709315503994855294111184937981
[36,17] -178967886584045361658906253099633948148470474086488
[36,18] -994523809761709954900018925434402704808405755552836
[36,19] 13619963227540627400549060705243434599764628837266346
[36,20] -92303829136556122096011108498295169154162084486706173
[36,21] -243770220261769739330253402589280103621705205092603260
[36,22] 1404072891391740366029338187213537415531241584844522668
[36,23] 879525845425330856198534329340286713016213779842937160
[36,24] -3359281081664123980956840684746553851147173688930711962
[36,25] 4135665988912687414674988710411689271770400463383358422
[36,26] -22223296570622125734574601476862682798068452388681135542
[36,27] -31373437262390233393359731563675030019247538123843832104
[36,28] 138684375228175783471305068581457651270142554449186894994
[36,29] 78604078105466416472386692650073604698208139487434504680
[36,30] -327228156323238054515495863494382176392984478515174520842
[36,31] -107305772991107729287919535064198577624114046025748600234
[36,32] 423553893438020175189689774523482469863193281550941954272
[36,33] 95356500510500686147404910306373018095581227153502436928
[36,34] -334449983375422864509328430234767207358824305172500180002
[36,35] -59513775036233609760371896264372169001433491989835808796
[36,36] 167485633117027663457574256990807464414208641735814534140
[35,1] 16478817265802008514
[35,2] 78410280085744318419578704
[35,3] 8279553283616751690494412535548
[35,4] -24040183717520340871105771956746340
[35,5] -20565144814293308023968955500671820726
[35,6] 1650094393591207758350718588477981130488
[35,7] 317357907756867500296468701067393689895419
[35,8] 3328341424162935169054425337784320262190738
[35,9] -11344833917724967220985954133979888705731362
[35,10] -381538751288709953354822368250033997794046592
[35,11] 8035063675610987008649172199651339222473331608
[35,12] 97470003600857054281776040087069498915320511598
[35,13] -1054172048250182440612708740967358751097360500786
[35,14] 2035529424792789188596728962088231408176939343302
[35,15] 7247956591818696884341683900414855209201753262621
[35,16] 27003326415683256184357266619573148326145282960694
[35,17] 1004610793964971121557473679635787008079548716075214
[35,18] -8795020342154544578318212512222614529731441742563178
[35,19] 28607329126763597261583363611692763423546299294038010
[35,20] 257930821254946849790082036975092128297081983107229452
[35,21] -775704764916117521839197116440090405345185862004148777
[35,22] -2137391159643898231222147464438785127878625518346716096
[35,23] 2389432178114431859744077390894336474941524215311839864
[35,24] 4135665988912687414674988710411689271770400463383358422
[35,25] 21664210093420666515385038379098275159143894724106437212
[35,26] 12653434147599185086592923112939819708881004112029326762
[35,27] -161512414694238655136699136738984864792971274746091770893
[35,28] -67813812974043446729998157765014683697415337279935972730
[35,29] 455321427746820331547094444903104736464902514987146762140
[35,30] 128139633962776874961012203809750886853882698979205738774
[35,31] -698154053972065171928106705611391791237196434196504274556
[35,32] -142615374505781143015281520254407152666456206209785245704
[35,33] 649080912533464959306975952548918349656492583765981716475
[35,34] 110117725715747685402970304269075893709707440343187187156
[35,35] -383866754942722070935400303430130002253405712420236644507
[34,1] 32707336842583715056
[34,2] -680612945956959766182356563
[34,3] -8970603336341315646213413031444
[34,4] -61260263986923835033891422054695310
[34,5] 22055041622781496103959620364522276340
[34,6] 2110090108386932003802100398581566192334
[34,7] -103743312246648843547732506655894755675922
[34,8] -12819293509434014461162335204437897444002184
[34,9] -222743260009979173389145318655764595698924136
[34,10] -828996339439816626193908162079836053011921198
[34,11] -9831573558905299075547557621400949543548622048
[34,12] 473819788320457866324828284740092499479343657144
[34,13] 1034453902814467590363680644383279155489446606956
[34,14] -14677692977725625515814472311506708261812901085187
[34,15] 20337190291116682051079905767020790067776429257558
[34,16] -508273759020939409643512521358888274675803896669976
[34,17] 3694140939528318264013123942259255045453611514574604
[34,18] 3564649720671647606180125419307827416148211530793444
[34,19] -179285509756756940546436029280250515855863332867087872
[34,20] 195719647545812764062604244233667364020595108140655230
[34,21] 2320877012234055081355374042509606011073389591789125946
[34,22] -272543864045775650340362006065743932457184080290263758
[34,23] -10153665900276516238915098117741298781722684594832913402
[34,24] -22223296570622125734574601476862682798068452388681135542
[34,25] 12653434147599185086592923112939819708881004112029326762
[34,26] 169477900606872492492162249352657106850493230195892649872
[34,27] 27064108138971671923322456651578305043701871578852121404
[34,28] -552927750725104550070245591621149663480539830829783871600
[34,29] -107601512203060035212722336210001746247552302233756096716
[34,30] 994168465969870728517523654903059174722752680157590715058
[34,31] 163348589169097134671958415396001490787818668895667783644
[34,32] -1081375978562327035709864667619307714499575335985952774608
[34,33] -159390016501347557682086629628707720995484062684567215618
[34,34] 746731402576081219150808543466857129913701359909236244737
[33,1] -27230476402804411968
[33,2] -609448400900802747504531816
[33,3] -40249055139623710135618764209472
[33,4] 78814036013957163800066139200361192
[33,5] 2147642930221932627897128892281599067
[33,6] -2553396138234201847947109416753350100814
[33,7] -233534420719778244756331170704473363969186
[33,8] 11565027538413931799573347102107722312743516
[33,9] 72697507011517461182168994148841257010321854
[33,10] -634500243867476276841194785668940774546794506
[33,11] -79008643642082882105667253697475526466588967419
[33,12] -460938701703276300338638693923715190632175644352
[33,13] 6680162219135306086754485751107849462793750462239
[33,14] -10987127994222903058512769794360861240834245498626
[33,15] 132654408691306929226810064441989417879822861177673
[33,16] -919015950483816778774171078973663461325958825356662
[33,17] -9386897137851516872868670827700212146700500686681859
[33,18] 87470671524074282162838589474477629157042603808828300
[33,19] 96693084302140775969691082385867596127034893571421273
[33,20] -1685178818958460767247614071665417832215578291367582958
[33,21] -1442075990904163793269123911609053538358813459961777636
[33,22] 11290692254713199337030034638514314048642453622760145784
[33,23] 22545356506800026429488637256315165690285336081330579281
[33,24] -31373437262390233393359731563675030019247538123843832104
[33,25] -161512414694238655136699136738984864792971274746091770893
[33,26] 27064108138971671923322456651578305043701871578852121404
[33,27] 589521847795850165354001490999437558297525975887529217590
[33,28] 42344643900990041905199204571495950433184043455162440858
[33,29] -1228104107347853339607760800108804028733539834723761549219
[33,30] -132922847299060773129003341099791962167697538988048213516
[33,31] 1556276669379391369605111219736105310973706843542186785145
[33,32] 177088488223435682013051848957144538741749048829172989538
[33,33] -1248008274618253232517778842433556089484403712087478352199
[32,1] -18432565480520084400
[32,2] 1483158082057264429234418832
[32,3] 47130073495333348301409590406492
[32,4] 52625859677991511605085216493775140
[32,5] -9950729088111421899379960144072657722
[32,6] 9205499132018257719169211020499635247006
[32,7] 251467716971520339980463331858474401539396
[32,8] 13865562768592709591978052165034323823240690
[32,9] 350419347539169708881720329452856481693982934
[32,10] 5394611045716392086045857174763824782797671018
[32,11] 72851052683830575941110439420509015535407471276
[32,12] -1660876674957989642917563709894507238533191919478
[32,13] 883355308602929761847985940632574710017250429566
[32,14] -10599401775091419563448761344978461155344882915640
[32,15] 58558442593403958039727512652412754430471459240880
[32,16] 5492733944255756230102516396402108385999262588047273
[32,17] -29334769630531516275244593526300721059924022216752646
[32,18] -138613245430810697615016734166650162593019801167955288
[32,19] 875266262195575302963347085565154130480411923912165636
[32,20] 1915363742999286137030417986370140550960341241888492517
[32,21] -8507541369695923470869778460033780272775266855222866540
[32,22] -20335630049657761414750255309407297894809175584632519598
[32,23] 35573154718813314968555751463439897938554395719167923552
[32,24] 138684375228175783471305068581457651270142554449186894994
[32,25] -67813812974043446729998157765014683697415337279935972730
[32,26] -552927750725104550070245591621149663480539830829783871600
[32,27] 42344643900990041905199204571495950433184043455162440858
[32,28] 1317668613797373323531032429560572216371567298353090433774
[32,29] 51422152445663148807031560297043416341051228825862071458
[32,30] -1937381783693480982666444451073687910744567641863855809486
[32,31] -140600639158773721704331148732264346228639047120897153996
[32,32] 1801753796920370023479614309305044380179135681030072634871
[31,1] 26681742869445426786
[31,2] 1890336011027157704655928092
[31,3] 102583145768374816983304572095085
[31,4] -89067640284996822652776423114092570
[31,5] 2632467685570070363795922006145463774
[31,6] -6998430640743566199555609564472723017204
[31,7] 26657762678554691254558754475759586846005
[31,8] -31941935312140423135589851098956943293079376
[31,9] 89361416577714503147934959709866064198133949
[31,10] -3487103340051869522991455625241184744929277188
[31,11] 226479576303394325302063031311281314151638081354
[31,12] 183562907155748810138662728948724132239655776134
[31,13] -4055955297389869135974735932751343777382270627261
[31,14] 47077820678684993157586289881105827838233015375656
[31,15] -1890278887423722524405377906564760664364909871571545
[31,16] 5984516338546317308270164941945361577473134602065786
[31,17] 82554965436695939192567480545392015187864992217563604
[31,18] -324836303881910103557746335768323879522170383635032724
[31,19] -1441179395894646023133712399732524994102441211707972062
[31,20] 4671094218182552500806860019919858535044226136839181482
[31,21] 15230415136473004041241804730497277983888371933546610471
[31,22] -27679776273766987652044678874452030029324882195501526148
[31,23] -105166574331473633654482110547433335863282377470563783686
[31,24] 78604078105466416472386692650073604698208139487434504680
[31,25] 455321427746820331547094444903104736464902514987146762140
[31,26] -107601512203060035212722336210001746247552302233756096716
[31,27] -1228104107347853339607760800108804028733539834723761549219
[31,28] 51422152445663148807031560297043416341051228825862071458
[31,29] 2084543588743923738922405021798108349352920397845936016974
[31,30] 53638241861735308133629096820391225004745509777965639480
[31,31] -2248168953361234797709744913275804743934831986987992461837
[30,1] 2911833143958704700
[30,2] -2011407456756770179175670303
[30,3] -158694412914969229696893974590486
[30,4] 10012647841252901979053623053439932
[30,5] 50859370596502019988031528236477103452
[30,6] -9312637986450848716181918096683231966339
[30,7] 432430417894536515851787464623118032109104
[30,8] 592253759157938973865838412637950964152416
[30,9] -370285570500897247258546399251216321169856580
[30,10] -18283575258256249211263826305057770804226424383
[30,11] -21776116681322499521960523879792727881253525522
[30,12] 1633938118378996539291583637173638116765564016212
[30,13] -19287044754548750173810015642900937454616075181914
[30,14] 425243433164412380719249389245756036043561916855864
[30,15] -323104483715813229316817762419797501982496850781242
[30,16] -31501918249972430484193073966042677596362214546711968
[30,17] 81190494749254664500532022961380508019983019324401936
[30,18] 750892624891731780231486195837915275969497259398978003
[30,19] -1879394148543315809022017757316376971059968845546662206
[30,20] -9172047995706110497528262560162632702930619087588244618
[30,21] 15943071970253435699087799613194732622467086564735566008
[30,22] 68729651616038161856380532113619788704388159287182446759
[30,23] -63288277445667247476966568332662408894016583255063511636
[30,24] -327228156323238054515495863494382176392984478515174520842
[30,25] 128139633962776874961012203809750886853882698979205738774
[30,26] 994168465969870728517523654903059174722752680157590715058
[30,27] -132922847299060773129003341099791962167697538988048213516
[30,28] -1937381783693480982666444451073687910744567641863855809486
[30,29] 53638241861735308133629096820391225004745509777965639480
[30,30] 2420957873087601394890034460251442904392444123195813868870
[29,1] -16480732848061421441
[29,2] -3783715580697389697587211142
[29,3] -130388519463980015927257090911420
[29,4] -119397796278406028889290830924780376
[29,5] -5866156890551230496741040712158185938
[29,6] 11876182615143648451267396395091454931534
[29,7] -1067033240055567333531351361909052886359993
[29,8] 46926774189436141039570598986755368541250432
[29,9] 147765131632520267804300269886029433661680300
[29,10] 5718387256520673256335021726634205619442245984
[29,11] -310324575437166334781396625740127550115524949750
[29,12] 4146591109915806456087241879455585587283669821684
[29,13] -63424835991500308317718336187195849782143592944755
[29,14] -212266336988472008973881049379099889709066931642138
[29,15] 8280532274896290016340822432466079335536568335735146
[29,16] -10840271781257311579216046816215899793760427443437276
[29,17] -284079767750151995855255219013837032939930917204880457
[29,18] 536093883178334951078927755716801221234816543406388936
[29,19] 4365043041136613568274379916096577028198502904136474307
[29,20] -6892863441383543516724377916802617132693817365946237828
[29,21] -37805432472150030360561652931836769827794914700442432982
[29,22] 38289155019974726543598615603361532229044666698297058206
[29,23] 203163527250819366821554310610938112718715123042853108280
[29,24] -107305772991107729287919535064198577624114046025748600234
[29,25] -698154053972065171928106705611391791237196434196504274556
[29,26] 163348589169097134671958415396001490787818668895667783644
[29,27] 1556276669379391369605111219736105310973706843542186785145
[29,28] -140600639158773721704331148732264346228639047120897153996
[29,29] -2248168953361234797709744913275804743934831986987992461837
[28,1] 4239439167218820242
[28,2] 1034415021392928740473555976
[28,3] 364844923755480746022746743378936
[28,4] 43322301980955465524357407569802683
[28,5] -140647475501492863555165160379978132210
[28,6] 12242341519696939622419956503244042527204
[28,7] -1147532439286601874489622073001731307830336
[28,8] -10262928856829929079387665488814579798043488
[28,9] 58460752035882502269608132504567079353175496
[28,10] 30841501609155651968079351815926223191569649752
[28,11] -557418442297965567944828945604983110126599808426
[28,12] 5619608745891184579118584412682220265325801733792
[28,13] 76661670342271132150188444759604196939848491142388
[28,14] -1521152071629641353536254825191984200362971661894852
[28,15] -506817965673729457030973816767070239608012906619480
[28,16] 78755028874936510284756448826413107221776472481900118
[28,17] -97855044984517159777603737401375839537436153573871124
[28,18] -1617944457586196870109375225087602050854755682069411932
[28,19] 2201809864473773338555797329633847152759636831886108224
[28,20] 17126725594219816949329192389166355782444962070351899688
[28,21] -17739908898769700627893577065014817016210402561552394550
[28,22] -107438992621590078668359688954802071252534639246752308682
[28,23] 68336307499154689202879564823290540822387948474932760188
[28,24] 423553893438020175189689774523482469863193281550941954272
[28,25] -142615374505781143015281520254407152666456206209785245704
[28,26] -1081375978562327035709864667619307714499575335985952774608
[28,27] 177088488223435682013051848957144538741749048829172989538
[28,28] 1801753796920370023479614309305044380179135681030072634871
[27,1] 5990656496448309615
[27,2] 5505024888372502204286530798
[27,3] 2374539441070615214240729806748
[27,4] 440016898279452353107784097518707876
[27,5] 19012951116801805203057079941614900843
[27,6] -11224550993425044026897470408729325085404
[27,7] 1857746285716087443233002823349768732686090
[27,8] -57047216044546762317192353772655974653678054
[27,9] -901046501037028324888011359866562693113109590
[27,10] 33311440387504556455471558357155354331687308742
[27,11] -117259417373022924925150800474326576088938524130
[27,12] -13781728962521698533107175946145954243995887493468
[27,13] 195033716147742147627619066026930642035386462941919
[27,14] 566606371933632654961341264217939773604523042388752
[27,15] -15977450120944518587234637316828679139182242661214206
[27,16] 7141009798098358514306580515795914087095574701849986
[27,17] 460276949799029231748992012229683282481474650712204565
[27,18] -497391639517630355724231681154749647877619378589830600
[27,19] -6259282261020276601223582183586141823355880386690030840
[27,20] 6270928904147845209990611500950471494805920121081638396
[27,21] 47554062133818523901058312914700062823035295118819436380
[27,22] -33803342709659626791951263591672413990235197279752422908
[27,23] -220012898392999635939441584606031786055780595086386353534
[27,24] 95356500510500686147404910306373018095581227153502436928
[27,25] 649080912533464959306975952548918349656492583765981716475
[27,26] -159390016501347557682086629628707720995484062684567215618
[27,27] -1248008274618253232517778842433556089484403712087478352199
[26,1] -3811520186270377198
[26,2] 1289496626424518464418876762
[26,3] -544146740687305650704714677437950
[26,4] -236301538713358426376082423195427560
[26,5] 169424556883340860432023812630702631936
[26,6] -18621582595801941329478128909547361296997
[26,7] 223203455821849362896533009346333024512602
[26,8] 73443279550822806062564394998342041039262376
[26,9] -1897177402700554917596437757487813090544111868
[26,10] -15019158237883837770812619985655306072419077532
[26,11] 1487060272231930023980712990503236810175842699680
[26,12] -16929883671880927833977344808321156786425091703902
[26,13] -132352853622933938320075063059600660896573985865206
[26,14] 2387238855123898389035252960125682705707670968626294
[26,15] 1482518044320575915756276950946260977088419206549774
[26,16] -99353335299694096195890786248645687179632175984493470
[26,17] 72070622195956130706150139354040762653998967748416504
[26,18] 1807902883785339059613116572656770394096729367766306077
[26,19] -1665275023974700512054924880630016780222730019171858472
[26,20] -17266155121161268981949269457055719975212268507419373674
[26,21] 13020267843754264522041786623031286703332061611570563650
[26,22] 96445854719382137944748934107950212875172986230428182623
[26,23] -49836276228695046303324688988161960074680105444790890716
[26,24] -334449983375422864509328430234767207358824305172500180002
[26,25] 110117725715747685402970304269075893709707440343187187156
[26,26] 746731402576081219150808543466857129913701359909236244737
[25,1] -786219193799620328
[25,2] -5413315377753804667820634304
[25,3] 272845222865783025686897004361230
[25,4] -504039227074348364642909980403046200
[25,5] 16090653016215167486145176829808488307
[25,6] 14912191581724119259110100185532586083862
[25,7] -2344643436763723065756082202054862995079899
[25,8] 65657859476059887436155943342760315096388230
[25,9] 1588564728288481863625762657373757081937707724
[25,10] -99430152064326690089972404477805187014897803446
[25,11] 849336965881728564315973465187372304098613249464
[25,12] 19125964000487438153921494405077572400176450458144
[25,13] -266501680914759758076140724140127733783120494973531
[25,14] -569534550387228012205367388883164558155440736508932
[25,15] 16294160053512610361858016486612792366144420161894711
[25,16] -4783696544386032122025768617131173397758291399692584
[25,17] -405392192763645335716678807899924577488262759262326361
[25,18] 327342671566272876990305637952427907471781077653314192
[25,19] 5033567498157966504149202116015418402770110287889475491
[25,20] -3895222308509365194104768024254052047097007656535274420
[25,21] -34995655310151874408043038114199209267321152261023988547
[25,22] 20464173770846437803864482063976423813892488261216817500
[25,23] 146068348478841997674036014688693332047591129686824086131
[25,24] -59513775036233609760371896264372169001433491989835808796
[25,25] -383866754942722070935400303430130002253405712420236644507
[24,1] 1488496810668530550
[24,2] -3172868827225061577671420964
[24,3] 478988083434838530165420880896886
[24,4] 295137963142637992002222118067579337
[24,5] -143175953630530848345751321960916378602
[24,6] 25422818473559310225389661497322451362440
[24,7] -192336397450287047710708629178069421616232
[24,8] -102558032456362608576159384746876505347675789
[24,9] 4320897095159874320779821277553395422050391020
[24,10] -9171325030688663273531997434989726167190010486
[24,11] -1873250105835548516070309395196999183897721508858
[24,12] 21340375814590176516287434954836119945659260133763
[24,13] 107302154290164224696283824728556372517970317674626
[24,14] -2077948875338314681074595733766637899828075378868828
[24,15] -410344164940989776109920556346600581895308145605916
[24,16] 70207652432425849937186110941389824630157196020580473
[24,17] -48672217756173564924124701222120170996952838207204316
[24,18] -1154774375927540197594528421316564731910527547221809288
[24,19] 912328054745292319052518699570997856802639283341778482
[24,20] 10278682724227207850976552018167394072819954818599420841
[24,21] -6631446744036067731974260709681542715674762230871137190
[24,22] -53067595841621959749354316159746933099986681754276101110
[24,23] 25319472561492182550400181114361579382632845703300797398
[24,24] 167485633117027663457574256990807464414208641735814534140
[23,1] -313859666819860555
[23,2] 2830147439170800305653265674
[23,3] -443402044766767480077204073067367
[23,4] 326130968551970346201559345419704214
[23,5] -46372675806823064599666994106058784287
[23,6] -13933285896374844591473169503016537220768
[23,7] 2564140205040040282368654275300572548121876
[23,8] -80766540469884527681373374357759934882501760
[23,9] -1976641761054291878315663770809021302596226468
[23,10] 116152572419837930432009341757131843108290609856
[23,11] -963400850104393240768349914768630119964756818866
[23,12] -14758239701044213265801861055816144386046991011116
[23,13] 206556076805063369273069509275714573398226845989724
[23,14] 198164059571510721848080493638301567444898918041152
[23,15] -9596656036260356337051187058382033905141075181853474
[23,16] 6017011393116695448001777331051187808099698924887632
[23,17] 206318275522059265977736803503571005298128493745955609
[23,18] -173940526651072958316840765768424770739961937367970894
[23,19] -2391442815897824506390089341283383453116296291325957453
[23,20] 1720723741201808621343311642508515416533809808849492454
[23,21] 15677883966895103327837315440472874623998457542198471862
[23,22] -8540301770771001574905279991883343819849416167083387230
[23,23] -60884003547185310765765784773018469039446833227399544551
[22,1] -259644230262568694
[22,2] 3610559125497087146223678706
[22,3] -199799946855478710761412031839922
[22,4] -167825834213794824777688118103564568
[22,5] 101582780218497930689643001546080053434
[22,6] -17400324586160887056899308212861722971751
[22,7] -29731670376408165226712578688052778529812
[22,8] 97937391958263236343856600656913582113687694
[22,9] -3487933669800548164783201849776945919267888192
[22,10] 1052511894448404830370783971186465536909154498
[22,11] 1314756880963736301515051107295374963598184187422
[22,12] -13777236410540277646781930601417672767140415552046
[22,13] -47544976675193376015760881357540560445268815470722
[22,14] 1061918706266201893919181585882127949831124418066352
[22,15] -561059145209203111634177428563645011332063087634504
[22,16] -29106711991642658803396996817681022216540473927436076
[22,17] 28552127553403082026651989273993075093758751930093388
[22,18] 434795786322552763336450356690962177549909057418251540
[22,19] -369133726197656390408329142098452726596652499655551214
[22,20] -3681410776474588210541917117317107362493115155693163518
[22,21] 2323580826740891960207358335966514773212116403502586966
[22,22] 18028049671911886130679100182971278247862552228830782987
[21,1] 165067313498529930
[21,2] -357037388286039614145256948
[21,3] 339086430248986181675359265082186
[21,4] -170177438788296862041305284751271184
[21,5] 28146879935959015167402710011313305663
[21,6] 9655783831911732203854168338170795176226
[21,7] -1354510072239713582219329878485846041225217
[21,8] 29354729043531424460400193930421118697011854
[21,9] 1521116801311257479773189276259547779026891247
[21,10] -59130963971478110843663297485927827612970897468
[21,11] 393424974920388641119458891192006557890956146037
[21,12] 6711587067547757520364535376892157895536528485898
[21,13] -87429380838779724705593213485702637266199737749060
[21,14] -15087474856468294058267887604999687308461025136660
[21,15] 3347853966235650119661933417573571885310145440700177
[21,16] -3832517732247877733387933513540684181320772920077760
[21,17] -62237304399332661765092093357746385632760592243732034
[21,18] 67297646626311264622518520043557052904462308521881682
[21,19] 676130545068326813831119556874810509348684935698480860
[21,20] -525154796550999884790392290309121387868553422660711006
[21,21] -4248403368317203121351525456265829517099575969401073695
[20,1] -9146659699759954
[20,2] -2136333454729448214426707760
[20,3] -4802093461337414568228803969110
[20,4] 61963042657893479208380913970225916
[20,5] -57920818117645452704698707793347420152
[20,6] 6595641834579973264232839942540588853554
[20,7] 248227036832993651210510197713841089907778
[20,8] -41183776840872652265688709454212647321701096
[20,9] 1001557427681840793828531563450158960615805354
[20,10] 6164193343180201590292171586818171757066682702
[20,11] -453251210814312204891329887622411801502078735346
[20,12] 4039731578440036611746434251468812721528600675375
[20,13] 14591788655382428295637640063766549390321137937240
[20,14] -304057021942658033296227245981182896358531967107244
[20,15] 295809994491936221055268704702671843595731163254722
[20,16] 7240712605021378950123800341891499968960745651209749
[20,17] -9915757241169837697594340216816042265752213637185442
[20,18] -97437567233635256758108071164685684035907022736778028
[20,19] 100292578224188096287298511113880443670140109693887062
[20,20] 783113700520814434515387727796742124246422008355576649
[19,1] -25887738411913217
[19,2] -731621836178221777852683054
[19,3] -135702537875576974426913593019315
[19,4] 82967941692546265737333276444404278
[19,5] -1917700068149147247939333400255323646
[19,6] -4779385635079411226515903174298368974502
[19,7] 390687341151845330155237284476488331412061
[19,8] -1161973055300606747084106084051422231093438
[19,9] -501282397932616369310946317171308608679449417
[19,10] 12411728385302237734286697035145629442096697820
[19,11] -43879841416018931097031222827611627818476815922
[19,12] -1675559408465025466410767292235470574395788990740
[19,13] 17720022425433737468217954965977263997846225397825
[19,14] 7929320687214191016774364617948838236015681080542
[19,15] -683568271314270765751124868209836891313668440490181
[19,16] 960693750971404489379768398715127696762473456633774
[19,17] 11355580995790451815537920091679497797972059145286058
[19,18] -15354395513380541651676634970722186237848594588789966
[19,19] -113077017188190444851796436115142788646069880059961271
[18,1] 11142889810899846
[18,2] 610661565487347496178995735
[18,3] 35044397262297967959086771965474
[18,4] -31156805008014041436597429347396486
[18,5] 21255727902541455368985318653123705708
[18,6] -890425044327739439382140092863604522333
[18,7] -139240269015900337418386962740796061546546
[18,8] 8638643753981569584020464228094386656587616
[18,9] -105869672541708676680040777794667343003734790
[18,10] -2300355781922592041665211069059877516860375359
[18,11] 68089200182071196604802325110714182051836884802
[18,12] -410482456725059655382803259341806645072664576592
[18,13] -3484472927057178771262360638657407591247907584100
[18,14] 45121935469858287783156044972911461585447563319514
[18,15] -27821572031081560649899934026874103090433054567798
[18,16] -1082282242133009619569714224557031548655062194167628
[18,17] 1585229433335881644892166882243081762942238690431310
[18,18] 13172860660423530881268648463700624219062266176451560
[17,1] -563721507922800
[17,2] 528922353171678729539402164
[17,3] 28161945509142791618884033586440
[17,4] -27499124653950423068880050453081848
[17,5] -4276139270540815307917770287528699309
[17,6] 1350418033564525952231697953369829284486
[17,7] -45790590461455909239858390900315502337427
[17,8] -1222912017496834103441217484262140167372958
[17,9] 77394491215976579677919534191606204559479125
[17,10] -1067858656813699434891647536893251371864956684
[17,11] -3196482793342250297540624563268673696752684377
[17,12] 202608172979081291603374131695208041305748828366
[17,13] -1382867724830670064817480890096200245210311356145
[17,14] -4667069026725314442239596375196105012890480862798
[17,15] 75897784819528455306525652836629908903208272114714
[17,16] -68385414448229968763131537570711652828047178944974
[17,17] -1256325393533115308020183271293419298797406535701511
[16,1] -1180203548971866
[16,2] 28837005190321707503311044
[16,3] -11647405776521329843945798325790
[16,4] 18185525759099579972148558189496217
[16,5] -4244112194756298376621504293764081378
[16,6] -134614641417631495794987788898983093820
[16,7] 28373076446047962376860459117009346963256
[16,8] -766612216657142865901910270736786162638919
[16,9] -901077568212496760386072131369946912066240
[16,10] 319840609370176527772441744604724948692183000
[16,11] -4528442375581923137126215051993446507707629322
[16,12] 4843960418493548465315181337286148429963147937
[16,13] 383295536909095821154003647445349235562183092928
[16,14] -2650361794886433452534835866444715468287658959128
[16,15] -4830687125238942551935115230909333773354366206926
[16,16] 89704922283079300043086896557560301817681116965143
[15,1] 514898260986045
[15,2] -132889646283974845982957970
[15,3] -2964415216366464769363306049280
[15,4] 1631717546873253303534672104187768
[15,5] 2012492491238621693357765972987697222
[15,6] -172136968931987792511064624328755534202
[15,7] -154552531839537720945916926483302011314
[15,8] 216109413025423831367165909563029911312198
[15,9] -5144317067956396865733545324995655945662429
[15,10] 22758510881285233261423398994539287370402290
[15,11] 725953046773058824885297969536456265400372761
[15,12] -10657910360671841233990929685794168240287812056
[15,13] 22378671032587962765158635043482082594301688885
[15,14] 512102293479627463582538382880012427282271195506
[15,15] -3259538849736414396730379481075081440126554237623
[14,1] -82420823995866
[14,2] -64020688477398495531386637
[14,3] 1453405251577475369956745611680
[14,4] -5149393807694289462004796768824702
[14,5] 174686065587854472956149775797783456
[14,6] 52647818687670503825317740355700093262
[14,7] -2269767180848248281820821326135999184440
[14,8] 16217421274601161461755202819898515628564
[14,9] 726613841244442769412329605828529194854266
[14,10] -16952752633854159974663523811611597067913800
[14,11] 93511031784836949669172826944566428724573460
[14,12] 1069553892726690239140501406115985312598196094
[14,13] -15884214468357417441068950015426835497888429620
[14,14] 32359290507486842547138388320098709621943868907
[13,1] -12824478790641
[13,2] -2083520306884309563902838
[13,3] 170902368068876356212243639864
[13,4] 1717472013073689374213641819977892
[13,5] -325168986050033133623571877302985763
[13,6] 3286786164955502231198210785864564904
[13,7] 388082884346437231146968817559983955741
[13,8] -12541765894697726244121966086426262599588
[13,9] 105607360836899269099253103723747243813431
[13,10] 1297758079678354942854145931966999000879024
[13,11] -32324515479795414517005020951944978714600475
[13,12] 169520838548030062127527911962654247365661352
[13,13] 1189513593617824813004360426732651615539739789
[12,1] 11340308291136
[12,2] 9322884949086006518376810
[12,3] -68882546000860160654861325706
[12,4] 198032306714632057144937206281474
[12,5] 79016671795009285602013121801171348
[12,6] -3809983753683713590184479259236833874
[12,7] 37257272235277444020312561535956218402
[12,8] 1166456573155147988776704833712053117942
[12,9] -34295735483708377454027456339325346342830
[12,10] 273151782587804103384464388962365901874752
[12,11] 1531034018069361953617401715226978328338410
[12,12] -39574591353728360402481543245932741948555682
[11,1] -3599099606514
[11,2] 4446822370000241262134052
[11,3] -5670470791653968927859359358
[11,4] -296334295679609899341275498970764
[11,5] -424893635626078924500415391381183
[11,6] 576523546106001035041801167677710142
[11,7] -17507480749151860157331051797587867516
[11,8] 163897159429098318332164914048440077184
[11,9] 1789833835175150029409917898591317188839
[11,10] -54099220384735900782498963323871324855812
[11,11] 367251186545168374963962240068384237885366
[10,1] 758476299972
[10,2] 1080498040356054412848410
[10,3] 1013879301991119028497558590
[10,4] 90896331405334240368632601289750
[10,5] -3200250589933921695900847720343628
[10,6] 12176023349758719848025659476495571
[10,7] 1513179297303756770703628409295900824
[10,8] -39582921864845909148014180273657062374
[10,9] 330574204128183135753386486773041903360
[10,10] 1908321879172979229581269484497542829660
[9,1] -118685504067
[9,2] 158471894846826481430246
[9,3] -21345550481848523124394040
[9,4] -13832348539739267345316253286188
[9,5] 647925971755805857576383320518409
[9,6] -13088736767041202360162550077065580
[9,7] 86669582872322779895025054922443026
[9,8] 2068548136407554684385512636882788590
[9,9] -51093924359404638739247746525611636221
[8,1] 14317010918
[8,2] 14301408098489022593310
[8,3] -24747353102424150875789968
[8,4] 1129844605235446730787049883229
[8,5] -54389088899381480585687327264336
[8,6] 1528018759761290410122726067797452
[8,7] -25552841401630423578319162330175526
[8,8] 151335367109516566211491004660402462
[7,1] -1346467379
[7,2] 769633723400134751094
[7,3] 1938673972473916931546161
[7,4] -47488128736522012877460583614
[7,5] 1317827739773812802946103580315
[7,6] -63324968259574368279289984233848
[7,7] 1926586723358309700859817472037929
[6,1] 98369166
[6,2] 23137638155817814582
[6,3] 553586667699731164112980
[6,4] 879608136576015505210262128
[6,5] 71586245434800885089300487880
[6,6] -471976996742314233942295028188
[5,1] -5491956
[5,2] 350269807013520412
[5,3] -28814744574479138666261
[5,4] -2987442103495957340914318
[5,5] -3080473207935660424341083886
[4,1] 226914
[4,2] 2254908382161706
[4,3] 203778990665113344028
[4,4] 154673794835332525634403
[3,1] -6549
[3,2] 4499385024670
[3,3] -165447519462098762
[2,1] 118
[2,2] 1262971995
[1,1] -1
