[48,0] 1
[47,0] 376859019905139348
[47,1] 7347055252161222837
[47,2] 41471183233871572814
[47,3] 83010977440663539624
[47,4] -81432009223677971004
[47,5] -749577348134797002143
[47,6] -1571673688882687319574
[47,7] -1239563065008042928698
[47,8] 924453858783540348812
[47,9] 3184888166998680045153
[47,10] 2943108877414911124038
[47,11] 276348981401217439892
[47,12] -1954439182494439254192
[47,13] -1824890470168388524467
[47,14] -342785162806123924128
[47,15] 583745166262476737808
[47,16] 479654106492012211224
[47,17] 64853436854817729648
[47,18] -106195078965085137894
[47,19] -62520889904075987580
[47,20] -1203371972822586468
[47,21] 11742513696160759281
[47,22] 4002268760417755440
[47,23] -627315735583537880
[47,24] -713948994594876534
[47,25] -96011155571208126
[47,26] 56862109328400998
[47,27] 20715952433357025
[47,28] -1236608893358502
[47,29] -1829607560520717
[47,30] -184272431250012
[47,31] 90710633237721
[47,32] 21361900936320
[47,33] -2255910605718
[47,34] -1180719435546
[47,35] -12330238500
[47,36] 40916444268
[47,37] 3173795931
[47,38] -933637422
[47,39] -124329288
[47,40] 13751730
[47,41] 2711195
[47,42] -119568
[47,43] -36237
[47,44] 470
[47,45] 282
[47,47] -1
[46,0] 118687643999283887326394876762821800
[46,1] 2166360818124124469808083026575833568
[46,2] 19203808264101384233912170411745117691
[46,3] 110163073587659428053619760987287864458
[46,4] 459768172124421950748080432324124923413
[46,5] 1488060685488009867900663639242116548204
[46,6] 3887687395157790778704453099212190420117
[46,7] 8426570125379174151641906078970251209382
[46,8] 15456177950819272702930092917639042491470
[46,9] 24350835862934689653403486253201641114992
[46,10] 33334192967398154947706191631379315884550
[46,11] 40011191065885454459177446264032262590882
[46,12] 42418408926455982608941795851308410908489
[46,13] 39954883371691097041721401041565387029392
[46,14] 33597769841016022410456015378971512257735
[46,15] 25320358806352808980632857105662482872328
[46,16] 17156099161072073205319394312226057775002
[46,17] 10477362527881770558544648599585044199600
[46,18] 5778648106416493813790268410890812329298
[46,19] 2882600559064794050099924804280188974934
[46,20] 1301894074887176380755870756781048835715
[46,21] 532681788012173525084203866684028192392
[46,22] 197495068298234247543689269840058518944
[46,23] 66338698045558056819385544812995984492
[46,24] 20176995893733860453198049903868236150
[46,25] 5551465227713755470418063160219248502
[46,26] 1379813505982759083001660054076764290
[46,27] 309242313132242220203664429578229834
[46,28] 62349422224646034684696800961678599
[46,29] 11276383849358498655148234612146558
[46,30] 1822997000098009478980521788205426
[46,31] 262323373344549136124421528838804
[46,32] 33427362122164281157489361106066
[46,33] 3748915469076029336282741246448
[46,34] 367293088312343297057802801122
[46,35] 31152067735322547581054234778
[46,36] 2261993064279035621888830455
[46,37] 138677338451994169604238184
[46,38] 7053557645157282178124742
[46,39] 290964669489955062596826
[46,40] 9444694440660837557930
[46,41] 231402141095110874898
[46,42] 4029192739040220204
[46,43] 45428791783640788
[46,44] 283226048954778
[46,45] 716257236114
[46,46] 333361036
[45,0] 18550753756767169681385712466367544576
[45,1] 183919528405854284833937552818334773140
[45,2] 328861215647886202559801481432161036694
[45,3] -5132754464722309371513174436933528932448
[45,4] -48655698839520440790368802581979187584942
[45,5] -238331616006364257103258685102903271731196
[45,6] -813325897048919265886836775670655704089840
[45,7] -2128468016873420955019975973869870574562747
[45,8] -4482089869458334739236468431493986548883816
[45,9] -7819292908883988568509027997266805302216690
[45,10] -11524315339235428797264302483137840378966308
[45,11] -14549414375676891820002385236228784607114913
[45,12] -15895043192560025893399929854330781238560720
[45,13] -15139413597866103218781286042006531990589769
[45,14] -12639706808887584669669848724121542778642668
[45,15] -9284139908891248937457844439766680367191666
[45,16] -6012038618444322592600545111511937968693110
[45,17] -3433619720594448049734550571157819786069810
[45,18] -1726838064841978202829095906333396882056198
[45,19] -761500546257965582747753638727477228775873
[45,20] -291948504490935520204148091757313206745130
[45,21] -95720484549195623243473006854306929020856
[45,22] -25927397113796071307274929109404980752558
[45,23] -5302889560118405132634054050092829716716
[45,24] -540256355219504705398719356312026088046
[45,25] 149175081767517292525230586600043029551
[45,26] 109583850826696539794798788563057474108
[45,27] 39883400230833390748766205797034787665
[45,28] 10801424911634590176101652681318030144
[45,29] 2361630517246708633244163933624391434
[45,30] 426706973722481865066332976548843620
[45,31] 63673540336889965781974773530726391
[45,32] 7676548601716379558248372184701770
[45,33] 701624935461459429280542225219247
[45,34] 38525192929374667035699447984006
[45,35] -968979470805769895896716142821
[45,36] -540890582722761665434094607820
[45,37] -75047013502067495986021348308
[45,38] -6754037736580718543520125994
[45,39] -432669048155587409067449069
[45,40] -19324898826144020719233948
[45,41] -531513123405415585456119
[45,42] -4816434412390767849918
[45,43] 178000773475840030089
[45,44] 4501183102843123920
[45,45] -9942455411427526
[44,0] 15692994689787988008323150261444509845036
[44,1] 246279145023979755078343667254837912033308
[44,2] 1930531065248971847852617988976035700237514
[44,3] 10095972482212188913831434177267058781827398
[44,4] 39566957286444948677151640910259501832491621
[44,5] 123371472619373442813454656385691429557015782
[44,6] 316596214714164543150521510336246459551641012
[44,7] 682349963159498204686244129501677617672153096
[44,8] 1251096244386821658907418883768658597324215020
[44,9] 1968432422311229955385444930833983200955075280
[44,10] 2674174698276542000859743278228241596270528935
[44,11] 3151194429187750604333325580014436937461935932
[44,12] 3231341979031253664483098490771803355900722034
[44,13] 2889201951539189560847545499238681452042547672
[44,14] 2253895758130510093656288760776211923689317333
[44,15] 1532501247452231010475058155819726572743643492
[44,16] 905201806560283687553969230406898553002195723
[44,17] 461359232361473659418735287528077849690334486
[44,18] 200341849098817811053565303175579301485696789
[44,19] 72309433235698556296240740332494752907591230
[44,20] 20521389477435056279489484451397564014536555
[44,21] 3849965110596377458281344335808715707363106
[44,22] 2830989435466670035391319258023186550129
[44,23] -356173431293840838731907877970364564397250
[44,24] -171252566607718420244585478940967928130419
[44,25] -50144011099528925852533541980618395134970
[44,26] -9499963814187222391320078057197232214704
[44,27] -676567970295359349033473826944076248304
[44,28] 285049730997354179975056218470369161518
[44,29] 140734029738185431874493366939935519636
[44,30] 36705593795672073298747585411467635622
[44,31] 6726798990834701742828580365601628040
[44,32] 895182130387327581845831843608175109
[44,33] 80410077268101216614593953678343890
[44,34] 3197378751609163059837058833263670
[44,35] -290461878316561008508393240785710
[44,36] -54946998343649753086594461841545
[44,37] -2403260424521317824117968672580
[44,38] 315993442746615597326615520344
[44,39] 60369251192439134120833943970
[44,40] 4784338488822269923704233016
[44,41] 210796316410204026356192076
[44,42] 5200795037753303044685934
[44,43] 92205462126947846887566
[44,44] 2157065816614688982738
[43,0] 2122950763183813747211769040924285470067440
[43,1] 12558428685342689671008721646722648669682136
[43,2] -44040868863038344232819522181107817178251162
[43,3] -823695067441685538789613901568211733875131030
[43,4] -4867897993570351682416072117529072900278988732
[43,5] -18223420642736871356489641994488842906412243962
[43,6] -50169117197905015124313007803294285046065824370
[43,7] -108553956681244539864399441818049202417600406988
[43,8] -191673915865715292228984581481749903088990818022
[43,9] -282748531654186297096547968264364275060752382578
[43,10] -353842899619404972108261904824448304252918305312
[43,11] -379383538909673678033888513485587203814411363810
[43,12] -350530566854115704641260417196766846990662980030
[43,13] -279759139106208227813188213208089016642756085123
[43,14] -192667112710399607811427619703238427335215470814
[43,15] -113912201245705488325808583543737545451849438709
[43,16] -57175260007229377396026305167737836097295618148
[43,17] -23824581907655287540869961162892630991327402420
[43,18] -7853311280955891190141548969702374244160998204
[43,19] -1787543969344430771242693871169011186517903685
[43,20] -106115157984582894456644120593334054654979294
[43,21] 130200936726369339049816384241551068353678202
[43,22] 71420831491964198908086511911609225719918852
[43,23] 19528677366192206095089806071084374881503050
[43,24] 1813362214524690849000986804784506616287178
[43,25] -1009476772562295084993867225495875719914863
[43,26] -596773629598203073017548707692755047680690
[43,27] -175206067838230658400523464734970324246612
[43,28] -31151054614571474366547336671180809337728
[43,29] -2074184334737031229291645575222958395030
[43,30] 661032498017974468049735560271533711212
[43,31] 271065701219391653871375598508873349310
[43,32] 54537744849669430974163619833432629036
[43,33] 7181567906731542600490929785913830106
[43,34] 630982188081290277142586868586804842
[43,35] 35847940217714427276310466892437037
[43,36] 1940518372705497801928666144736460
[43,37] 294322129906109457260720980947561
[43,38] 44694673204439553886761098892090
[43,39] 3739433300671356508865578519488
[43,40] 131707546181557090503651636306
[43,41] -2780218291157029435540853568
[43,42] -372710979895379310570397260
[43,43] -7156307006401452347239888
[42,0] 1265825079357925039231020441319066815367385496
[42,1] 15138246161095791125022122635769809097847950748
[42,2] 89216069142301717761568251032307062655932580654
[42,3] 350315028072444669137060845974442907729504912894
[42,4] 1043797515516993838329495138052649681372725318761
[42,5] 2530337840111412018210314343566175029178581893812
[42,6] 5170711632522479455828355204845996931613015161061
[42,7] 9033866312999987404870291866071989274111449523958
[42,8] 13536556866255339626648493489376154208957117361878
[42,9] 17383893102744317848027983677735045016171859478646
[42,10] 19110461306185065594432900832762932906763648600485
[42,11] 17965150578891388097755967048139440470423914398520
[42,12] 14420230011690974240543660944433713889065716515211
[42,13] 9852689167265285608634651498279680309233989988678
[42,14] 5695601113718481568018527200290062378369567693471
[42,15] 2755175198909362440660404729423063598901943680206
[42,16] 1094367661586041210847200627742196742220219668914
[42,17] 345825852757276316532836244470632583331224573940
[42,18] 82867344065968953722286064977979041296611101044
[42,19] 14769131491922357202561173112818407024657455876
[42,20] 3052321683459832985627529653837479088545794744
[42,21] 1543063168686559011650591862084106411662015078
[42,22] 771364743349757451250057349679725951711915901
[42,23] 206768890780121211724729208558856865467003384
[42,24] -14182913679848043840183000865333761093645928
[42,25] -41325712758003457160052323137659010746799494
[42,26] -21447372012995662284454897600003607460255831
[42,27] -6872406676392872771673199898479377015128050
[42,28] -1507149720727582273713195865749168359921268
[42,29] -210313762710747418904229749898937793124168
[42,30] -8690371473473984161070822582484173803459
[42,31] 4094210954241914605546530010612240724640
[42,32] 1275749050551482653604763792649483982391
[42,33] 220247014442937623141917676479352954124
[42,34] 28956766167653746548281961708768543312
[42,35] 3515021019923146267453674622694490930
[42,36] 434152295101328103707230861836434686
[42,37] 48711713076108070520173666162832868
[42,38] 4054525142021414286187812456621054
[42,39] 193171150321064547313243499445154
[42,40] 243430103757382548484027467279
[42,41] -557412802018842981548564141802
[42,42] -28581740453805897436989047442
[41,0] 80360723614427675026813396288042225099813630656
[41,1] 655999100681865818355669249029364963951100945860
[41,2] 2164051765229239193621106813627228357028819607438
[41,3] 2993488900454127603731099647686739976729986894050
[41,4] -1471232437202115070030197110252672690122653673326
[41,5] -11450249808741749009707081109384604860420262202802
[41,6] -9680237443802540205773388540439633960630586368518
[41,7] 36520387578906724104262277288876482132309170550572
[41,8] 145538471712048740171366405273464157988708169420052
[41,9] 290231578653607825565153927414619869552580236856903
[41,10] 405767360722140185457976609733212036567835617572270
[41,11] 436275724387033571825760691051015955993852980013885
[41,12] 374883591851709343150149558674743782658927743878892
[41,13] 261223813792801325735194650134965904741233544069544
[41,14] 146945992710339013016968708796784504323263367274574
[41,15] 64525222022988921796497854737319031364756681535526
[41,16] 19674772751138409455649067547504545555690428306174
[41,17] 1868813930587203824859251697956588532330549978212
[41,18] -2270161059769098781263391253363152138806778675008
[41,19] -1817499618338253082137648308422569621992623895703
[41,20] -803330755161151011728332002950477654090066724736
[41,21] -238344191358227118682071544715756341783772959539
[41,22] -43626767455185234206889774263315840343956735106
[41,23] -1891049266706172837586825866588613238770174531
[41,24] 1255680568762397468093853150082706625608397990
[41,25] 122093612010794498826130345281361457648612403
[41,26] -182468548188295437408067979328529473827841012
[41,27] -105444882813041417380214428181176230076192761
[41,28] -32457386472508379191736970753498332414292042
[41,29] -6686963959901024748299759493597913821164820
[41,30] -940098803903051954134007772846809920022628
[41,31] -76288866000847321437347504970370286134872
[41,32] 2403618113007645257881016568654268748722
[41,33] 2475374060150940399235657314271429358145
[41,34] 670179004054233790685370703917921543090
[41,35] 134738646044490747104514721951593660597
[41,36] 20934092791533941554976488047627688890
[41,37] 2404690280360403935267710091089779510
[41,38] 190871409464618113117326975242059692
[41,39] 9084333227562646622148255472864002
[41,40] 126276445321993022120779035921228
[41,41] -11083002314343280647824328187777
[40,0] -3638949431141158202511168966649341266738680246122
[40,1] -85128394797529035040502311830448831205823161176116
[40,2] -728988509751767773247076455711526611779008993202302
[40,3] -3567068257486044378057830930573653166206445977557498
[40,4] -11790408771597008139663857687934146409347453547763913
[40,5] -28685206734935000081127778010633344642847943824344314
[40,6] -54062370408743661744182019721701164911617354226090464
[40,7] -81564456375644953676320806820309205182426177500989222
[40,8] -100652337895735028750707685573305773598994418948547638
[40,9] -102949740524459828008471690940839482737447103161210052
[40,10] -87799818331033974542076291378669462638673910189417176
[40,11] -62301797064598082598934390295333729778238692649722510
[40,12] -36279123832855511966505234262661674241438435082677955
[40,13] -16713310205602259119402864101414162560295618878615896
[40,14] -5492249911104712640243133790790039457491178892368324
[40,15] -747263679653346493362396103728652387739575887881478
[40,16] 489442139604586588830902496428919610720298081610937
[40,17] 452479863796975862623933371149640036943393649949510
[40,18] 214906469868586709496021379085203293777399515508330
[40,19] 72782375110606565413076012194760057474595927376508
[40,20] 20156633066323143177159950397771149835465067907097
[40,21] 5777088037984785949195814709274929486308495671572
[40,22] 2115072087516269742311806711044375264623217687563
[40,23] 832699315122375301765388878814688069453819099474
[40,24] 273259787197939519037211782175600535028901696771
[40,25] 65312908147850199973117241066585980625694493422
[40,26] 9430835920796927107253292954145370590671511677
[40,27] -55038640643667327198632678714953051449362736
[40,28] -464013701977619840259657122384339790560068751
[40,29] -150388337103964052422947556071953911512673602
[40,30] -31303592136218199534806123176860127260274350
[40,31] -4987529068886981018582351177888174160180936
[40,32] -603547655981944962331970372370383047263366
[40,33] -35318629237723692538842540466024442699442
[40,34] 7274174686212307690530200929928409660751
[40,35] 2894526204739481984281756750217556240510
[40,36] 542477034794483533365529925766284836395
[40,37] 66675855693214744832842581169684632006
[40,38] 5587167994225328636208127914464533362
[40,39] 307738692504897740906614855390658580
[40,40] 9873683966060098361054397865919628
[39,0] 742161759977674610019428336537628988693787735246200
[39,1] 8817517928470601776845873607252025405520297970122426
[39,2] 50278366307669666946465512308733029214355235208487642
[39,3] 182605307755752353678934825067607405886046545046042098
[39,4] 472568559284897458239094511907831875120854634643715824
[39,5] 922809570600845178247287526678859073427103686700123526
[39,6] 1402513251975612466613804249869387761571701039455783886
[39,7] 1683112168175107354832212789070884868128080605786979624
[39,8] 1596205519988312096957099120472270572675185370761551600
[39,9] 1179644420879149889153450048204591427407505453167312167
[39,10] 656478084541666218725355590954233841338702457289858576
[39,11] 259843054110716915487540577591056271696212085089354747
[39,12] 77570223416196228585474237306885197097732797910360874
[39,13] 47831118310346922008805159028200229090266039122038452
[39,14] 64604429913848766325745277248667178993640799597204858
[39,15] 66520887857010654677955513913386430969691008376115121
[39,16] 48051838936144411485400449846097813448947943518306020
[39,17] 25659911473585766231131070667266851749126904291282284
[39,18] 10457705257370194425211901788256637842373264420653636
[39,19] 3325157253264556998110386975298773907768869050149466
[39,20] 870215542491332756116829339024813513333471764530678
[39,21] 223429294184627451091994715842217896811621267718030
[39,22] 72202775321061554889434128967443405327102846614774
[39,23] 27089253721442503399042888018885605883649566077783
[39,24] 9004575183702296954715208221781881806804333224602
[39,25] 2306665267944927508067635836585073247115101562345
[39,26] 420465282902397400421587975448781921206331182310
[39,27] 44584841889629054711251979995392890884144034089
[39,28] -1411261914055223415806166857843003943358045350
[39,29] -1906067860515694860701059201969287366248908059
[39,30] -546770317027665551850545435230998616791389746
[39,31] -114705553388657546162268438130253180719542537
[39,32] -19090419415193106935136456230002913440061340
[39,33] -2193893296077410023357252804340675289835841
[39,34] -67571209496535555968179524132241151103546
[39,35] 35327747101847578292296703850745496370594
[39,36] 9044412637528077516528998878750146371838
[39,37] 1239445610120599999113960725597139539973
[39,38] 112909531168059890987352177451961289444
[39,39] 7106385184911711038478225909103402401
[38,0] 71539241633961968923892695337585523583583171545072056
[38,1] 854875162673863035354237585432490984309145577452954892
[38,2] 4872179428891827608491241176739160638091647139493372724
[38,3] 17650633047089665664321818449728873242315702893409936842
[38,4] 45657241549601074130498130795702604167422317606051610571
[38,5] 89681257132331402338936059094128046084918233160853277592
[38,6] 138664549948008599105099507301194608814311393423182373710
[38,7] 172381739239018086631805381768574026395921658613562050114
[38,8] 174220132395165506423076951106908226020443761301953880896
[38,9] 143615239338706808915663521539215635597875347608568230392
[38,10] 96198691801504459979110723403618502875963231605712388636
[38,11] 51801114584560303296379522602648218033667392698595933024
[38,12] 22040147337939762678680612082940138426572542113425803040
[38,13] 7288649778927331140114830891517360010378910693186870130
[38,14] 1926390575254370998414195162869224459780288425838321478
[38,15] 497390260830377670353238753273823169891482225061847750
[38,16] 152094853601577911568942261219397461406825573809694806
[38,17] 20353478107235627301163513211541455334736636157469872
[38,18] -31826979325763046179633782524755445282344017946482650
[38,19] -32246038650000707767661049697146318103413281460864900
[38,20] -16404323691000542846282975496400796165513239826397207
[38,21] -5046265789757006258257298120767101298800810481070922
[38,22] -712404758330115047377833624276395981625117717923343
[38,23] 159075903522219935591360429394022614053593834493982
[38,24] 130712808398390377639700017893779358475149732686199
[38,25] 43610240111710668921629590189263280936699718529702
[38,26] 9679593756514106326537825978957924635153036992116
[38,27] 1574206011421872961207927444631264768748690596970
[38,28] 189834716703802703078762015729436269386433652564
[38,29] 12134728383949207129159434460118652463069192354
[38,30] -2607164331239040600906039144103054459396608891
[38,31] -1390264600037794787926197053603584595961536574
[38,32] -349684730036584060407925299352840320975914891
[38,33] -55137553476681294304922621247157769278844856
[38,34] -4722020471527298607328946530512191895595593
[38,35] 99277937463117728019678559436264008414774
[38,36] 97685318251971812069465550389214157146429
[38,37] 16150404250980491691210286062379766841462
[38,38] 1622287593445930296466150248694875816774
[37,0] -1248380659361059138249302497059948763235229036571421504
[37,1] -12754146259443680646854864712353069730133244782779725364
[37,2] -61759380658069954164034780593332916007622911254151699182
[37,3] -186740562913169372563122817802523515472430553960546895750
[37,4] -390256341804726453186897522410186062880388397553867033366
[37,5] -587095022121074900600872814353546986242004079942417688742
[37,6] -635008734343544298824256225243418936780157875817001016218
[37,7] -457968831815606591542100731930102394106684490749119655321
[37,8] -130999361418819920375739615948128936211671783725961254422
[37,9] 182472026928391065982162263455962399469069222177781719493
[37,10] 365901564959166320271747385047434421076810913581100375976
[37,11] 407454853969714831244588853704688320532321499877014126620
[37,12] 355811792656291193311496395985553117779738030694965317584
[37,13] 262303153263437365606830570885452179619047263670310194563
[37,14] 163132134842627481355722326686448534651968326999812417652
[37,15] 82318171803065902449486657132572489230102019182710860472
[37,16] 31039363283280849296032773601390290776317410050733754430
[37,17] 6739755498417241210161129594424337652178064807184468207
[37,18] -882748764095742784558079970322872593703089456586882810
[37,19] -1612824723437679591270838259854477519592742777151663873
[37,20] -834422506828182119372114259791170795842375407815908516
[37,21] -274111697360404451275804330025186076844757039967983436
[37,22] -60543056499632519470606046243920361672507483688665270
[37,23] -7510066546157235651242925172486427606722958030683623
[37,24] 347375373019205574031326750656299052787907481935200
[37,25] 451779789885403243830740614724792704939057615076371
[37,26] 141449171391920168107496147599305874810247053229160
[37,27] 33258755003321031208574190085526360812064604994185
[37,28] 6839253316428849220865171442069633947641590405726
[37,29] 1156628326031911698151924721581705264265877064785
[37,30] 122127667922147722812742495535535645669299916432
[37,31] -3511612097764135308606276211265119619250218387
[37,32] -4485229079085466271380120252929642933165524880
[37,33] -965338596705243624921953375938042613196193740
[37,34] -113796026141694475324284096185656403456598696
[37,35] -5971319703174265657087328794240586378023338
[37,36] 466302519458781539845509298221444473946780
[37,37] 137681000676265528147660431429885544008835
[36,0] -42959101066001971604564929613984072026281906651348137652
[36,1] -451148427309910541874927627049268719950143029753901570412
[36,2] -2232869802861107993337930748219782246510819889466331929010
[36,3] -6839819667434862638597595137146823822797609476683068711830
[36,4] -14229295850633029479607827047842537563789679168290017727375
[36,5] -20387117133991337497607013280808236253327731141999119454314
[36,6] -18071554604459318825531915363861558187496580542899951287296
[36,7] -2321774224507959197662951613212342303030596215376827674914
[36,8] 23919785415621621268054457356156497649383887272443835647909
[36,9] 50351318704205623888084709001068738648445381874744083586718
[36,10] 66066862390906800841954872167868873691662272869721961028107
[36,11] 66336697351964072413639323612909976300394515205454573963828
[36,12] 54159971206709031366838999993770927212805190033158784367445
[36,13] 36775974860633525449489481213311085997768297210686819783976
[36,14] 20880764940346770979602535911917141253764620622523899316129
[36,15] 9852656214140037115892890780796680059779325892202000115216
[36,16] 3793120226575157161054773109240835990229889262831033038449
[36,17] 1144494941663306135283972335392890767018934263181046582110
[36,18] 243963462208234694711099074457488080353415770394728561053
[36,19] 22052021589914357911392338329308665916955228889941402578
[36,20] -7976049707232070821520760111027857962585840115139117274
[36,21] -4602087577580251716997263944001789033998523262192952384
[36,22] -1294400941953093006617384641015193649904162558043806215
[36,23] -243699131143609525696718419503683216529176614969970622
[36,24] -30746993633474268501614953792348110891768453045845464
[36,25] -1277047342230455514903669470500200999359011405499868
[36,26] 865605217510681543014168538921197815004193885682223
[36,27] 433514516848476436705925853011437551392288511312556
[36,28] 131565940181423333152433839459929197603197682537544
[36,29] 27796498930073553414671181229628232520137210043506
[36,30] 3819600909641053233584474157625526171154065047388
[36,31] 211706787501739613186243590421636098697010316416
[36,32] -41223209289858203325910598413787040888984540600
[36,33] -12982187989928311061400524455123606667128462604
[36,34] -1849052150919898911135476201857562862854256501
[36,35] -156004996028361700957068515725442978888885868
[36,36] -5660911860347549206636563014438152100649212
[35,0] 540783985623569014783436297885349154007876631954386692080
[35,1] 5841159333222906698734765814000920773454101178177850963952
[35,2] 31714582645507591279832694642524403873282022231282622170818
[35,3] 117406047727495646174972818596741357663396378911979046537470
[35,4] 335624961861876358938661662696138540933460900303933889355948
[35,5] 783723290376029621837652805139913554140401564825359709912092
[35,6] 1528308603210874446873424497438695104118328313198357053907398
[35,7] 2508027325582602355383313221464805547244726203326945600076314
[35,8] 3476835855901576236545111170795495737821953277038962489466674
[35,9] 4086123698787505845865978630387363237192262854913802598401363
[35,10] 4085184479810361929075986447631078065700005809536347611114222
[35,11] 3483244372717316675572590270806319034504412231433789951478581
[35,12] 2535118029938392789255536167573482750651856172772114631444388
[35,13] 1572742670193193264925235571115612445551359904268734510592576
[35,14] 828294401134591977278223382805443660686266388219556687536654
[35,15] 367526852006106296343956213618330364445978232929781819536686
[35,16] 135666476157467232708103821694987589419580201302022483534358
[35,17] 40773489313107911851420643629605294800567759884068907134696
[35,18] 9575974211493339890216918452525550598704649799348081330158
[35,19] 1588951621167590045423997110420472592550426027637756457377
[35,20] 115063105344044578084969395360374588726884012679305584960
[35,21] -30322194577379040348574203316058025652431719137305631350
[35,22] -14960439085426049901926876937280822229322935169490133766
[35,23] -4035448440528275784239188782264888606962504370833901909
[35,24] -895403703743971990668373995127981425083990293458356214
[35,25] -165576147034278494824250390399954544128801341627509552
[35,26] -18177467909735453794667441551449017548215195246171674
[35,27] 2023934405408312097442840680389896339265410304638887
[35,28] 1572456792729770448922524364690516222123639159115784
[35,29] 409454700006205552380551866782743989568351849290530
[35,30] 63197187247892282346881535504903465705743253843444
[35,31] 5033987313877386506781353594564927817513213373713
[35,32] -219786446876292203517168275615810545181550287790
[35,33] -133877075010664937546664419279206497728498898315
[35,34] -22107015769940599202030978422828818910690710408
[35,35] -2274210503601151782951183755186460065962144280
[34,0] 20342459080340367775288014797076698109444448604709260862696
[34,1] 203537664597008970611884538084518034328435690301021627091796
[34,2] 1023326314905737383044417606909347828612445470541896275131330
[34,3] 3543386322857765755562406496254285982815145676766493686886698
[34,4] 9668566576983329010576166014733809956068880051148955328421755
[34,5] 22030227142446552165005107000475958770691496257371337320476596
[34,6] 42525363183560807265808524459561511821694957893498511725620286
[34,7] 69353458984503467867614325066050029666911353858507641941134130
[34,8] 95186425239323816281473895313542843080919654504149644218150812
[34,9] 109880060062104614765445226648055666931605207289576431291588442
[34,10] 106889738485695823405550317441566186499927151615283206284220719
[34,11] 87850964376341640525728955833596851907232703313216038554079030
[34,12] 61114531872709906285310657414471381060761089671440187352818214
[34,13] 35993369631500149244876433339567436331521660893756726071822000
[34,14] 17911769734533855919399374427991970238970552186937714488174841
[34,15] 7497891088598908594633222927940403167795412699648507124455138
[34,16] 2620551058654202147191490387383431005239487593016554165123752
[34,17] 756555970701102254078222135829734501681233054642596999790902
[34,18] 177899382387284026750258591906535487253743589228462168696635
[34,19] 33493239526776794199616230432982939148707977318693504086962
[34,20] 4919526924451577068019592636686316100030265091496057885689
[34,21] 496971119332121653970645852127841804091135816206469930232
[34,22] -15381649938985320829670216144628222979623298837185514123
[34,23] -34275944041011209347944539760251820907717033609112864106
[34,24] -14504217081073346439425288928633662578744178418504852870
[34,25] -3925469486273889052286349827007157838592700920492006570
[34,26] -680439034898257996960762951120289948121834107298650358
[34,27] -49708603078894279476000294736729477395744697626961770
[34,28] 10219681292133959663886665330056590208451976223881353
[34,29] 4179840998681843089066547464403035868004673120691604
[34,30] 737988311180214954024695612304851427777203707201869
[34,31] 71894337011556946835006669231213526312605477982888
[34,32] 1041453413868797620389703516097082024247567120083
[34,33] -948948748690020197881991747905977454242164875770
[34,34] -188946112444810499948255717166089885734209504644
[33,0] 13694871411811488675894062557660695538967126106881016307008
[33,1] 28651251086360251911436968736386236449253195395764927508812
[33,2] 1068687140900265275193214791503749966205873642888822398155450
[33,3] 13421029817832873940889791824386034979445834086808278996558854
[33,4] 76477488628390432087276682614818822213225821996001387070700046
[33,5] 268190249322611235537600857200105291009429158420823332993646434
[33,6] 659251433941030083228595129192773430368231893360673551169677498
[33,7] 1217067717755887431134369997477796370585042261247021528807810399
[33,8] 1759029565230465545506085283699007891530130013131382901782307228
[33,9] 2044482243459219329269874697858727479448070176473616542642544821
[33,10] 1945373120625595487038642438168730184364631481627611472608078292
[33,11] 1533342974433104371617004302140899289769074058355496421601374984
[33,12] 1008410328529716250547415966804506505386022161862568784876233128
[33,13] 555404314808770510923706394262994797889627483474491778733542977
[33,14] 256455530998328182153359162258920070003038295980286921156710418
[33,15] 99250694553452018399110072395197262090611318080281217461505525
[33,16] 32242774736169290852352581904656824525708492410072310817915958
[33,17] 8887467221416571747669045863823408722597546789230187007039895
[33,18] 2152093508651832245480406810795296682818490794293009510578136
[33,19] 490928168682608298626681338350621777952949598852432290425224
[33,20] 112098427693852894044310330784174456985822587433111528109260
[33,21] 24227256334200769985924279732639598295622184592266839276476
[33,22] 3950140380824956543415463701815702535209373697446496847656
[33,23] 160657236239705811744883691058461205699283220427735482121
[33,24] -156750420895341583176638502161065233162699088658427254990
[33,25] -60753800328336533829102363702677447900632866982361248443
[33,26] -12390057054124863245673158245919772243205326641883532644
[33,27] -1420599195179166406501786428703964021546073099262547205
[33,28] -13681530905962269839166029598135439407423364180905186
[33,29] 30198578279371073328797647630404198562753360851875046
[33,30] 6690194711036134008854404388038000484120900334032956
[33,31] 799427073013365075135619090829274282809454952157598
[33,32] 47382761112514225034641250588532921949084420259532
[33,33] -2278499898595400258939364715201157910358498676730
[32,0] -5029686827861445052009005381368106021196011002929031003780751
[32,1] -42605434821250373024306765720072723423658141055636033411263804
[32,2] -130501923698901829180743083816165234840606163322787175797470442
[32,3] -15469318386975806175248410458051167200237012432903630239269022
[32,4] 1279917699167801951821049277908634032341212540708362899985050965
[32,5] 5385675281025146720415671823054451792999863669916617386980060394
[32,6] 13238250998930158047678993818334298436685333972855372066143220912
[32,7] 23286828941859612397213416059868983841196231054778005464073632474
[32,8] 31493637127073608159791026347052697039689238623867989461813673597
[32,9] 33935168619962909887415016044448415652619665687639419605206904072
[32,10] 29728591905653415972093690752275757455655218742477382881977018194
[32,11] 21424490430908864342405028042151206991645924441167538577789388348
[32,12] 12783747140452122183620201662606459792592954724017519834538618333
[32,13] 6335909668169529553296030919803579129776087933261908126575556020
[32,14] 2615815101834146897260285749669810986123292681764223417746728197
[32,15] 907977741283030580555944228786920207990589388777998631211810378
[32,16] 273559548180068225275024991169878451938120458308334207736144814
[32,17] 77483665940159548786099060504588070025030298303738431095017406
[32,18] 23068715692232466195028357319378533318862888618007359469898197
[32,19] 7365859808055709618632993000851334893511649140929559293969424
[32,20] 2240242767251469537639767899733259625297564531233967975088610
[32,21] 563856987216126978008346263461811849530941637302645027188352
[32,22] 102521234683095584425447944963632712608921551206442438786908
[32,23] 9352967957091274757224662965073160606757854919517870518972
[32,24] -1308973939196187644874440077990722387882476852033151698856
[32,25] -732101859567802618628685791725633584789467892952149594894
[32,26] -159077900649574703530535078039997687612381681317338765086
[32,27] -20561977785896502173329452746447476363040962821595742928
[32,28] -1185986174741873008761014493233696043179856953699906568
[32,29] 141874667131625938685484780135872532890848067008570434
[32,30] 48857128867419495756207552992698768807293813838557999
[32,31] 7360753932777170088408548956001140357780628374823196
[32,32] 731409797412289424507651750060912319108469756568968
[31,0] -55631073942915074448737586060254307325732862310933964661669100
[31,1] -217294809136936925278626005724340554006232791458131449757517751
[31,2] 1206442599956028501007037071516708488934740386944030795985932848
[31,3] 12901928593753634152895241669438050513538894355349008885575617502
[31,4] 54601620742618530153877935120787986520044381814802431450623259636
[31,5] 147222547424416387856181799822705167300305709020893819195736882841
[31,6] 286942610570568592783249463200736724092219877008638605886650307872
[31,7] 428464874682811004987498238270726129988678853702274626093096448982
[31,8] 506231652135277372975351523806486544564078408313251453316226544064
[31,9] 482354831872843781076711381349369665309826912064669424851207901000
[31,10] 374701646859304536239292092222460643406751773415351844521115944934
[31,11] 238533477441516904484692282771249482557818322992038169860223757049
[31,12] 124611478684890517057482781460806973282907232784556015027051305064
[31,13] 53488622646673451323455291925614858359232974073962717952015526764
[31,14] 19102313141468250816449440155629774674657694531681926393423963008
[31,15] 6007409445275365252409852010196782075060772447303501911926485572
[31,16] 1933022809196980664095695275272390015342417501556916557483756866
[31,17] 741099749078617577382679172270067589918014276397336386216506559
[31,18] 311894007282031843015468566436855763222226011420599428590291904
[31,19] 119022549749042251703896656043858625197391467898905959439526691
[31,20] 36907180156588762076993908709673779586079786323959226070268730
[31,21] 8779896432110219999509610176738486196482175774554851702365622
[31,22] 1478333804973359361752169910696822725617370036179787355030200
[31,23] 129561251202477680982026680438102709651313653089595755254711
[31,24] -13039773714341130370831192024259591347608829547722560079044
[31,25] -7473283592229103398489071329784134362107796497080868005421
[31,26] -1558206355339237792706110816685667487139517636429075838158
[31,27] -202858650816870966438340920576949376307877723085146997115
[31,28] -15271968746198972979497860210593240263812626055515874860
[31,29] 199231395372468011301241320986434504637797147689986124
[31,30] 279134956613275234338533291498432041668507563529923904
[31,31] 54545318044305984851037127364570913386934664754940939
[30,0] 556759877744947815179756454162596218864658093714255091412059808
[30,1] 11851335841054870805394902346743691268408217572422198991070809380
[30,2] 93515627369899865237102892383038761520999338222660731429935245537
[30,3] 419568363526382378105563866733558520719932193233061813196860183428
[30,4] 1258881801507276492491562914454809076939611006594958180498253498860
[30,5] 2743302943081250763652490383312596667585525912084494173985649541124
[30,6] 4555133899026137606779972741793442486874672629873310392254999341981
[30,7] 5935942028305181718028134519192979962328751999904168565162725277152
[30,8] 6181333575920232362437500086396069631360053273481240781830219339426
[30,9] 5194960390130803719672240666954564714903624904918675540537454448788
[30,10] 3535776553496277572743162890584516200254299541886083498385774488000
[30,11] 1945749090476914542767298855963968319069999401545997924727305736570
[30,12] 863478279662546557641292453507056632162462175150830425849192872099
[30,13] 313386476787492205421209809289076587099594329304756436583117156252
[30,14] 102289451259350499360500379834043289911421783285194528290980516967
[30,15] 38946873996687864316041796761156810202006669764667692581740437724
[30,16] 19843870731987854278000687384062933760525113012879479760336885108
[30,17] 10511339192566539807140571251950790981810374120043692047832650846
[30,18] 4695613955753012896046926942286476362519010775645899142281460586
[30,19] 1660070517717680025745505430544428195145525631147483894199704184
[30,20] 454675892849011059937404529428709925181023174110260115940836218
[30,21] 93384256900318874792449176045461114703205485897835063450642674
[30,22] 13040089828666416259225657923805945846658256855603501704611665
[30,23] 723086903108985098363067502311690999159224499134458908937944
[30,24] -184975125119426316150027449535060752990935866227247255219319
[30,25] -64916887758623763319682306895465155181045482936692432411836
[30,26] -11354085818473146541749634283799975980767069772610911112336
[30,27] -1348707501458962380529313726052454240965752292945922600678
[30,28] -109093001344410921590543844845910082615626541520692895118
[30,29] -3193710690312806513289879821215472108141484127708802724
[30,30] 979113964285607400489298809754571128718386727905559948
[29,0] 24800710435940233525369465211364347371594733883718927887756591168
[29,1] 316805427514409614294533668883208442675548895401762758840689850384
[29,2] 1883593868766787553507978740220742791351414407593771690737074518672
[29,3] 6954015821763854045613932008022774829943562017718974310153864400510
[29,4] 17912028385705623018649385028895747699797990869110538560999454818980
[29,5] 34234003270614570909223169444265562580023451293147403678588022863010
[29,6] 50329024579126061494436051255095550383512532191037232977640078825922
[29,7] 58131721542009968042216362702843737508304798793802903425611994608100
[29,8] 53321436526730686058721766692968650022653943917034417204852544946842
[29,9] 38922323220520573752580743078018200707234782177820886839671594195261
[29,10] 22487218127839935758682368727138780013902498521236288478555436260004
[29,11] 10201596148805917080838122049295538396978075668840180427857876232933
[29,12] 3715196991901514377618437202683768833359983775537761186814947637776
[29,13] 1316382987699447080183626533770101285459149985530253416228422163234
[29,14] 690972122960882523036700181217365558117656132699338033709394879216
[29,15] 486244839942782074282045530863885877929555032223363283416106552201
[29,16] 306138018679885005868387432995605358628678331985925565165222107314
[29,17] 151593190921830605709320959234286170014041713670812387381158343490
[29,18] 58277165067874179542039529101590427325143605473281353229649760614
[29,19] 17343715970432032770464112364001647621970361370129073281621143264
[29,20] 3912553185721781256727287107685972631635410481617158717551441066
[29,21] 623697577687843382604856667368275522055055323358118738598796526
[29,22] 52612902659027202432969757380446517906387425770595514826131348
[29,23] -4113729880552153369601621827011727444407982350856588535096578
[29,24] -2292147205982940338057263106606169837685806540348557033016258
[29,25] -419787925000876631168888624942478853999088021175435131750772
[29,26] -47107306815588771166312611717750172326246289617157701226010
[29,27] -3686306904778033955744600352122949089925036743504180750580
[29,28] -286600785899361069306852601622384752681360447814073060300
[29,29] -34148108201046925760481058126053612797983037705926676668
[28,0] 400493212586646474215665355714270172552753909301470687773718430464
[28,1] 4456547249308045333418537889385153777179787522137934449284754360768
[28,2] 23419036357583183998526380436232906855495042850460037257944673611344
[28,3] 77065859152282726457824273880197275438567196044911461611658573909608
[28,4] 177490278208498531138228774198962728966386986087821304223333787331614
[28,5] 302662269175845522489476783229470123286400834470495511804661769726612
[28,6] 393771575688290704970411448953270412991945789765104672169469684306652
[28,7] 396093856523511326191064060696016835162905353539670940918151569144034
[28,8] 307808047893606771176079129441815184628894431908271305037628550405115
[28,9] 181977195130447059329874588642481226624345227291593785059610108317710
[28,10] 79787583222918534165406660212569805203643934493568626815865066515692
[28,11] 27076115766180963761520092737346147614953239144132315249654539144944
[28,12] 12109574600436062112414420611023298278155286487851869885899909080971
[28,13] 11478509100203699291268912567907601126905599882515316457417970650780
[28,14] 10895256980058288440633934862184311473761848529018678668396498269888
[28,15] 7727161414872396623631798076133713536816030738704849579533899380328
[28,16] 4114405681558286313884683997781997583317050472433024208208139655643
[28,17] 1681410512209207687473726915289001611013550909261444900995070789210
[28,18] 528909087978519285270370747141317761971184207128842758047079951502
[28,19] 124738211031439632424975502767490368167296353033506921838795702654
[28,20] 20067564045270571092229919002086568685033335830636883770738486228
[28,21] 1356612962133907309863650700754755426305862856641297874402619070
[28,22] -309786243049729138097388738239183913290768602805726984382937519
[28,23] -117108523789097091144888300235036589582359448244017570541938460
[28,24] -18012327575816658469852033558107919682161400180710638672488532
[28,25] -976874244425556031813829274246874754732390405177424794327602
[28,26] 170762530035334703376611166030803902974826389202305266539635
[28,27] 42673366395716736445688014286247061606530921672800076551058
[28,28] 3210985524255037626385054691368103664479698948642259616216
[27,0] 4147308222844033386813825073095942482790125723272666658142225408000
[27,1] 42544460855685550891728231725887849631289018029687883415912572483072
[27,2] 204973029220316197465510477532683141261287470641492661560680161733888
[27,3] 613580154541689149850372578277312896356672781331004210840327455169952
[27,4] 1270499263271877229517821670210791109602964508045644297229577865009064
[27,5] 1912673474227170698875224687285636569553000279637140042397793815663134
[27,6] 2133018831158382055121753100504766496108047307903814078148497746293588
[27,7] 1748179600668555892960942925755889379126162481609548243227226437307918
[27,8] 1007200879086185415453699804560808166102645382610132772198411290219288
[27,9] 366922201912099382557648903165088484861494616385399032215121178116935
[27,10] 90815093250046138629255826683565636524116814223204292031201758332614
[27,11] 107946342878329600967464460569017702414142852664560286311456731964317
[27,12] 198005300248290244325426853365371468186929056041702211182133383752698
[27,13] 219508773669014552563465580271753465245067076775546308992545512213359
[27,14] 166731996290033209575416974268661961194065299550721919711012927508190
[27,15] 93978672967369576221763790112674508154262012418275713637416777465917
[27,16] 40558242548229825837067064378871987691443126158875280357317198101336
[27,17] 13387052148431046828406447627134705140412083005690042076433020548185
[27,18] 3240277444497276311559915341913869484061519358189410553789882500116
[27,19] 488715528660458989241559567978033907807081161781189927094606024886
[27,20] 2716727533376287119818424287893949242342491685860565829522533710
[27,21] -22339263154820373958548125360686126596483627608261058611835775504
[27,22] -6821003098682717228525123831545587647852409895796065361336894706
[27,23] -1057431130977638823412954250328684784913855331304731827459878668
[27,24] -48833512569202437028678436797648393894707453281370975866774734
[27,25] 18353739664672291654401202698250864754888062523535573233524893
[27,26] 5281879451158346608979010681467062564520980760467169208242328
[27,27] 712028331306756340395122784119416652385426670239778726265782
[26,0] 29284455564345029386856179067807914194457098082470376520670026416128
[26,1] 280545926571632765648523069637717734857194704538266499768129418145792
[26,2] 1244122369842705402967779910519779254284723618866137826925802305997568
[26,3] 3359729706560012016180689209217550219978528367358391695113330958638464
[26,4] 6087310806042543794658636031623886343200224251678263168233586613174736
[26,5] 7616781615319872048474655547023761586923261104952483308851090551287248
[26,6] 6384056378265833538055235550238919198046031619198230160542878075937245
[26,7] 3046213603209287038372474784565607240607464661276939104297816788590544
[26,8] 205764722541543704570886896661142803320348231086138283139664582741598
[26,9] -150789020415306052870288618621958181362044034038734643508558825166348
[26,10] 1546864158890394285003886422070930531582059017955585401816326289156130
[26,11] 3339301622577604195996532829294913563038822679610534728666641790404582
[26,12] 3817987460656704890818020500033731293164795527972265470976596803601923
[26,13] 3023750678068395647118978441744225089698967676032431141214660812540614
[26,14] 1796401658537723865856678680533979655248770638405107744672285601155074
[26,15] 820669764554636875389754023421705621479730548284419612841260329433806
[26,16] 285654715933954506240099000764793788057380292070512829267824186830461
[26,17] 71296909636739461550865876937873369303017840826787057925884094221184
[26,18] 9815527284632232360293596855325885815762692021243099783974991529113
[26,19] -991649171738960033530527538748301397184046623543832157911879320556
[26,20] -1012902137570298191799650318168046237401085731295522686417387778323
[26,21] -309731616639755052308315757608024509224639934776623391792424507038
[26,22] -54443338368150189522352226148326514911021711277263112503721253767
[26,23] -4061453127859000977568960110189308631752688339464650909725529238
[26,24] 713984145958646969569813759266193024614156445774927144829006982
[26,25] 296367446584516076442367453996322305210019260387014194034109266
[26,26] 52098772928151817093915902592002177438849098436519866914535786
[25,0] 120846584916757577375457577339717018961068151937594563112525050216448
[25,1] 1037795145154564905149814716138078426685295948293486725099124618166272
[25,2] 3924047753993402237642615360755819729504900288878745686148243917358080
[25,3] 8212522862139398615408475879707027605454057756394348637380371649242880
[25,4] 9024509574161859758651021360622090172660816267139941349215691155591232
[25,5] 648910612221176772246699211699099417737558549220514539278116098243728
[25,6] -14080253761571189662391397775090404554170233783429411422979834826853868
[25,7] -21378993360591665183428535773261595094311072678786123085770688281760379
[25,8] -9166343261819242047363511540680858482805617950795244141894168548485996
[25,9] 18581458185400911400707051974583435943351453604686628006446035655629780
[25,10] 44284064593568745521089243124208930851305111615039422960089892339178022
[25,11] 53210971311032062207189698456521188993871039425685916028626758876281923
[25,12] 44673514235152529884303459851251738653591364547749420726961100113613116
[25,13] 28338770524643126938106545634534512672321808543731102657897112573724835
[25,14] 13869433606106362297394898113032674488534657622090420291337562305271286
[25,15] 5163598412531332211526652796784369024949776045187691507485476467536647
[25,16] 1359602997432487097482029503075416077579833911335898971839821928284114
[25,17] 179263685970118118372525739819456372837904977736240117586802657209745
[25,18] -38050984225957352160896112967955461064791926133093627513846955474748
[25,19] -31387639480080096525536101984234210037348425332495095919251797537269
[25,20] -10311781611500104649014669527838884519737102849065024643046066182898
[25,21] -2070928165974273409458432747833784180314929812994216192300948838091
[25,22] -214557105350520391269113507207266941418345501285953602335170992030
[25,23] 15183995491798785815115686404987265372988892192650060247577376954
[25,24] 11115316966923275228189726066811143916451035741862698805586540736
[25,25] 2377849931387771043574110330055905693924400467477992658275508517
[24,0] -98372263000891064263423970765700271882957904513077620089380954177536
[24,1] -2059790473098467728251890673677574400624352425680396389047439885598720
[24,2] -15379112794450667265567945780037988000117485237888804672363897214619648
[24,3] -62878910023642119298450229259819700897330944076349981402223666531030016
[24,4] -163705639263739112157532491587056068902558400122823696969188689687504128
[24,5] -286997436333107953555881057016350179028011676693474407653104436089195840
[24,6] -332011164711464748440401500740688404186987000473398337935382635866232800
[24,7] -199612553375188932857584767684851281966827700398449521423714192521375420
[24,8] 94092290166931688698133887380400856921321686622558757146997760454685933
[24,9] 400738951098784760194827241710192512805349995141111006051045501475448032
[24,10] 558712639569499029885937329007097175960930820290897262299287171827414536
[24,11] 520776411878031615411821148518641232631292003959899613753726800190966978
[24,12] 362813498017052862916195220172811806228621986462075654095449088730128002
[24,13] 194375347513198268734999613716563290813024398173879124558638208179516624
[24,14] 79157614652257079667754479273357015571154542172559439653441774806635869
[24,15] 22808816832136092015970665442079170114134228758977468788888556721321242
[24,16] 3294535154381817056659821947844653244784096218287069201595004867179306
[24,17] -769755408920561980438125996294472850147996437522219012556747021607930
[24,18] -700099887773124943705212037821647780540816698197658488728832805232999
[24,19] -255764010391948505226802334679098164379619240650591173677660980486472
[24,20] -58219521470920710320077774922643394761826089483596096344672005432084
[24,21] -7438019691744081631391609826189884925687457214828114031152093717830
[24,22] 163388247698094634198693755841371423592153796358006198647421106680
[24,23] 323522606621919808373155302493647833503199398260766659386835108066
[24,24] 80805097745624104114402144164273011461857469396068490277659485396
[23,0] -6299989525456003790430194596233309265556692784779711894673944803803136
[23,1] -65977639350782689700097930629677763373316545899347951354341859688448000
[23,2] -323130039463094591834653917811968553537606987617447559174821647718547456
[23,3] -970743413363711739078673824982753204664058411455967301367481368612782080
[23,4] -1960111882874747769541307015626671266216412738533147726794969438562780160
[23,5] -2693121063282759400128492037896360390468905098033142048646405549385038592
[23,6] -2262191655703758493091433974026645228888434732745204736891930607645916032
[23,7] -311055375910331431147462682328798597155686276325536633314768980213193408
[23,8] 2372426455040223504315552719268777130791360639030172732178721484740038272
[23,9] 4362603572056900401965274712114277261068473368863447399164984662128859304
[23,10] 4754655300687158869543159994323413816561865048442998927780707613893274944
[23,11] 3757964541007752811150598841521601874342970045027896512358315309414268920
[23,12] 2261767621063126359142536333438759556360082324080967767163429772155377206
[23,13] 1035339194509452082617921231889864393752329663712453555640223366552455773
[23,14] 340918213113964846704070101049160813585087455930169935234137129276174064
[23,15] 62792535429093682441802006861299430265806392102603655318955241053668937
[23,16] -7716122317626580719332861727096028091404804842202049705775275651610894
[23,17] -11181509409651474994271536829807213512617307960805784174115486158034747
[23,18] -4747632237456957752997470013613965086943107361394039524139123370893548
[23,19] -1226511594842266776441266177102757741349727099394720267207510932545383
[23,20] -181652407650673624358810656978037640252633293696042769379064746178340
[23,21] 375020536153532227218142976723414615215373564595086849372018732079
[23,22] 8033759934757508550766081395345911149228687109547438672577667296044
[23,23] 2251706984024264818963970523829383289207500875219530944146957274805
[22,0] -57921904037659372175625621353463109554899669174082605538840509656596480
[22,1] -564445793292903491470239614619807367527099361421087329657316954811138048
[22,2] -2541708301041847648993259978732204382320935868028839835940282140006875136
[22,3] -6905079397071265187211642686330695463340462838459360033770381553110908928
[22,4] -12225014895009211792606395587714100449172788741937139840787559467737976832
[22,5] -13567478017283950675786451283408141629149948937874404540705332026962967552
[22,6] -5847948364396418226688486086537316006358211194204493639603199949801562624
[22,7] 10255367838519704400773214334980763056755740832267802491959678059028571776
[22,8] 26922161472876131727817301809794182338224296743506865353693410239527799104
[22,9] 35202394824107601334237888618812355286804417030154877453769387558595318048
[22,10] 32230414877203452597942276889489628356479573291347074814969761961647423944
[22,11] 22246945451381964741836346705295832480222106669633923746960338613940042976
[22,12] 11728079424072181595427242031773587106727254407992298079084707799309235312
[22,13] 4576390678649399814620386344729636967447611472172131052109100032810343054
[22,14] 1153570705250541586581042518234229032074888642007174943964445362555421040
[22,15] 50506131721362835296461653570453475888937341640221213141495642366838696
[22,16] -114635330102073701834596418771848236593513211551125396216871553385939851
[22,17] -63658922081234431388423275308951605468364956578300877714733668144202174
[22,18] -19118820819451012481669891898358344879879044773825173507435831730893078
[22,19] -3174720218604276192455038608657677454777993769220931993229784740198380
[22,20] 21774859872550804820739461320288944905548780455638196484918590609792
[22,21] 179045144624094814080582097405462538812711976789137389056574137615052
[22,22] 54183754791445570462491311816319031966406779610571258612181232235132
[21,0] -321374383318529261696157650922088745352876003979147070652563563198021632
[21,1] -2960670938431248997263754536599168650843435606732339036589647000133173248
[21,2] -12304902389187435411756867064333669449710423641647319531225256174381432832
[21,3] -29521461599953037004891940820102627640583142884987545762271765170126913536
[21,4] -41277432288984741093467746299166978973356611477374269673526225845448376320
[21,5] -19982987892974257640818118334139663080104528006098386516743757026011938816
[21,6] 51216758518673457344413405318654685267874660796292359542236660419476222976
[21,7] 150765134272769325268531631954211525123419617306247222544496903372048406784
[21,8] 226612008631719620067193607659904370193049525267269211343742482679108496256
[21,9] 238563295017432245158788099142514374006176331428377357364376605886299718016
[21,10] 189767532153405699601248201823114031366065933570875923783344358562514513056
[21,11] 116513296720910795399951334448312822151242148633865242515031614172795038056
[21,12] 54651300953651803179345162954822237394130670072641801824776698563013244672
[21,13] 18491846064383518146647525976684562430488964413054168985101962032822105232
[21,14] 3582090569893087927559193332231002288945386525533739075319832192494402458
[21,15] -304175924988997573490396516899667270186787317399035633003493958702075949
[21,16] -529489457936534928497844698809197767128440908096394636448717716074234964
[21,17] -204596109202552841273174039582812129243428078285111415420151957637017451
[21,18] -37246801429738172304378576245677558842781546776058899903964931510293724
[21,19] 2195511449045349174740535358188041665625602886984889900599717343106683
[21,20] 3598592513938678918487203748994072587914058107772537548670047106594028
[21,21] 1141818933487072230830516097896250688208473746345371234572443522769157
[20,0] -1076969425113403060246468287859262372877752307077006262398244305126817792
[20,1] -8870983234378993899782853519551505987550952598511655357897344020432027648
[20,2] -29849032074791009162244326598919405447459862915551608196191472208828170240
[20,3] -41247211986167290752229443598979837362266000683967891956224138987887132672
[20,4] 43500211571027554648293153512543569904041169802818793627222854198612262912
[20,5] 333010104033359708354869291158061852492125402375829513671820628452635770880
[20,6] 823585830174240802801195391875127751425779752110180007567211560742480797696
[20,7] 1320142011430479455727289020168964086462591864858496999139584252620925283328
[20,8] 1555526902546581715557830665473855505065704174400494060595257439017703087616
[20,9] 1411913680305049774722790982443990183162220535232166463776473415884995762816
[20,10] 1005480101428135362572558379319178877108235686072185613387619233766078157376
[20,11] 561996300212196089070852202780716076710149425906366199548103441431713852928
[20,12] 241679120688016094138981546848227589839313920525290902254561533796843903138
[20,13] 75293647138601954143268696920405259344052406833874108462135205383226470024
[20,14] 13843198280542696065891459973975068094427593436411310890415072213384295564
[20,15] -360703181756512328440174749965780106493252764430950319505852664571188162
[20,16] -1044803602655846553732515775347460551377775672528333933236835117810726244
[20,17] -199379280879259636663858494479789973727740582884338370307455474929862364
[20,18] 79023903863614902404815823649962895838210168549352349622022034834396240
[20,19] 63515100521220835437143429733407102894989232857440077512866712613544756
[20,20] 20843206573521426902599389508187828169049834432694766289236554864598142
[19,0] -439030764509752718923469536962644507069853544183229120560675443783499776
[19,1] 5509913789684716798097391652245731638199621838766057037988139350664151040
[19,2] 88410486289449716619996089752093295817175718398833291036591168899757637632
[19,3] 501755929637033619111637829059708234769174709993607090380147454647009804288
[19,4] 1684402639972057304515421363253734292421785280655620069286062016891007795200
[19,5] 3884855029698938197739681346061005835583488587253498398773451633841883185152
[19,6] 6611357294022285529445595543081113352342617809683586740821649285013867511808
[19,7] 8642755251821463483890228251872456303262266582773155598585276768287933788160
[19,8] 8886459539574640531402325836433357050630590989090719720634810856000207209472
[19,9] 7278847237795193544958269105014392686000431633501151579735905448237061285632
[19,10] 4767874038951424126614436318150991903572717837610617957285655418417761724800
[19,11] 2483874303418198111069939177050062841215771794451431440052878405704808160320
[19,12] 1010781184113303666936585512404092948456131735185455623057817498279533407272
[19,13] 309216989165409816540155222513325234590468936557160031581774844686577373234
[19,14] 66169851959391914141519713828283164170623470902671746520695848429797357088
[19,15] 9436086534235460372019657984351269304359800452597810388532739621002261604
[19,16] 2264328013613931203265362207542793060286414551755595634013800732061179170
[19,17] 1711984924891304944479749327728258585708467527521990499352523055718769971
[19,18] 944845185551605669036803188632749190766749373278814031143341143957805248
[19,19] 321581055703840046532128500946011087940495764289639349031451424526247646
[18,0] 21938853373300795066125274057384501589144946637936176616112074055479197696
[18,1] 257373802491111836239654872903348087594595126196101080339674130411128094720
[18,2] 1460275144451282285109041689282764828681057463797049010620606900560382132224
[18,3] 5270901759730146241085202593575237627388196020355819336264988489681125507072
[18,4] 13473738331808600343462458744545276133182874027127826996637406084716581355520
[18,5] 25802174526896794003535809788044268114042594954216409146641438256659446628352
[18,6] 38283305361380236468500222627591776853959811995921548271736870957984656785408
[18,7] 44952364829723616799056351827499737893944636556542707001009752514420773044224
[18,8] 42315703098200789471846768341157879827923219200910791635809938403823159541760
[18,9] 32140729858372506782938435043993892588278838820556734112972348499076764720128
[18,10] 19706993060263348217789241259555745592833505421572817676922581695204806532608
[18,11] 9698581823472211366571826726041049585886715916296321601264726310240348368768
[18,12] 3785702938115963449728585861598417260345021252543693642324599614295022117184
[18,13] 1157204577084550882131881097211487815314530137759702083243207166644723923016
[18,14] 283911601278863926097830955351929843093231288245689676132667660860235792962
[18,15] 69451195827059054028058826237035512321526345323247525416367499564560418312
[18,16] 25299674047293578026668278485846668954466007331944909471411825057738182872
[18,17] 11289197750546056312957230999644694862276717746959686255896502379505797202
[18,18] 4047190168888205253717480956734614786771444115510919469876831170068340842
[17,0] 177611186024298257022648405175968582032014850727082435381326051846018564096
[17,1] 1875002622212043036370121637771500594708217800089454166292436600463374155776
[17,2] 9550912136458427384277294401223596620271546725165537216680294568187303821312
[17,3] 31092635444914990267730865301863941878010988056645340689261533010281466167296
[17,4] 72253996277319116211848760719131863781246910812676322407590180821621201174528
[17,5] 126887835957219042069684436018877787019877100524730592370386267542979173416960
[17,6] 174045672425325134300249928542270216154295636125708563705955058372834738569216
[17,7] 190195800514680533814994051387419849755300615774163847862079960625830217580544
[17,8] 167474674505694205737575947008775200228105682646327469151499916215613820731392
[17,9] 119407291970742080439271518067376691182886326484904075335512295421825092501504
[17,10] 68887151814277440811434327911236432387591992156871168077146933981828679896064
[17,11] 31972877386407876800846878878852934125737896388378114394689816077949070334720
[17,12] 11843429727619663617016589457128234366841891884449166689033298350413967923456
[17,13] 3517300057292875727311348850311358300096560588669117903805535465671517690336
[17,14] 906394926527560204011067696405714835845541597507109102724653619632532017952
[17,15] 263095477659559245988519143243569824099673852795683926924494893440572709204
[17,16] 101920045432507207927275217099622393673420723027720836014344313424816583336
[17,17] 39452328806559723141110425216920607683527484252403509646374089797376487372
[16,0] 904639482038716231922134260354965506790960291177954653398585322978198683648
[16,1] 9130184638363126935217615318876673421961637953399736026678596668800408485888
[16,2] 44193040547238604723186605712953030349206942978201651524177527859522222161920
[16,3] 136182861378148457214490624363050286723588363573080387804383556780881438834688
[16,4] 298948928533332156903042110823383049867414018235618397952988586031331529457664
[16,5] 495513877984169953511633659809552165229459124655674304037958280639552637894656
[16,6] 641271076750991603257555129245886189064409330672093227667519777509875720912896
[16,7] 660804690250299623256072807952558741086030074702188761434344057442055077232640
[16,8] 547864119198723478671028480409814627727825067378108757909930774978832899244032
[16,9] 366632566624198430371713875683207125731430191847894512537951922578535380287488
[16,10] 197366274076212929570686811091025803376377629024234480434076414575239903989760
[16,11] 84644795090490782662148505747516713423108317750681499629927676542751360283648
[16,12] 28567965145392112901186532540286349459763262360150615059140858815025794131456
[16,13] 7664221983715241061545267780200810983489197225856371447747535009603987904000
[16,14] 1885926725801584762582429444208126874972452865056549113604394490251704743008
[16,15] 619789907184652268278883980819694316828573422572239546368697464358942151728
[16,16] 270523397757944889450824083831609894619342876346697549481487779922256775220
[15,0] 3527043183337633850511860503320636129734465137117237872786383721240503255040
[15,1] 34495353362384973171031379517966104449494556340052681979535185908404167114752
[15,2] 160988943523925620777360573509036616289885757090500254421512334719817223241728
[15,3] 476222348668131644587148241027689600104046826486776305412429813059039837290496
[15,4] 999625331037978620367732967338763170607716092633308419316561577584853111537664
[15,5] 1578521824049195647917688944303744244583910870018127430058915325818034257395712
[15,6] 1938492347435093211483463278566729540843474139150504991444177000266291262521344
[15,7] 1885928857854230936495793034083884257420600806259537549738663456574845265903616
[15,8] 1465344122043090653445500704194434081077657512214963236952349908682690637594624
[15,9] 908070136998060224921877148130698575285138136927780955413717160818753865711616
[15,10] 443313055606484320689157297838013657816739478168933649306038956367661754417152
[15,11] 165742032474073861883031788032228323317198485875623509437357147121262712127488
[15,12] 44985676645152117008937408161904645384926586336765529802998006740101442331648
[15,13] 8313337075320957919832543000736220051585730244845021817935628844330892600064
[15,14] 1529419992365760705790659162775363774716632515876391813438415989065567858560
[15,15] 928704074524669744362962863737983902228221468569337874921312872881315377600
[14,0] 11162174322236001683338956300032546438075704330644435456231711498959528656896
[14,1] 106176450064919005830518016302223757672510160091436952988915562638013907337216
[14,2] 479744049304122836008552208770224975756591305859954168988057726182743447961600
[14,3] 1367476041990274929841139885819489599775554338620723866315756286537704371388416
[14,4] 2751949770308511507356102321293688995314569442456881069215580185967608763252736
[14,5] 4141888383208164493917530854991193781766362864032400909777042721287456354729984
[14,6] 4811675404516596134183333815238675763797368284579636432842152011344251088535552
[14,7] 4381045365207936390734545182005483207733882388506415746423972471888024510136320
[14,8] 3131385677180642255600824377281802406138899231105579673045293161948295057113088
[14,9] 1730305490070828443806055589076192878786222249360376504234251339685867379490816
[14,10] 704972129476837913833567675170825842138515201402635284947750704401280971046912
[14,11] 182862926103102550976686086627039034742984644234049173983003608610816242712576
[14,12] 9641682606724453998436099522488750915623794897838375540971949025436005838848
[14,13] -13766973634979578704789172025436044760335610278745256071615437264485115028480
[14,14] -4222186726544403837131725266120978892137459625323427904165661990822803444224
[13,0] 29374610449981331295569741353595528640318541185645496736049427821718960865280
[13,1] 271737231226675381790631739346612636664294896234197335480844907773155115794432
[13,2] 1188401159315337413712242620398229912256197967967603680078525991248679256719360
[13,3] 3260527965141396929610117697064745692686452106373511266073409258146142227529728
[13,4] 6272450632973712245956179495096140356413711883188229877374900912249813258469376
[13,5] 8942191380769835158420353104380047852834577789591089113783062497433510578487296
[13,6] 9708545109646226335694282639057158761351646533069148323412609127084658303959040
[13,7] 8080620580694190139547842502534029988423589667277912363401081764626790017400832
[13,8] 5061955389975173379145813130374117493766611846839051142063795148232624145694720
[13,9] 2217548330560667110783488055852063445982431917939788876756258751688411213463552
[13,10] 486452932291964078780593992621410639488392128945406254917884999517727538544640
[13,11] -149959775700455879678557337566674603140444011974281866237605329254853017927680
[13,12] -194761395942958720807651105110212392114893298535365775816315840106246216155136
[13,13] -87272200305682830964539991347079195716228469499425072510435077810264952496128
[12,0] 64953973459929794113916798640768575620207117135084371226576911504702753996800
[12,1] 583096828307161090220126780255322606408121436860759346216688728268071554252800
[12,2] 2460771463530504961084271174654959139728328983952994219523272549264498786041856
[12,3] 6467344294188967731065858702864948728518979960352606992431051906109399816470528
[12,4] 11796855023449825923775558244543644428754208487407261632261204863818463631638528
[12,5] 15700484728260936009933017525960187738732208927613051725457988726966250981294080
[12,6] 15495937267658169446181446520232108260996842822177240760378874200041207950737408
[12,7] 11111036997948857291081003406457809659240935682412065742593090769387801387466752
[12,8] 5187423905464748145904094176900993115103698717167956028006564905656407371546624
[12,9] 689472187537685106262887598437577960498778292834740186158995659446881160790016
[12,10] -1233230142718831967045745362332686611935768817444639364741354692214295417061376
[12,11] -1277619931359064408618579909504312681415957314341809818905134517795410308497408
[12,12] -678009952478730985843869245286167669443545465418293503838309005423054141521920
[11,0] 121075915098847048131885392638609215779959716519343937211029906729730048000000
[11,1] 1050693123114560072119012667580690685183636661286203944387455646163462101401600
[11,2] 4254791330088567437421301285470497227159703108344689691468679499390484993802240
[11,3] 10615743059658825544857016109188313429166239969454775455934357207929306809892864
[11,4] 18074644217675539107380965528792167304272923114855223870696995536292346171752448
[11,5] 21788996828884473899494615835350851606255431972136765088731758667633304635703296
[11,6] 18261871837835895736504361381118724603884675741335218726465841291195926815178752
[11,7] 9130551205690440575701749379574984765077942560452139399026125406510610376556544
[11,8] -145963269995693631967329266135261172117629842592192058550557164336191627067392
[11,9] -5147888427646469452928576665595989499104333465686177163739862074066887287767040
[11,10] -5434216749392972816013335975017688854070067934879153139322879210560817532502016
[11,11] -3356080998761541515360700010166852458418205978976256937230728166867642270875648
[10,0] 189984235701872765971513830324468661301637606818894667003749042498033418240000
[10,1] 1584700544436479271669401084511358586103172223981665213726379810894597062656000
[10,2] 6103037803829128492792761168065242724908547763606407668064517066161260383436800
[10,3] 14233700157105795580969311864704059251292389471929799380692243778851701616803840
[10,4] 21946065976554329071523515709594178841498943661017002724950012224268514642362368
[10,5] 22307365958809285387408941492219448497369140496390041815513617442651940528848896
[10,6] 12378379207773247455917148830401499699556266961039377351326765876624055731224576
[10,7] -2608659120031281045217728160141502701198813638173415411109670085668772935368704
[10,8] -13662198453976930012461502582139204852238601917303690845131918279435866202963968
[10,9] -15956172819065723088537651412100472834957698987218397166585469952625908838825984
[10,10] -11514788027874991103077458077174971942731404143606456483211510198572814845345792
[9,0] 249699519471628042741867215762619349537062339789428464725422928128953548800000
[9,1] 1985902617495915214948714365520691180532925502910968138358658767259026063360000
[9,2] 7173032261059321245665812687143590141341679451045864093178464897683272237056000
[9,3] 15212287559161000246038821250421019832540173008205500798591514369088558832025600
[9,4] 19860742884310635044037879252251819701186065522294436597767159360957263307079680
[9,5] 13256062815294018577379871916496446435894054392793525555708006775741644101648384
[9,6] -4764894545620854896210348703821591143192841496402361329083459670711164465053696
[9,7] -23966519584269242607560312332562198303904195591050715356002849432947627443355648
[9,8] -32633700455667165875499145319354215215002285491920314095473893308168832827785216
[9,9] -27843688667647829971590619638691772788383659822875919483005949474225285507317760
[8,0] 272670590871546793518754013841693864861048541407274075244111400215248896000000
[8,1] 2044328751278480898331926683166527971332830184761818664215699512050162073600000
[8,2] 6771527054513935332340801837617502340790211985849823755688183996408932597760000
[8,3] 12360797961235892265801181099330285953357750769305252568865019228466848989184000
[8,4] 11129113956126488618054248218860973036446639469861460086156959698392245600256000
[8,5] -3596528522209869356576670456418619036002445359286706450552507014330300686663680
[8,6] -27460427753202562633077939974811340527666348176097310848559500679891482316898304
[8,7] -45853770970421548826181700030991525110277774112346849134681079104561511170834432
[8,8] -47082201688246128820508610600829044826859224326566523423599837258421517730971648
[7,0] 244713561011579058923581433516504025093654561121247641895487165243064320000000
[7,1] 1702114049159006285442762266533377923388273697186773659082924539875688448000000
[7,2] 4975959722112970928680764891410436176570961400449411986144390522701715865600000
[7,3] 6829767790636735594776336766137121170568115730112123915241081069029640110080000
[7,4] -151339984845075761623961235784620999800570674355165143960409300513216004096000
[7,5] -19556293659123428583265946667054406113325664594407155782683816286577876585676800
[7,6] -42885831186716550520449294997168349562469862036292024302854073389539025024450560
[7,7] -54384920208316515856445978069611603605661610627249657814734695584439447194697728
[6,0] 178192738441251430827963621187470614359691764982609392507699719045120000000000
[6,1] 1125012717798363447450255176090758541235888002950326999987082281804103680000000
[6,2] 2706147890171258529033668040317387945335974449231004195461632067182264320000000
[6,3] 1580464351483512463408911543844141321156094101191530812402723528701797990400000
[6,4] -7677745307012163462543178115911522947801139092200385158062428862572008570880000
[6,5] -25237249916878796072321094101711332592579335466376489974311490495293276815360000
[6,6] -41205410350657577769486060086633886493964943754559568261159397342968679917158400
[5,0] 103954135830777541040136420743105592255004269252836656040511981748224000000000
[5,1] 580679361207964307077507556188351519573648907254069460134670411130470400000000
[5,2] 1003332627291167835031390351388626491940172003959831125273342206017536000000000
[5,3] -1053138185993435790305526150059034648959154762174512187927949713120165888000000
[5,4] -8377093400318387414505049917862344628462754359600973656158634444957365043200000
[5,5] -19099985090504848422628072165948082628960621749220304182282815278283583651840000
[4,0] 48235766604012548317173493755285411901284341817395835665564030730240000000000
[4,1] 235579664678672438133971466227120111607466848178762644354373754290176000000000
[4,2] 234053431896863457498511895182941270804769710796864063703241848153702400000000
[4,3] -1147059220664450613621254165107740925810312721171605806470122077526425600000000
[4,4] -4699534249619850870162224249279789719138958669390847146855646828863422464000000
[3,0] 17896307983172168109965777674734664473800091055311879176985142886400000000000
[3,1] 81067889043583882131862538914721615881696453010708147622739559055360000000000
[3,2] 64453695958339262038927291536321973457819526220282676628138567401472000000000
[3,3] -367564763987517989269840683144399193758466857898780928060472963366912000000000
[2,0] 5356304698009444357331862664905967556208057418261966950393446400000000000000
[2,1] 26811315202450475329471164344549842001191865673972472937565703372800000000000
[2,2] 51139457097947437445234613308447735487955511813736545198660974018560000000000
[1,0] 1218840922174980525811649064028069374658336409530408564036730880000000000000
[1,1] 7735971078496690463141965502511386444530420437915346788012785664000000000000
[0,0] 155568875515793677311599557498962925153803478833508721570611200000000000000
