[1,1] -1
[4,4] 12633234
[5,3] 5219062
[6,2] 258274
[7,1] 73
[7,7] -527767873116
[8,6] 409177330868
[9,5] -193700216041
[10,4] 47843424594
[10,10] 232433266252890
[11,3] -4699373321
[11,9] -187134921680568
[12,2] 47785654
[12,8] 96243833285950
[13,1] -2190
[13,7] -27938017012787
[13,13] -44624125774075514
[14,6] 2138940294540
[14,12] 37162614198788341
[15,5] 1843170067847
[15,11] -21038220184014170
[16,4] -774501036082
[16,10] 7397289841395426
[16,16] 3761208755740962262
[17,3] 94503559411
[17,9] -1144487929057857
[17,15] -3247532624498461977
[18,2] 972923852
[18,8] -175970549960138
[18,14] 2092387936673905312
[19,1] 34894
[19,7] 100435408698587
[19,13] -1025483558196033344
[19,19] -149286246105518231284
[20,6] -22576583973384
[20,12] 429829699291590128
[20,18] 133084918552673434742
[21,5] 5991910524497
[21,11] -201708621801144782
[21,17] -94355940077626947913
[22,4] 1011088495966
[22,10] 108841355143275592
[22,16] 53729437940320198872
[22,22] 1174720750772322570014
[23,3] -517446463998
[23,9] -47019708301671340
[23,15] -25954985568305794951
[23,21] -946052722325651560099
[24,2] 1351832761
[24,8] 11309623286095948
[24,14] 12503291022568589112
[24,20] 399110534301762322820
[25,1] -319229
[25,7] -238790583949414
[25,13] -7147276069083476408
[25,19] 161816423522191287800
[25,25] -34843880732461861890745
[26,6] -482276167627038
[26,12] 4369554829540595393
[26,18] -492364235934089056248
[26,24] 31734174704911522570002
[27,5] 38883351757695
[27,11] -2290992714116334745
[27,17] 541898776775633756270
[27,23] -23821513225472097391294
[28,4] 10880252130728
[28,10] 922396596498555903
[28,16] -414625775026898641284
[28,22] 14400150126531308835461
[28,28] 70367045601911985712556
[29,3] 770077534214
[29,9] -278947428696612323
[29,15] 246438746223574564362
[29,21] -6601504050846916879813
[29,27] -56458977633348912762934
[30,2] -6928200488
[30,8] 66323709652574259
[30,14] -118295390959268342556
[30,20] 1881415619320565612677
[30,26] 21902204084373014393252
[31,1] 1700097
[31,7] -13602429303026034
[31,13] 46559847969652271526
[31,19] 69269606480931778859
[31,25] 16605399547197164525114
[31,31] -1536665939557002855634228
[32,6] 2303496570160631
[32,12] -14945158873075263190
[32,18] -407826162207718530050
[32,24] -43315724637581435141928
[32,30] 1437130830590405741917486
[33,5] -203733666324901
[33,11] 3704328233051326541
[33,17] 192202697242186043603
[33,23] 51582136203139384412633
[33,29] -1175010671702433252146040
[34,4] -6294124128529
[34,10] -554992636773100624
[34,16] 21045896572674974322
[34,22] -44700341874889193319954
[34,28] 839258663749471816214492
[34,34] 1797549865540967036232700
[35,3] -460296937281
[35,9] -38174802918378768
[35,15] -96255117914599441182
[35,21] 30892335900606713702571
[35,27] -524702607168476498769164
[35,33] -1600447758590197896723642
[36,2] 5666182401
[36,8] 51860245135934384
[36,14] 82347551678833479892
[36,20] -17493251743851442142308
[36,26] 291011660784256440515110
[36,32] 1092791769884003199776908
[37,1] -5155260
[37,7] -15675055838905721
[37,13] -46429179078216238444
[37,19] 8100903964484507397879
[37,25] -149870583352726571085008
[37,31] -476986587724779468993962
[37,37] -5061322085747643684206788
[38,6] 2586555580205124
[38,12] 19943885453303601660
[38,18] -2964354923359842274840
[38,24] 79428595164625011098835
[38,30] -36630666933224089627816
[38,36] 4619989325731568494304404
[39,5] -238437231638957
[39,11] -6785954731378495958
[39,17] 760247416167885322778
[39,23] -48490779182812527277747
[39,29] 327777944097691191944418
[39,35] -3463020087904341376989260
[40,4] 11700288688958
[40,10] 1822838975839120533
[40,16] -59221350216145290424
[40,22] 33566700847886888609469
[40,28] -395675275001186206528980
[40,34] 2002121884116485129346673
[40,40] 1797549865540967036232700
[41,3] 261198031425
[41,9] -374191252768497381
[41,15] -66768656416784178055
[41,21] -23321299320005045192111
[41,27] 320130742371310876150362
[41,33] -685661075154678265271122
[41,39] -1600447758590197896723642
[42,2] -331972172
[42,8] 55354550513000341
[42,14] 46789169342122357466
[42,20] 14822857330639524834055
[42,26] -196870098654545862762168
[42,32] -195806357483027922418943
[42,38] 1092791769884003199776908
[43,1] 8523188
[43,7] -5454090360360659
[43,13] -18801471134053219996
[43,19] -8293126504598742103162
[43,25] 91234335843726421189345
[43,31] 585692854306842135723912
[43,37] -476986587724779468993962
[43,43] -1536665939557002855634228
[44,6] 350798115864467
[44,12] 5387186960788505380
[44,18] 4035742887546470167621
[44,24] -26811363263358086866552
[44,30] -607468696142527295861120
[44,36] -36630666933224089627816
[44,42] 1437130830590405741917486
[45,5] -20826807653175
[45,11] -1112807391321238352
[45,17] -1701933668396322802685
[45,23] -1417859174297678718356
[45,29] 447932161436402751193280
[45,35] 327777944097691191944418
[45,41] -1175010671702433252146040
[46,4] 2151303919319
[46,10] 150276113381242580
[46,16] 620263764994733229427
[46,22] 8401548154096444368052
[46,28] -258814785338044173751556
[46,34] -395675275001186206528980
[46,40] 839258663749471816214492
[46,46] 70367045601911985712556
[47,3] -123451331782
[47,9] -8063193829679384
[47,15] -194451491382248272907
[47,21] -6904605572668708307865
[47,27] 117461135428860970487396
[47,33] 320130742371310876150362
[47,39] -524702607168476498769164
[47,45] -56458977633348912762934
[48,2] -1125937911
[48,8] -1247307113449156
[48,14] 52038587016404565209
[48,20] 3877536111486926795842
[48,26] -38481518186945515098168
[48,32] -196870098654545862762168
[48,38] 291011660784256440515110
[48,44] 21902204084373014393252
[49,1] -7301314
[49,7] 302042066256215
[49,13] -11760317701616573856
[49,19] -1720438823393427605404
[49,25] 5308961636063170997334
[49,31] 91234335843726421189345
[49,37] -149870583352726571085008
[49,43] 16605399547197164525114
[49,49] -34843880732461861890745
[50,6] -29480003685452
[50,12] 2214723624009681785
[50,18] 628517523481572997016
[50,24] 3796741055439018224910
[50,30] -26811363263358086866552
[50,36] 79428595164625011098835
[50,42] -43315724637581435141928
[50,48] 31734174704911522570002
[51,5] 2151353087447
[51,11] -343657311128714478
[51,17] -190912939817869932081
[51,23] -3898460830175934196552
[51,29] -1417859174297678718356
[51,35] -48490779182812527277747
[51,41] 51582136203139384412633
[51,47] -23821513225472097391294
[52,4] -137587379114
[52,10] 44262877014590305
[52,16] 47805614728600968390
[52,22] 2184935665028200435422
[52,28] 8401548154096444368052
[52,34] 33566700847886888609469
[52,40] -44700341874889193319954
[52,46] 14400150126531308835461
[52,52] 1174720750772322570014
[53,3] 843450468
[53,9] -4974636649035628
[53,15] -9586247361226510897
[53,21] -917090879878385546542
[53,27] -6904605572668708307865
[53,33] -23321299320005045192111
[53,39] 30892335900606713702571
[53,45] -6601504050846916879813
[53,51] -946052722325651560099
[54,2] 373581150
[54,8] 515113995651203
[54,14] 1432307254790883960
[54,20] 307789841749858076426
[54,26] 3877536111486926795842
[54,32] 14822857330639524834055
[54,38] -17493251743851442142308
[54,44] 1881415619320565612677
[54,50] 399110534301762322820
[55,1] 2988474
[55,7] -45752476376290
[55,13] -124291466856234431
[55,19] -83353301860136203490
[55,25] -1720438823393427605404
[55,31] -8293126504598742103162
[55,37] 8100903964484507397879
[55,43] 69269606480931778859
[55,49] 161816423522191287800
[55,55] -149286246105518231284
[56,6] 2837635191715
[56,12] -5246919601995228
[56,18] 17709189461070962678
[56,24] 628517523481572997016
[56,30] 4035742887546470167621
[56,36] -2964354923359842274840
[56,42] -407826162207718530050
[56,48] -492364235934089056248
[56,54] 133084918552673434742
[57,5] -86817637246
[57,11] 3930655191978839
[57,17] -2668037004058052002
[57,23] -190912939817869932081
[57,29] -1701933668396322802685
[57,35] 760247416167885322778
[57,41] 192202697242186043603
[57,47] 541898776775633756270
[57,53] -94355940077626947913
[58,4] -2073284753
[58,10] -705214810209870
[58,16] 167497485802047134
[58,22] 47805614728600968390
[58,28] 620263764994733229427
[58,34] -59221350216145290424
[58,40] 21045896572674974322
[58,46] -414625775026898641284
[58,52] 53729437940320198872
[58,58] 3761208755740962262
[59,3] 391344386
[59,9] 73567234403316
[59,15] 46000665117520148
[59,21] -9586247361226510897
[59,27] -194451491382248272907
[59,33] -66768656416784178055
[59,39] -96255117914599441182
[59,45] 246438746223574564362
[59,51] -25954985568305794951
[59,57] -3247532624498461977
[60,2] -11489543
[60,8] -4750356751242
[60,14] -18048932018990772
[60,20] 1432307254790883960
[60,26] 52038587016404565209
[60,32] 46789169342122357466
[60,38] 82347551678833479892
[60,44] -118295390959268342556
[60,50] 12503291022568589112
[60,56] 2092387936673905312
[61,1] -483698
[61,7] 109761798148
[61,13] 3147673361529136
[61,19] -124291466856234431
[61,25] -11760317701616573856
[61,31] -18801471134053219996
[61,37] -46429179078216238444
[61,43] 46559847969652271526
[61,49] -7147276069083476408
[61,55] -1025483558196033344
[61,61] -44624125774075514
[62,6] 24449719180
[62,12] -238588974759270
[62,18] -5246919601995228
[62,24] 2214723624009681785
[62,30] 5387186960788505380
[62,36] 19943885453303601660
[62,42] -14945158873075263190
[62,48] 4369554829540595393
[62,54] 429829699291590128
[62,60] 37162614198788341
[63,5] -4473764850
[63,11] -22586713264460
[63,17] 3930655191978839
[63,23] -343657311128714478
[63,29] -1112807391321238352
[63,35] -6785954731378495958
[63,41] 3704328233051326541
[63,47] -2290992714116334745
[63,53] -201708621801144782
[63,59] -21038220184014170
[64,4] 341116444
[64,10] 8373625284275
[64,16] -705214810209870
[64,22] 44262877014590305
[64,28] 150276113381242580
[64,34] 1822838975839120533
[64,40] -554992636773100624
[64,46] 922396596498555903
[64,52] 108841355143275592
[64,58] 7397289841395426
[64,64] 232433266252890
[65,3] -8770512
[65,9] -922216019534
[65,15] 73567234403316
[65,21] -4974636649035628
[65,27] -8063193829679384
[65,33] -374191252768497381
[65,39] -38174802918378768
[65,45] -278947428696612323
[65,51] -47019708301671340
[65,57] -1144487929057857
[65,63] -187134921680568
[66,2] -318280
[66,8] 18035862603
[66,14] -4750356751242
[66,20] 515113995651203
[66,26] -1247307113449156
[66,32] 55354550513000341
[66,38] 51860245135934384
[66,44] 66323709652574259
[66,50] 11309623286095948
[66,56] -175970549960138
[66,62] 96243833285950
[67,1] 20002
[67,7] 6907565140
[67,13] 109761798148
[67,19] -45752476376290
[67,25] 302042066256215
[67,31] -5454090360360659
[67,37] -15675055838905721
[67,43] -13602429303026034
[67,49] -238790583949414
[67,55] 100435408698587
[67,61] -27938017012787
[67,67] -527767873116
[68,6] -807241446
[68,12] 24449719180
[68,18] 2837635191715
[68,24] -29480003685452
[68,30] 350798115864467
[68,36] 2586555580205124
[68,42] 2303496570160631
[68,48] -482276167627038
[68,54] -22576583973384
[68,60] 2138940294540
[68,66] 409177330868
[69,5] 27393980
[69,11] -4473764850
[69,17] -86817637246
[69,23] 2151353087447
[69,29] -20826807653175
[69,35] -238437231638957
[69,41] -203733666324901
[69,47] 38883351757695
[69,53] 5991910524497
[69,59] 1843170067847
[69,65] -193700216041
[70,4] 1588918
[70,10] 341116444
[70,16] -2073284753
[70,22] -137587379114
[70,28] 2151303919319
[70,34] 11700288688958
[70,40] -6294124128529
[70,46] 10880252130728
[70,52] 1011088495966
[70,58] -774501036082
[70,64] 47843424594
[70,70] 12633234
[71,3] -195640
[71,9] -8770512
[71,15] 391344386
[71,21] 843450468
[71,27] -123451331782
[71,33] 261198031425
[71,39] -460296937281
[71,45] 770077534214
[71,51] -517446463998
[71,57] 94503559411
[71,63] -4699373321
[71,69] 5219062
[72,2] 7957
[72,8] -318280
[72,14] -11489543
[72,20] 373581150
[72,26] -1125937911
[72,32] -331972172
[72,38] 5666182401
[72,44] -6928200488
[72,50] 1351832761
[72,56] 972923852
[72,62] 47785654
[72,68] 258274
[73,1] -146
[73,7] 20002
[73,13] -483698
[73,19] 2988474
[73,25] -7301314
[73,31] 8523188
[73,37] -5155260
[73,43] 1700097
[73,49] -319229
[73,55] 34894
[73,61] -2190
[73,67] 73
[73,73] -1
[74,0] 1
