[68,0] 1
[67,0] -35242
[67,1] -220430
[67,2] 4918872
[67,3] -14169227
[67,4] -62985159
[67,5] 465379454
[67,6] -724767341
[67,7] -2535786453
[67,8] 13484558690
[67,9] -18740810463
[67,10] -35488878049
[67,11] 193669146827
[67,12] -296123361488
[67,13] -167169947347
[67,14] 1583000643425
[67,15] -2888720845902
[67,16] 829371231633
[67,17] 7346782377574
[67,18] -17420679858715
[67,19] 14790369395139
[67,20] 15214582952282
[67,21] -63625195917404
[67,22] 84082065707932
[67,23] -20464081618536
[67,24] -126549084238556
[67,25] 254574052925410
[67,26] -211065583966706
[67,27] -62843349614938
[67,28] 418831632235726
[67,29] -563388125539978
[67,30] 296365048992864
[67,31] 270065534084712
[67,32] -742100981496060
[67,33] 744830749088288
[67,34] -243433064541170
[67,35] -411355125796008
[67,36] 764315680040206
[67,37] -612687629680322
[67,38] 130648049703700
[67,39] 315972949481656
[67,40] -467034724928482
[67,41] 321195008112856
[67,42] -62010441377662
[67,43] -123391289474042
[67,44] 165376212691052
[67,45] -107364369010940
[67,46] 28897932488936
[67,47] 19367486512692
[67,48] -30465066294670
[67,49] 21140147036545
[67,50] -8653255144687
[67,51] 937820973052
[67,52] 1718945191259
[67,53] -1714356973706
[67,54] 1012516259727
[67,55] -451557512388
[67,56] 162407858697
[67,57] -48304211460
[67,58] 11992327119
[67,59] -2487539351
[67,60] 428967634
[67,61] -60864207
[67,62] 6988703
[67,63] -633418
[67,64] 43617
[67,65] -2144
[67,66] 67
[67,67] -1
[66,0] 574545569
[66,1] -6221537456
[66,2] 27996721371
[66,3] -43525615819
[66,4] -145480237476
[66,5] 767420445500
[66,6] -613800529377
[66,7] -2879515232229
[66,8] 2699718649936
[66,9] 21291434564681
[66,10] -29812153822647
[66,11] -146450992695223
[66,12] 466170676145853
[66,13] -46858052822977
[66,14] -1965409815329689
[66,15] 3354164139135862
[66,16] 732915359230130
[66,17] -8428240482413692
[66,18] 6185073670646771
[66,19] 8854326050530859
[66,20] -527157794204524
[66,21] -67282751920455348
[66,22] 121139334373782156
[66,23] 36273375617661348
[66,24] -492279153572997976
[66,25] 921663572682550142
[66,26] -656199466105935782
[66,27] -732456693812230546
[66,28] 2821831496354944158
[66,29] -4335036069202812154
[66,30] 3810736500092635566
[66,31] -440237101339611208
[66,32] -5383911092349480058
[66,33] 11913773694979740572
[66,34] -16349010526192440529
[66,35] 15773291623283656810
[66,36] -8590385901082971161
[66,37] -4313364967109861684
[66,38] 19604407746941416184
[66,39] -32911709013255792026
[66,40] 40772320546578653519
[66,41] -41938653908577380074
[66,42] 37438567584006937900
[66,43] -29643143372587693092
[66,44] 21068279852138012844
[66,45] -13531126610873470274
[66,46] 7879634883393041288
[66,47] -4165559947917098030
[66,48] 1998977209166949958
[66,49] -870403544850252509
[66,50] 343956790790812330
[66,51] -123557709547197094
[66,52] 40437250153230715
[66,53] -12021959151993318
[66,54] 3170738555166889
[66,55] -683755612526282
[66,56] 89003674411975
[66,57] 9824874030300
[66,58] -9608029772681
[66,59] 2565966238855
[66,60] -163952106924
[66,61] -111076816109
[66,62] 39318814928
[66,63] -5180224260
[66,64] 52493629
[66,65] 40849364
[66,66] 459754
[65,0] 115706498086
[65,1] -999779934458
[65,2] -1787359776128
[65,3] 42048859695208
[65,4] -126355322362054
[65,5] -163284958261358
[65,6] 1706134171744304
[65,7] -2930464047792479
[65,8] -3784373656923703
[65,9] 21048842079905983
[65,10] -21043775735942958
[65,11] -29400656166763948
[65,12] 56485368921569004
[65,13] 93783860762148454
[65,14] -190114123589834834
[65,15] -724799380942152677
[65,16] 2959703706530490549
[65,17] -3133786330476142221
[65,18] -5653463851058395974
[65,19] 24310484567267402685
[65,20] -33718233235015193177
[65,21] -1801788810268893131
[65,22] 94627179134269309380
[65,23] -181483741646092297061
[65,24] 131797786799307482009
[65,25] 133947291783368765069
[65,26] -492078664444133799642
[65,27] 616191250930324540352
[65,28] -231408315904224667530
[65,29] -553365892699891315801
[65,30] 1193264984069259355779
[65,31] -1097446935435539030716
[65,32] 169673189642601360665
[65,33] 1018493250985664362840
[65,34] -1634611185361786728369
[65,35] 1230303841149597387764
[65,36] -59290245095975642515
[65,37] -1167653657054509958122
[65,38] 1817060723707057228751
[65,39] -1698802977147101353470
[65,40] 1048948671748055333131
[65,41] -262987769669593794490
[65,42] -357903660897557105987
[65,43] 700270676964070617635
[65,44] -794308124346562679438
[65,45] 727768395610793324243
[65,46] -585164827419896356229
[65,47] 425356753403084139825
[65,48] -281912866012161905274
[65,49] 169976026734852861756
[65,50] -92469706343060351046
[65,51] 44846247775668067556
[65,52] -19091177149095491368
[65,53] 6988000746615333134
[65,54] -2132053207061836986
[65,55] 511860328637763654
[65,56] -82881044565822868
[65,57] 2362655261198725
[65,58] 3744475769339347
[65,59] -1456280412876331
[65,60] 327085726524832
[65,61] -51294872347086
[65,62] 6192533961474
[65,63] -697393508713
[65,64] 80811408743
[65,65] -6256821465
[64,0] 1346333728822
[64,1] 105676955777426
[64,2] -668466579154235
[64,3] -1248431676042483
[64,4] 20903167389020954
[64,5] -54636800713030372
[64,6] -69492442898026082
[64,7] 704163192486911814
[64,8] -1410050757524283162
[64,9] -803261013467360772
[64,10] 9807873534164923291
[64,11] -19997633329368792043
[64,12] 4717075612981273256
[64,13] 68227605319518297459
[64,14] -173054820091439464124
[64,15] 160004967184651531175
[64,16] 187034083912392391596
[64,17] -878496913175633961341
[64,18] 1378821352986525398720
[64,19] -637209014813355078374
[64,20] -2095548468604382353733
[64,21] 5870324936344158929147
[64,22] -7256748549059113218790
[64,23] 1851180813950565807709
[64,24] 11407692110446705529332
[64,25] -25701250249145116610609
[64,26] 27058475996792099462137
[64,27] -4106163852453161028874
[64,28] -37860284384012955800193
[64,29] 72131553179615408526763
[64,30] -66091972549496692091432
[64,31] 9771794837516962734104
[64,32] 67801570968414712484163
[64,33] -114945699888926481951454
[64,34] 97414808400186826397770
[64,35] -27320339442674970207720
[64,36] -46662362958030860015850
[64,37] 79156796869606856801096
[64,38] -61473883643689989913202
[64,39] 20841138790122572041574
[64,40] 8192157685246789143489
[64,41] -10883227720717246326230
[64,42] -3413266511873999405064
[64,43] 16437210280000088406315
[64,44] -17502514938005423590688
[64,45] 8252057185165875054865
[64,46] 3298036213431944292046
[64,47] -10637023459784421520053
[64,48] 12145108818275672215490
[64,49] -9783063677686315804753
[64,50] 6277795900809974512415
[64,51] -3362233275128377801110
[64,52] 1539540137765656121569
[64,53] -612169505285088311526
[64,54] 214082489700714304642
[64,55] -66650426260071830470
[64,56] 18685458036142202384
[64,57] -4752027350545746149
[64,58] 1093509398479353100
[64,59] -223715184571641764
[64,60] 39314389366297152
[64,61] -5630248831765137
[64,62] 604786615621801
[64,63] -41024415001505
[64,64] 805988569246
[63,0] -670922398132770
[63,1] 2728510470184944
[63,2] 23801260102781874
[63,3] -136495420866910878
[63,4] -242375439108268396
[63,5] 3130780568474801958
[63,6] -6025718250671631882
[63,7] -14113071945274610176
[63,8] 85048526229006049066
[63,9] -118942490098962353083
[63,10] -204050929149719402209
[63,11] 1080438487129003944169
[63,12] -1523304830991428819846
[63,13] -1052544520301800205196
[63,14] 7897713900391577250522
[63,15] -12933306625920417674929
[63,16] 1788871211307714858903
[63,17] 33604833759626784108542
[63,18] -70358055510872016497211
[63,19] 51414970269662865162093
[63,20] 65947624082554354443612
[63,21] -232803164827294531587166
[63,22] 288604224525441199684376
[63,23] -70543889157403254365201
[63,24] -396312037262686452057583
[63,25] 804474955547245112247803
[63,26] -724247943053556391540558
[63,27] -26680727861402389859060
[63,28] 1092725673201505305661202
[63,29] -1695884603129307082885605
[63,30] 1197938951185132957385543
[63,31] 286223957265524497559085
[63,32] -1800587219078253268270740
[63,33] 2203655373592748137269955
[63,34] -1104828193557841567120791
[63,35] -741596007241293862069814
[63,36] 1997753106164738539630671
[63,37] -1805732078677050606374583
[63,38] 426520381991589521293796
[63,39] 1065011788246448168076747
[63,40] -1680612583672681380495705
[63,41] 1202727711748268065259917
[63,42] -160741748695002515188320
[63,43] -715062505110254290703146
[63,44] 1016773886623558995011042
[63,45] -795862922493743372007083
[63,46] 357812484970233594592849
[63,47] 14698790750881092527548
[63,48] -202101739889930563865795
[63,49] 228458082978133362822027
[63,50] -173682182209652217477366
[63,51] 104597141252445328885974
[63,52] -52702271142803801605760
[63,53] 22792817014248705756086
[63,54] -8582426486634084367834
[63,55] 2837576898715318000824
[63,56] -827353572643417846676
[63,57] 212696098843273288442
[63,58] -47909989063928923802
[63,59] 9318947853305532105
[63,60] -1525959075588821377
[63,61] 202029838191017573
[63,62] -20246642987143014
[63,63] 1351797979273563
[62,0] 33150313442691169
[62,1] -276892009221997802
[62,2] 836628544253666238
[62,3] 3287618510808148113
[62,4] -17548330696223048581
[62,5] -17548741985842413212
[62,6] 239409657578582623838
[62,7] -346421736334984018974
[62,8] -1152381701562491049977
[62,9] 4940252908038524832657
[62,10] -4183563863032478067552
[62,11] -16206546063141854266848
[62,12] 53109633724312461096359
[62,13] -43149603870478874513541
[62,14] -108768070581939255765289
[62,15] 355402439536417750999558
[62,16] -339760901773026714798365
[62,17] -373299975509463811626921
[62,18] 1555478502116865175343599
[62,19] -1836051048637985528096203
[62,20] -333760302445188532056685
[62,21] 4416771342037437175717769
[62,22] -6645844278130944034167260
[62,23] 2611381516797092937180148
[62,24] 7439536905370200641006122
[62,25] -15978155263834212812438148
[62,26] 12985434314374549933578583
[62,27] 4128189614173457688373022
[62,28] -24719278645144226912081522
[62,29] 30948794531430763854257432
[62,30] -12835609561699646790755922
[62,31] -20510134744271311569942541
[62,32] 45076029756976823441965462
[62,33] -40173123183730253501622759
[62,34] 5976737137165816987203307
[62,35] 35081262666075956173597498
[62,36] -55006014470355307745831663
[62,37] 41223759451754728199205893
[62,38] -4697027394184352654102162
[62,39] -30196883417283886614307807
[62,40] 44018335815133269830111455
[62,41] -33829222471794123762147471
[62,42] 11060124262506118486506461
[62,43] 9373889360939753212438005
[62,44] -18782436081848028970754267
[62,45] 17263646756844894726541230
[62,46] -10135359883139271539933600
[62,47] 2912889013997161786049827
[62,48] 1533434623630570318136258
[62,49] -3025695571972699452372116
[62,50] 2713137452036294991786302
[62,51] -1796270902004422814582174
[62,52] 969031556301594974080714
[62,53] -441967870793068534238002
[62,54] 173302109979804708298549
[62,55] -58867107706339709714836
[62,56] 17358588047834338562649
[62,57] -4433211378768478678407
[62,58] 973610344554559300108
[62,59] -181424858585565152905
[62,60] 28052702623991010757
[62,61] -3472270417869441220
[62,62] 323913805388938844
[61,0] -1178442977113426086
[61,1] 6201103734960345192
[61,2] -41529882833732813400
[61,3] 53028819577460690959
[61,4] 451732189186296975993
[61,5] -1467151099194631100658
[61,6] -1457953058008980839469
[61,7] 13865129223477621214977
[61,8] -14335118598212471154018
[61,9] -58892787016489227667230
[61,10] 188156285175167498945706
[61,11] -66216963164449453386367
[61,12] -701253243797623017995737
[61,13] 1563347287431251629634338
[61,14] -335413839881915118997693
[61,15] -4519978000144068465039735
[61,16] 8930577867456522312600886
[61,17] -2809677978614155052348678
[61,18] -18190928317672183938160986
[61,19] 36686245200874490035327158
[61,20] -18697229026954483090013018
[61,21] -47259690163944274077844401
[61,22] 111058134613390504455774629
[61,23] -83282330391930663324340273
[61,24] -69860801964172978256722796
[61,25] 246321376004854029170585483
[61,26] -257439520622008894158458145
[61,27] 6150612585214049560538890
[61,28] 367047258048333227858999965
[61,29] -547873115183533004237541565
[61,30] 311515381432293746547445788
[61,31] 242825064018805750834076626
[61,32] -723946803044891033346492506
[61,33] 750086171599621757403456449
[61,34] -265394066750095092085729737
[61,35] -406760807919744370258567828
[61,36] 816926667984119519751065319
[61,37] -725948469673596070858720036
[61,38] 249564934884416390691027863
[61,39] 274644028765695666897739897
[61,40] -550457239061850896807934982
[61,41] 498323789356541434171471468
[61,42] -242533658729402028711271484
[61,43] -25910304704988896961168578
[61,44] 179811895642371088935573368
[61,45] -199373862842994299641255919
[61,46] 136852560408642584314482475
[61,47] -57322205689851844187323304
[61,48] 695919575995815388287909
[61,49] 24145561776611452142798211
[61,50] -26497037076201687773690352
[61,51] 19228525142691253745938370
[61,52] -11007702908111533405262154
[61,53] 5245650175847978158075569
[61,54] -2126692699340308367660905
[61,55] 740003014994907951947542
[61,56] -221378814599202133079655
[61,57] 56744414224966769793447
[61,58] -12357372178221425593216
[61,59] 2253389577548250932206
[61,60] -336266494255681095672
[61,61] 39614614047769885810
[60,0] 38477933756741559436
[60,1] -91695798455811094756
[60,2] 583314518351159509946
[60,3] -2577717064043429922176
[60,4] -1209198777171127954948
[60,5] 33992619088519588512312
[60,6] -58685770931075962038787
[60,7] -134206509734433025521737
[60,8] 587242141203138622171180
[60,9] -263285443032913303442959
[60,10] -2409048076173708904190708
[60,11] 5168859332405435139508845
[60,12] 1125304129646842365317528
[60,13] -20999964445055584117135893
[60,14] 30853070543091275860370217
[60,15] 15333131158279025280253269
[60,16] -114435129856044913690769081
[60,17] 142309044499737450863682505
[60,18] 61647267065298182239716013
[60,19] -430586171586594510857770031
[60,20] 530427896560762881664301388
[60,21] 81677423818551085626615050
[60,22] -1162794302559458300934099352
[60,23] 1593695176063130906666270227
[60,24] -328979926592032299924392915
[60,25] -2170805768880395394555503157
[60,26] 3703408322289655594767855548
[60,27] -2128034644339571295632705186
[60,28] -2210692339864949933533752146
[60,29] 6050199489974351253386287637
[60,30] -5749511222691146265872232555
[60,31] 705623459598564763947564267
[60,32] 5668996516311054126556407380
[60,33] -8569761291392512181964947064
[60,34] 5749125930907576307622733102
[60,35] 726119998604872445096311950
[60,36] -6313250721164901982613246422
[60,37] 7586935282988075341074083993
[60,38] -4486224931372829963721082230
[60,39] -292357120115575403485446048
[60,40] 3699762219107240052250317635
[60,41] -4345780907622937423486312421
[60,42] 2820689353279000888309446771
[60,43] -659496102777967827826196927
[60,44] -881903119682109302242339380
[60,45] 1389333424363163835020460703
[60,46] -1129775027101708676435719079
[60,47] 592466992266797208709330281
[60,48] -138267973378226044401990970
[60,49] -103381330898074909978045965
[60,50] 165858319039114324365448411
[60,51] -136002592979946194830832868
[60,52] 83564821836390939399634328
[60,53] -41883008049704109631997823
[60,54] 17657702191975974152320448
[60,55] -6336569624112159873755452
[60,56] 1940332034255662592079915
[60,57] -505050143854717306312758
[60,58] 110680686796414326754452
[60,59] -20094123342300075122383
[60,60] 2947662287975042864782
[59,0] -894613833131956892626
[59,1] 1858663804648926292770
[59,2] -1575696328257485059120
[59,3] 30641759110600859167117
[59,4] -89148553458957803832435
[59,5] -246996626272553856281779
[59,6] 1372340822641370392908486
[59,7] -776684645732069449923837
[59,8] -6799983367808526158681165
[59,9] 15336835124079540580230205
[59,10] 5941395481917707313138510
[59,11] -72186140655724098988473072
[59,12] 91202031123508175566714262
[59,13] 105712467997253986763385011
[59,14] -452501870315772359212939661
[59,15] 383554033501413715322308126
[59,16] 656238457879125883723153095
[59,17] -1981415456936295269850549892
[59,18] 1414991278780622895906882845
[59,19] 2351416716241204331521729194
[59,20] -6510352787056077673984331981
[59,21] 4916626870215932674682612754
[59,22] 5092308704736828699163937427
[59,23] -16182131626690267554633849344
[59,24] 14736124534627906715539053373
[59,25] 4778803378894920473766544012
[59,26] -29040429991405878875694898321
[59,27] 33913636412179274494446668061
[59,28] -7775558485715533269266901984
[59,29] -32836721873799173043185423822
[59,30] 54138574496129954618779639680
[59,31] -34988018793581728811581712952
[59,32] -12647801869906233800579687240
[59,33] 52895923163877872144356573148
[59,34] -56236676982685466460386787298
[59,35] 22779336942790670830268965936
[59,36] 20886620364765362901673496650
[59,37] -45223103460995665493688580972
[59,38] 39291379537408454328093810652
[59,39] -13969995774914376350788265623
[59,40] -11069031549568723692664627251
[59,41] 22530041652836343942788932299
[59,42] -19425337687975867231342228408
[59,43] 9010838971467595860448442476
[59,44] 698070160927698973286542818
[59,45] -5627217691418297990146625099
[59,46] 5937983526266660712883931287
[59,47] -3855516241638785416678494361
[59,48] 1511611060984290585154075160
[59,49] 18510307162529986355912273
[59,50] -621916899054915274219835277
[59,51] 638902792738622326244956333
[59,52] -437717157887870866370849002
[59,53] 235963697489553678072036728
[59,54] -105169226519771777652580428
[59,55] 39465646759274786486397198
[59,56] -12528789012862870244446276
[59,57] 3353593033840702620848551
[59,58] -749271288189867473810883
[59,59] 137317708988115508659472
[58,0] 13864428853931642497075
[58,1] -41494149934634983949832
[58,2] -41174273092890949360917
[58,3] 9568434774240010619625
[58,4] 1468225540082581098455449
[58,5] -1414023726101729832616863
[58,6] -12592294587921113745757002
[58,7] 31759055755132935899563518
[58,8] 21628016275288538258624136
[58,9] -193535369698491546101140590
[58,10] 211185836545744579701581191
[58,11] 427857730720189670816164337
[58,12] -1401188651639492497402608998
[58,13] 733831085335987255469169242
[58,14] 3087209298320773152445805880
[58,15] -6635186281262902360547919955
[58,16] 1828434572672786013381526348
[58,17] 13404768849948454584665627445
[58,18] -23789921789624975102991101058
[58,19] 5875246846119637410499494519
[58,20] 39550491128959600454006474360
[58,21] -67890546124804567794752543226
[58,22] 25549050586797886330847596305
[58,23] 78849070647980075384980803615
[58,24] -150563455192734284838496507210
[58,25] 88775268278225597577008448551
[58,26] 92840969480799013487941188940
[58,27] -243815050395680939525149231835
[58,28] 206379197884259654170238397959
[58,29] 20973111252517809133958108989
[58,30] -260732699766519137411009298615
[58,31] 310928480175158555679958345497
[58,32] -127824881926956532519434296867
[58,33] -140063322656177245896779312292
[58,34] 289442613868094902817337159814
[58,35] -230935856907075776892941630090
[58,36] 39432412434469296121532559969
[58,37] 134042977118066387062272727161
[58,38] -187711765631767953986870583289
[58,39] 124891168153926304061196021107
[58,40] -18853494326898047340097346873
[58,41] -57892287028054184714677022366
[58,42] 77393194871314699255915019713
[58,43] -54174880137873092139914455709
[58,44] 18336586964098254868069132451
[58,45] 7913264956326557153485356728
[58,46] -17853678159443580343435733159
[58,47] 15703693326768790467304745418
[58,48] -8847846619883494698819811370
[58,49] 2677984347700186429976006472
[58,50] 765778832580247607632186226
[58,51] -1795712573815920294046171493
[58,52] 1541680078221884687390045956
[58,53] -944467069807924439158647605
[58,54] 460578038371995275921278100
[58,55] -185191986067735830758016980
[58,56] 62091164838298838723577711
[58,57] -17348184388519370356781045
[58,58] 4002454171264365772763820
[57,0] -145903452529021623877426
[57,1] 675574283015357017711318
[57,2] 295952536471297775364048
[57,3] -4566263499843141786366404
[57,4] -8194112456011147790220632
[57,5] 45668260067832017690008011
[57,6] 30347811432344148252459871
[57,7] -356812349395243476590076337
[57,8] 353190539216667281516778552
[57,9] 1172343203334305086698863614
[57,10] -3231048985692408645026381550
[57,11] 481189959648237325601607525
[57,12] 10127089287008244037319029399
[57,13] -16451361060638985879369826635
[57,14] -4502103040628580451222896160
[57,15] 49946107520859691678041801469
[57,16] -61737502915097133932082121763
[57,17] -25658695158861880072663179449
[57,18] 170481338884753008974701953830
[57,19] -190800381120908344311444950791
[57,20] -57108670715626331757636126315
[57,21] 423726356141421958829241400646
[57,22] -488472745541539411583750545093
[57,23] -9357106031954406210705840924
[57,24] 744993260852066036352429347483
[57,25] -975913370701253305623987401354
[57,26] 290176994148746439578457204703
[57,27] 841031964704559457687726237653
[57,28] -1407042525020903006669802017646
[57,29] 831375335379915695389780830251
[57,30] 437616136820605366264066827251
[57,31] -1345037997015587806868646204970
[57,32] 1204925161600192154940758016285
[57,33] -248416368426587445849593700300
[57,34] -705575429954102092389481484935
[57,35] 1009392104609714615882070939261
[57,36] -632135652270629450162152488260
[57,37] 7444596740274523201223001568
[57,38] 415283496809354107780737324122
[57,39] -472983561615850596525214647846
[57,40] 278501915753419074109130665854
[57,41] -35180896756428025790225157278
[57,42] -119503401584146844086017080078
[57,43] 155531771899391842887415638025
[57,44] -112097481361051113108332554693
[57,45] 44705763771706143094273929902
[57,46] 7408185042378775995269563677
[57,47] -30277208312814056662114162961
[57,48] 29255265909807823184632404978
[57,49] -17422202128824995133014777125
[57,50] 5757504780559849343130859751
[57,51] 950106789527797590312659149
[57,52] -2970650636822064250196122416
[57,53] 2518503657206389704515577356
[57,54] -1464768830040512682516408472
[57,55] 662026645157099183922074492
[57,56] -241472378216170402409187090
[57,57] 71815758991787844557804777
[56,0] 1044517572810963144158171
[56,1] -7632687867135056534664138
[56,2] 4846715318343811623165265
[56,3] 65032455184520722888235761
[56,4] -42211552131254664933821289
[56,5] -452156722451579857103963574
[56,6] 582729393358399944001298337
[56,7] 2077179484944177258707773257
[56,8] -5605304029299611674555229364
[56,9] -1475781386566225287668313872
[56,10] 23820689949741134316117185401
[56,11] -29108623687981862500567954780
[56,12] -32793954970118317563208063229
[56,13] 131444801067966297048855872345
[56,14] -102623130225255392166827511784
[56,15] -179593946788870338937734158920
[56,16] 498482186232792765081232369911
[56,17] -318740875823985710606807744840
[56,18] -576969649738338108226730381391
[56,19] 1426459338910891127058608885068
[56,20] -919321913917578906750617658451
[56,21] -1190684216916463949994287417420
[56,22] 3073968498271858258169314673481
[56,23] -2262017040989526964646434372235
[56,24] -1403236984724758033048544931546
[56,25] 4777212996174987354011987515271
[56,26] -4250639001191908741232700581333
[56,27] -288180083581697565154914360894
[56,28] 4934615041494028898355199628274
[56,29] -5563083303077758636888415239702
[56,30] 1843514419874222755717314477054
[56,31] 2764366782925770742287141743445
[56,32] -4623956689378632415519031200926
[56,33] 3046025977033699705748919866624
[56,34] -86540453358941967237745543600
[56,35] -1914537924003585692002383855731
[56,36] 2168326776714292399262930869902
[56,37] -1315733344874752634826210829381
[56,38] 290959314322298116517848312086
[56,39] 413619430223626839798331320257
[56,40] -721070703274886324038576632738
[56,41] 692769328291611615604403780150
[56,42] -423890801857887998486273055574
[56,43] 68143478917439918308448758418
[56,44] 197026787423670769420087913958
[56,45] -273871092164114840033131661322
[56,46] 194458234419765055700035327387
[56,47] -65322415811520760313514756573
[56,48] -25263318311880202643811385707
[56,49] 52784468880460931561139047641
[56,50] -39780838049539076419355974149
[56,51] 17366337307565207745563619048
[56,52] -2450017100101301381721381976
[56,53] -2953254317971827051917647597
[56,54] 3069056158526471346128934187
[56,55] -1766912596791631491979326634
[56,56] 741157426945371111904213902
[55,0] -4699031504610463616490912
[55,1] 61609742536371343497440138
[55,2] -116431884880242369614329858
[55,3] -515831875247694975661591349
[55,4] 1188137328641936025594289887
[55,5] 2425583202883310685833011997
[55,6] -8348068367785137175762016508
[55,7] -4222119368103894010946021335
[55,8] 41990415099000368194847374477
[55,9] -36153830948360025829230409556
[55,10] -100063399105806867901524253917
[55,11] 254267691760741514040374787220
[55,12] -69451551738532654885330061131
[55,13] -582858114254106320917991715924
[55,14] 1012736843970712980492804962401
[55,15] -87543702592200798053225018144
[55,16] -2117977466306331689969988572069
[55,17] 3184133242967515873524552292568
[55,18] -274690374429085930127979890307
[55,19] -5529473744758679502416176763706
[55,20] 7929014156799404564290290535971
[55,21] -1437215364355060210263557264446
[55,22] -10252639918558186384593694840799
[55,23] 15001548370804779566211677683882
[55,24] -4886630480558103782987031081099
[55,25] -12695113260178222762348362812939
[55,26] 20606620847513338178833875156742
[55,27] -10148936647727590285583719860326
[55,28] -9005755580167842156546613849986
[55,29] 19154498973684334521084756787525
[55,30] -12963135782348503086140891059577
[55,31] -1012122502756861607021937039185
[55,32] 9776263346566399966557686577320
[55,33] -8983677141536578688652419791703
[55,34] 3765841936007481569704585792525
[55,35] -125372308066613266841207397612
[55,36] -1010117442206508838633808725241
[55,37] 1846912147242319376661479104855
[55,38] -3183399758515031254260963529454
[55,39] 3566757494267352476132827616128
[55,40] -1893518616988066171710489950768
[55,41] -835599737301398956837253316266
[55,42] 2602764092624532413467008543134
[55,43] -2433302769436698123377009873265
[55,44] 1010398981969658404275815869495
[55,45] 347707196308488829475044708279
[55,46] -884915523531636868552938637450
[55,47] 698869238595497257645764079461
[55,48] -275660349116732429371088397291
[55,49] -23059710803475175694570508665
[55,50] 117554419544302714977383789076
[55,51] -91953403788406170362764051921
[55,52] 41446592170712644245809190933
[55,53] -9319410398256567299864922819
[55,54] -2087442558188455009601792258
[55,55] 3193117200896245158245448066
[54,0] 7141771846684594755724236
[54,1] -361765591017821131047357186
[54,2] 1255699402308523020931574873
[54,3] 2608416875540790607485970064
[54,4] -11782111233409814197217622517
[54,5] -5169875340171997695582360711
[54,6] 62057627729717807887085856910
[54,7] -36591137856518691672688113084
[54,8] -201021282872563925540583900496
[54,9] 363445379957856864979127248804
[54,10] 173907114637674419739154771160
[54,11] -1280809653392303191414583063894
[54,12] 1329584233886111623935343349092
[54,13] 1263027226246137957472520114217
[54,14] -4947793983776486301267788576213
[54,15] 4433524581623605157933856235092
[54,16] 4018201809097513575825253654317
[54,17] -14625410467492524740828456696366
[54,18] 12718337186715582392689862872116
[54,19] 8947038157081759697152619369154
[54,20] -33021577943052273809696669904998
[54,21] 27883217475972379501629316955636
[54,22] 13934489693075873786495100263446
[54,23] -54450026685973753368799730217197
[54,24] 45118640757577653303099991107052
[54,25] 13566759577932734186736091773928
[54,26] -63681199644940405941760001580558
[54,27] 52565826737874433142916769202216
[54,28] 6411555431733800429847612059617
[54,29] -50642478154941388027129115194633
[54,30] 40977490123176793337395025431996
[54,31] -292600686133127513956431400612
[54,32] -23142775576410629275204932876699
[54,33] 13445210671515858465105913631139
[54,34] 4384441344470486332951520351619
[54,35] -4311647120489713607182624639789
[54,36] -9887106786893672072794874731256
[54,37] 16321721870574962730517064878420
[54,38] -5157642053394319446529586845851
[54,39] -11914407516375108575938733859623
[54,40] 18310683111128699133286669145221
[54,41] -10407705415502620382711915522736
[54,42] -2259266861092719609920063750125
[54,43] 9214045264930138963421058470123
[54,44] -7955926470856491706328016034571
[54,45] 2797798419825258090512221830899
[54,46] 1268704660687484406127797422546
[54,47] -2429573511484446556475387439048
[54,48] 1657180571811680971885352309876
[54,49] -538436660814376714797476586336
[54,50] -101051401058494915286277666335
[54,51] 242625239400470878417339052791
[54,52] -162103928222099083157797297430
[54,53] 64413424480465038352622000432
[54,54] -13152529345031399211113850598
[53,0] 73190318094191701281037608
[53,1] 1517499887991598332938375966
[53,2] -9081308808735547799943932560
[53,3] -7441301775724125342930676787
[53,4] 77469087960988142461320329347
[53,5] -31289616073728619871205613707
[53,6] -323582781532771378449027000830
[53,7] 434307646336242869471911461736
[53,8] 651335097455244168438983784892
[53,9] -2031481579919438342163379734535
[53,10] 621377645447066917980156043123
[53,11] 4324042830726725963527822801718
[53,12] -7365923689885692489402325193159
[53,13] 995993364462570697618566027738
[53,14] 14436176237515215564294038912769
[53,15] -24279302047920759902661108261172
[53,16] 7214572563949220488026286711203
[53,17] 37653437148918947452683409580478
[53,18] -67119631597101158159920504246635
[53,19] 23927669619944069052233914030251
[53,20] 80027463895578144685611230886256
[53,21] -134048433815971487251235901137468
[53,22] 41666338111275148798720749960622
[53,23] 130993403396180812808602989862610
[53,24] -189818220647468234013969059603904
[53,25] 41296964453122696281673284537399
[53,26] 165070886488791426788167143229671
[53,27] -195722322748502433012054701525979
[53,28] 16579766571930391011139767241320
[53,29] 162645103409977366110537267590499
[53,30] -145443979415126058087193670711281
[53,31] -22235319907225727709667595418701
[53,32] 130955810227749549651838958537560
[53,33] -70095498948088234170698783900316
[53,34] -61667154637311557939297010668178
[53,35] 103670813875925183797393211947756
[53,36] -23053065701771761262697406283784
[53,37] -75409763284164063624812586801420
[53,38] 89728177845508783165723778869712
[53,39] -23406979572969757019489428807746
[53,40] -46167739602050585532156020473816
[53,41] 61491565908857763290661997420221
[53,42] -29178496350803217800262339640967
[53,43] -9187779484541462266362486735551
[53,44] 24729469329583551457090052135052
[53,45] -18027529483776289729325052833451
[53,46] 4682900335088266252781518420957
[53,47] 3543175945732459161490032649644
[53,48] -4810447263964098201038485582459
[53,49] 2723021240088439977463653490566
[53,50] -655036784058264888078651402241
[53,51] -264362468618526976133250158338
[53,52] 359811658426118246138971427651
[53,53] -196900059586395101352598498951
[52,0] -701713481710594617716992207
[52,1] -4003024649482953010381230626
[52,2] 48973099196065935812044015047
[52,3] -3947499305812240588930342925
[52,4] -384751249543603006038649946654
[52,5] 393835094525901306241193886000
[52,6] 1312147626257504669165722066618
[52,7] -2669637839952607932463245403852
[52,8] -1387245274940888698661731073216
[52,9] 8431761500060894909154379933199
[52,10] -5753331682085583035821476031716
[52,11] -10990173925493518715779237138992
[52,12] 24927682410058892024200572701638
[52,13] -15044979909659435452285541998617
[52,14] -23073226610377077623800730515694
[52,15] 70135887623967547205188210632796
[52,16] -72179350973477544330070093802700
[52,17] -32526092636866007839938125084754
[52,18] 196892763558915255610744056277580
[52,19] -210720045396625663385269187686337
[52,20] -70900748546821436352383516138781
[52,21] 415380184808461384241718729860556
[52,22] -356685277261878060260568378382386
[52,23] -187242794577380432394228617918567
[52,24] 637657814283051284598490926717067
[52,25] -384674196698768046173871851965691
[52,26] -374250149113597407953124058779378
[52,27] 762776978494863177721445477433467
[52,28] -287793972365110320206678608327421
[52,29] -514195531001799248560986006984044
[52,30] 718067840043105686954764386713257
[52,31] -127027510390595590018928132700297
[52,32] -541234786903070597128917878304657
[52,33] 558805944248388709057750742570195
[52,34] 2561809668676770873280611332471
[52,35] -475174713380158161936629113746909
[52,36] 409100701287702280169673042110357
[52,37] 16706145148065520546106856096020
[52,38] -327087760658423888128866471223036
[52,39] 286097266174215413359855878451571
[52,40] -39293774418238755190541620425353
[52,41] -146366636305760260356311731048805
[52,42] 156079621301626449003291050319079
[52,43] -59227098120956659829393433910324
[52,44] -27354345104520292334859063422820
[52,45] 51615637870568709275283006479862
[52,46] -32023028488319185008165392100851
[52,47] 6163521216842632622434882847144
[52,48] 6511314859366287910079836059694
[52,49] -7059503419810205545609108465400
[52,50] 3401671239048419716625367459650
[52,51] -618280971426431604962929937061
[52,52] -356624271517358662393636701972
[51,0] 3268004016013546650927852310
[51,1] 1277654648380244235366037896
[51,2] -205458807921759857178581510114
[51,3] 181261157961440379231337285056
[51,4] 1524087333189090365144033311762
[51,5] -2435628049715049146619174940102
[51,6] -4401336343761363043362815626566
[51,7] 12413985093389452770396610532513
[51,8] 1430159960232380286876005336413
[51,9] -30664628931852152476344959853422
[51,10] 24076443522893575024932832535253
[51,11] 29950270246405068739337716670376
[51,12] -62103985071464965426351969882371
[51,13] 33465791672015807533776820639273
[51,14] 15211804092254788358603574395520
[51,15] -89385619151615381149346477575908
[51,16] 206764645292018846939250322151624
[51,17] -158818205211001979431186334187993
[51,18] -293287176277626266496051351965173
[51,19] 763905568624525816843955398033615
[51,20] -375019028675031501995514534996048
[51,21] -891886443742076556785916739942777
[51,22] 1549264577709825945972283916222805
[51,23] -306164170806783509047568135048768
[51,24] -1786396008957124284201680043623371
[51,25] 2122972568539053306794063438180154
[51,26] 128976515100524589271922478121379
[51,27] -2553061100764953031082733412519623
[51,28] 2239170102216511401383007990401256
[51,29] 570137414928191240211570899300813
[51,30] -2695917578960128761724616486196039
[51,31] 1843381707962803703825496279365669
[51,32] 818543319055832669729474560025462
[51,33] -2305982656485361356497910638794187
[51,34] 1295404625236407544751495589964061
[51,35] 770336949368508885196830356647728
[51,36] -1717013831934660602753297399174111
[51,37] 958454904015002780946376125701420
[51,38] 372077598809614251101675474971469
[51,39] -989175322266405429989908345250280
[51,40] 653812495545788508615624102364831
[51,41] 6537050514038017874614508552838
[51,42] -369589868361377899175596369325945
[51,43] 318004704781965654031312799973299
[51,44] -94814142454881989991663195186932
[51,45] -61022173515638489156264114547312
[51,46] 88473798090461356415834263185726
[51,47] -48115672754352185373081305056977
[51,48] 7681778286424091365349926555183
[51,49] 8699706233651647633272871139084
[51,50] -8278459217232882180205128542201
[51,51] 3596808840058934605917856615808
[50,0] -8373922890682280385922470727
[50,1] 51105906765205071063631866822
[50,2] 676681176263088184300538091870
[50,3] -1208030944030832999353983612665
[50,4] -4914075329579289380345424676556
[50,5] 11164782020506776761932058193658
[50,6] 12552630601882443980381968526986
[50,7] -49373664335774323349768968334547
[50,8] 3756634479517977488557472099817
[50,9] 111286594935181432120655059023637
[50,10] -82736310681998992101577810154517
[50,11] -126093991081377549918563119797082
[50,12] 167832147964857487909730990952836
[50,13] 67748678702127212287725451626488
[50,14] -106028917968293582902119870381070
[50,15] -150176620609415230025827646114870
[50,16] -63298239182318722124720432511338
[50,17] 772305486221819633382150058681357
[50,18] -386220556777386397787978281434872
[50,19] -1635126985381202730467146127226622
[50,20] 2470708661408625361337297286160734
[50,21] 604507983954738853280496731321231
[50,22] -4833288928321224334985460284678307
[50,23] 3989155443595206620719283112835855
[50,24] 2844224156361959059187090992317038
[50,25] -8108872286639917695371010813028945
[50,26] 4550991464012015178662938456070159
[50,27] 4820647130147444317198911294685256
[50,28] -9461355818234930870086966992174150
[50,29] 3977624248159834416520878084426419
[50,30] 5381113083090193009616646360932404
[50,31] -8410153813197485793262664441844870
[50,32] 2691064518285131060111691390576482
[50,33] 4733940928854294714034691547374380
[50,34] -6280140131570906379462315037966057
[50,35] 1690466052456109885901408654026263
[50,36] 3358064569889019093942103629541906
[50,37] -4259489045710537101957406311724552
[50,38] 1481690170857116809944774929081466
[50,39] 1482723786181895015419798349673705
[50,40] -2248333296501866865579389705709101
[50,41] 1138040885900169785371790959914433
[50,42] 212548106240283631304417278773994
[50,43] -749149147303906432520003996204111
[50,44] 533378384373348528779989651562080
[50,45] -122540508118384479508130806184274
[50,46] -108123757319076133833925453919353
[50,47] 127735632038140873810817472452675
[50,48] -62299961920774568674084048900549
[50,49] 9048566175115680505371585420554
[50,50] 9421580404919708960659219117922
[49,0] -810437582413797976096162210
[49,1] -322760138681338844749902143500
[49,2] -1694163937421951755631488020860
[49,3] 5356481238305898306135965718535
[49,4] 12698363405572649638724696168679
[49,5] -41915123654919479034859234629066
[49,6] -29151201728946290833937194917229
[49,7] 176260851541422442642070017280570
[49,8] -39270652495117676074982834087713
[49,9] -407839564505979448515136622419221
[49,10] 320124004721432672137816571598210
[49,11] 575073254528344246780745687472998
[49,12] -731245585935564950483956299167366
[49,13] -668332682417557412550552932397735
[49,14] 1197411811830650297436660193848689
[49,15] 898137539361346078294139700573928
[49,16] -2055474608721084298707664217642549
[49,17] -1266195249599151558285340446159891
[49,18] 4236989931857753815930531300082956
[49,19] 501665221840679347343273440933563
[49,20] -8424597316103006012256434361569921
[49,21] 5747130860229259545488304646526535
[49,22] 9112435320671506942511824509845458
[49,23] -17643505941027445057441998164225806
[49,24] 4384218368868007083197944811819336
[49,25] 18815392044367474053447974816503065
[49,26] -24079111965583872103426887002300891
[49,27] 2639433848578705377918543829865985
[49,28] 22485450232028939305736877117949830
[49,29] -23615052070867811970992507574677029
[49,30] 768740693441593597396227483650633
[49,31] 20215840272751523196210235456022258
[49,32] -18540942277800945716871595644934011
[49,33] -349367342887196229102597863173860
[49,34] 15045147922802928598551267776512181
[49,35] -12893318455160373030634830122835294
[49,36] 149069347265476946440132021924003
[49,37] 9093782778622684060073356429803940
[49,38] -8213969565126791070096921581045907
[49,39] 1466455657141539988788520987822151
[49,40] 3671664683427477074490543807386102
[49,41] -4057648258199283988816627443302969
[49,42] 1587467431253268721182363105275247
[49,43] 622928002270037693779691018515150
[49,44] -1232736639860060448249409167473675
[49,45] 748928533100085787902822360671527
[49,46] -131587468021126624214102858363882
[49,47] -153636300321545041857792151699554
[49,48] 154460641189659123757202869012544
[49,49] -68199644057550049319678406351532
[48,0] 126026074358814936377948954980
[48,1] 1262700402432464454341809194216
[48,2] 2762476101677181240978061348032
[48,3] -18322948866226609565068430442720
[48,4] -24008808094860651152484448044217
[48,5] 132901280562890345282425138605380
[48,6] 43010694532549196260198651596981
[48,7] -562448273842609512592257084908697
[48,8] 238872028545474879259066490823665
[48,9] 1378434971456504323706714820266020
[48,10] -1389000779947342114437506401085851
[48,11] -2061582800086222067808291374471576
[48,12] 3560429375613421002502473012560509
[48,13] 2013118620608140389847684608136697
[48,14] -6656529751153708339682616791316169
[48,15] -649775965029437747929280690952024
[48,16] 10685982845016423046128231015470485
[48,17] -3281479044200847216607388871122724
[48,18] -15334871891742544644031249820431558
[48,19] 12994433436264432836211339420123483
[48,20] 16640820354017514036910309066932831
[48,21] -32249269795407032696087632611345370
[48,22] 932267711040631382372886396843896
[48,23] 45126371729183172055760868416323903
[48,24] -43010595010844714546619134721715756
[48,25] -15144028821337331915885871815666436
[48,26] 64436898520628036799330925847487042
[48,27] -45699365755719349361444099058389725
[48,28] -21617283405882188438102711809176203
[48,29] 63666119829163151447679672509310514
[48,30] -38650210951433385655501417757225647
[48,31] -20724435035652650158618607601364790
[48,32] 51293238295355641043835923499290839
[48,33] -28970826323864296810685625087300236
[48,34] -14696832173708404126582380347254359
[48,35] 35389143060073147818043132566466747
[48,36] -21128556652935507895662642790812082
[48,37] -5700952665669135599262313586576686
[48,38] 19092293247747055380239573868603937
[48,39] -13396656367612766460842687738894382
[48,40] 559496003134591905849076394891378
[48,41] 6885256764159203751818765391517274
[48,42] -6178384535757245698674550255444012
[48,43] 1921650514887889029945370617936393
[48,44] 1125440013896754855514866994422923
[48,45] -1677503875053836955772405089183879
[48,46] 900983393867008725229331815912725
[48,47] -128280530875506162370110332017127
[48,48] -173096011743122622751977240770922
[47,0] -729754694514796520961661826934
[47,1] -3686053711728909815951317411294
[47,2] -98985534454548352617624608268
[47,3] 50181041704304617482836062945629
[47,4] 19802539807752401824980921615947
[47,5] -354615416122269079787922932627045
[47,6] 33373702231488460330697306748330
[47,7] 1551604997887933949022718010872096
[47,8] -1127310676602967116008529053839826
[47,9] -3937672714320906763849420570478498
[47,10] 5519206435219675199580615699599240
[47,11] 5322200732622264559418181262657123
[47,12] -14190243339462612155628252827673827
[47,13] -1616291521316858388525200604188443
[47,14] 24585249094484709063996244181149522
[47,15] -9932903500708640227406896922443224
[47,16] -32267824078106970401413351957873520
[47,17] 30556920307004777266068416089677360
[47,18] 31687559511850397317505837021486634
[47,19] -63172688681988365781925256631917947
[47,20] -4832403029475552370472883158903407
[47,21] 92969951326120178768583099161477975
[47,22] -68735649604568178460560766190317060
[47,23] -59221640795536438426571690334993522
[47,24] 135087150619135977285188248444524976
[47,25] -56469620197855311740476311719580887
[47,26] -91613704783365922204776433174816003
[47,27] 141511412557363181252755147815181953
[47,28] -41709213668446712713705566618405126
[47,29] -93773223703071077469033644898531312
[47,30] 124175393352491218473664772313982506
[47,31] -32002394322653497587804089012088840
[47,32] -76747446380486317983427088477058388
[47,33] 97771439427246574288453550468715140
[47,34] -29126855522364174706571609339245610
[47,35] -48629066748414411467666845240108527
[47,36] 66874168159406521954190776365306555
[47,37] -27893917877841418873676157061010746
[47,38] -18501490434828420216759931323187607
[47,39] 33879216459325195814831640699773336
[47,40] -19321725441134790709752769261353241
[47,41] -1420682822197656448003694097263679
[47,42] 10845431351003305945568163664976256
[47,43] -8369417478451643968387577858022694
[47,44] 2195471244449550989411943204959864
[47,45] 1513894386369822857432215935086913
[47,46] -1936853196233476044150954795410731
[47,47] 954131377190702551245766174204944
[46,0] 2727100693108911289245181506923
[46,1] 8349428224031880869720964874460
[46,2] -18610015112070890640089678620033
[46,3] -109270553001432973871387644783787
[46,4] 72768118545085932671016036713361
[46,5] 772980844318264987200498767043947
[46,6] -507299314631420415456855744473245
[46,7] -3539604300020688147989084151458429
[46,8] 4138921532577345471821702483189432
[46,9] 8972305431328714497960219647459748
[46,10] -18040831528351823675606777926970692
[46,11] -8873384178878793260737744759891369
[46,12] 44181863825518467640548940208681468
[46,13] -12490457304412354908479742766756580
[46,14] -67067032567657165289776436884791677
[46,15] 59396487826989449574815894878079158
[46,16] 64416854592943323465222277855548472
[46,17] -119043845807672327362124507794281988
[46,18] -21879472964370735653491461870886393
[46,19] 175535519265285153300075082242728358
[46,20] -87642729126526944286503220029532286
[46,21] -163755639625996327978512974279226063
[46,22] 241413058235052526336980518857061242
[46,23] -16651309610370389114244472293496673
[46,24] -248191129918392903232849977358682148
[46,25] 241316346692878623969345447691717101
[46,26] 21049017281104965601820836537170673
[46,27] -243368225456237756782838679322985332
[46,28] 201078414333411970347851279480605594
[46,29] 37755533430186984713094371384854344
[46,30] -219767838384972670543068849790698728
[46,31] 177422559181673468080167321444136928
[46,32] 22284126693782088280526196398030672
[46,33] -174721424236332372297784453079915738
[46,34] 152007041578218375473581771438260847
[46,35] -8812691688674806057869935542652228
[46,36] -105910488027792565395204158482197330
[46,37] 106580607499135640496034367329613876
[46,38] -28966516639196164609288338849901620
[46,39] -39567172147218517751399347427677122
[46,40] 52144342747496191350409730737816557
[46,41] -24592381240147489985860084300676293
[46,42] -4617545312765790143359893613172538
[46,43] 14965169996658749688575180150701451
[46,44] -10216607131186957541746496802906227
[46,45] 2397129828490378217193359478805692
[46,46] 1653723367132982415201341346213894
[45,0] -7760467225535673881304335176954
[45,1] -14401669872561399936590941183910
[45,2] 79648806637217734355637978658272
[45,3] 178907261770206230073887870666844
[45,4] -424936583600755435382644535202328
[45,5] -1282887401746314323109653151577607
[45,6] 2056481620925978416363392258037459
[45,7] 6273314801026813037598284243352081
[45,8] -11847057200206248059955147241319470
[45,9] -15279314760003803017641189092214106
[45,10] 47219869856549992166625184938850670
[45,11] 4224902863478526312087120712761862
[45,12] -108508620196828298122689893246702788
[45,13] 69958262354979294021431747808775229
[45,14] 140246560397553545770437507002934365
[45,15] -202789577141191241060391877730295094
[45,16] -73853260373847672297822846453159911
[45,17] 318749131918562714790964153954993284
[45,18] -97660497979092191923942830076501033
[45,19] -334988747270139531082192039029180880
[45,20] 334771380187467892059927877092419761
[45,21] 156650757471830938698691057095940994
[45,22] -492532310005206081404746029699584297
[45,23] 232819592684625053814493491803843932
[45,24] 293987526302453894221007175637306551
[45,25] -483251739984717789065549855650048654
[45,26] 178696940814363850233161659142133305
[45,27] 259412646912724354151418464354168827
[45,28] -409390720827195707346166853451922762
[45,29] 168820225547495922688455805914978322
[45,30] 214358818666339460457452593541596572
[45,31] -387253944092524715465522915408280545
[45,32] 207260447729361206550586662095282885
[45,33] 135528073164550616105800152780300489
[45,34] -319012064989558573682578930411590148
[45,35] 210315452780205001730155819260516416
[45,36] 37447164391782682281574457710720564
[45,37] -186104533511770202618611427922170197
[45,38] 149399242117313884779422609746366945
[45,39] -21698599225995802128434462735466616
[45,40] -66334131242148997998137444505409559
[45,41] 69773477677736088093964270016748279
[45,42] -27486217782474683514655045038247590
[45,43] -8189104068685280497944759459730111
[45,44] 17821547928174931219245727280231577
[45,45] -10976919964124843014244100825002551
[44,0] 17579860890387700165796490730685
[44,1] 16958647751151343899571871446910
[44,2] -218585618550022043857111681356209
[44,3] -177673446476064640146533809089587
[44,4] 1290875885600073733859796451243007
[44,5] 1288674748054827925159338311710312
[44,6] -5543632475671330841844300115508085
[44,7] -7451242492671705842671819467569896
[44,8] 26437501011351521261700763161632213
[44,9] 16303579450834242619165651974934532
[44,10] -98268150787975481480722657710758722
[44,11] 27198925153572448732447023882436197
[44,12] 212439268417433414677811052213508463
[44,13] -214423465432531685828480992548639969
[44,14] -228085439581728954265727163987858178
[44,15] 505126207768693512601394697128282540
[44,16] -9351884482294892270706191360748002
[44,17] -666139111386612848859795620591401502
[44,18] 438086395928761251999518832572423709
[44,19] 483694453486704075282429031562397836
[44,20] -770402913930890044706410486048803146
[44,21] -2998018546646095443415299192362227
[44,22] 742793417295195742605666308668347656
[44,23] -502661529578569848283352683973333001
[44,24] -295209160539109634411210560912792205
[44,25] 681471362772869196744899646384486435
[44,26] -374017638330353410388216825610442291
[44,27] -205969342116432735707772708841771867
[44,28] 581275931682588640016844260097932388
[44,29] -515955259656822630832132348595528044
[44,30] 41099907831075761263903181807172708
[44,31] 498529030846959587000937653454003177
[44,32] -630754998952527663892887179662707567
[44,33] 223686859210573432839953653323550161
[44,34] 329412414618209166546846956164100626
[44,35] -524307138701852480272633196822238316
[44,36] 265191202200538503834766766583723174
[44,37] 118815680177220357346907242776418393
[44,38] -285851310011054110724819800831873671
[44,39] 188563083868927859336355336206706364
[44,40] -7242450299064013161554903447838752
[44,41] -91796599982799454721041182677502380
[44,42] 81938428054340594105876320050690637
[44,43] -28123754748472708159823001355734194
[44,44] -9847611536624099642185269458198230
[43,0] -31713780429024863153348006740808
[43,1] -6675847289693891707581113546318
[43,2] 449058634645097443265988315090690
[43,3] -52993084401838919002203835538739
[43,4] -2815797204959234955489614151968717
[43,5] 481053774210807041245663153947137
[43,6] 11041090945199640807468061789162098
[43,7] 1852268832255317982100179839284786
[43,8] -45326994868714011909204191925335290
[43,9] 221827056488869207578133743522767
[43,10] 160863443487568111885143352242257209
[43,11] -105439172503231382967626857746097644
[43,12] -334065958780181925433782539944942239
[43,13] 474482175081150681650382429292512650
[43,14] 293702313204078565969487022835284021
[43,15] -1005108741786732450324835717649342508
[43,16] 243432207954635782260863273681907605
[43,17] 1207641318100426564822499458456542508
[43,18] -1088147335865551930656789902105110435
[43,19] -659791079951876911165115882722627761
[43,20] 1502749495405893694751043750236071682
[43,21] -255852648597237908358274123266460702
[43,22] -1155223362829010743336308985747829320
[43,23] 835926145662109342564124471411686539
[43,24] 455559097782687973032886781446398899
[43,25] -980933021225578351338599145773014630
[43,26] 487837747108374066042221058448357139
[43,27] 189441245145658222857553056584423424
[43,28] -650775614844397027658281391253806627
[43,29] 903608276923196462926710118493336839
[43,30] -685446656396330818580980134193732542
[43,31] -152358132607561750950491622238129671
[43,32] 998892411261551666129624551548687495
[43,33] -1012055048342502410690456631828457169
[43,34] 177366348602348364214762714809154000
[43,35] 658938775412950795571534321005595900
[43,36] -780752651274759152113598228705760952
[43,37] 282488560368316800871038949866710791
[43,38] 241620136876716627399400248399656329
[43,39] -389376428089942677720653073343941584
[43,40] 215676668297523192043760379292807615
[43,41] 8235267728016414668243694115314061
[43,42] -107420906496705507703159279016243474
[43,43] 86136065962979967406461472122766678
[42,0] 43393614725425314074860108389662
[42,1] -23164406869471945269168663752990
[42,2] -701298596019740031293343651252159
[42,3] 636160045703618731521580131189674
[42,4] 4656786694268306840823880550654675
[42,5] -5304526775687642162347751325064335
[42,6] -16399569788858338029395315241481431
[42,7] 16167467214207242403770295797571470
[42,8] 56960070592195182047507070995945341
[42,9] -43780590982176271470101551996647043
[42,10] -202168714057273465289279437816481122
[42,11] 229405850081552463078705896521296135
[42,12] 426790287657762241157961814412406762
[42,13] -831905630568662981436003280006281065
[42,14] -310038630799402684232551035137370795
[42,15] 1716451441740337661993394044217056222
[42,16] -638429381515592151832392352859399920
[42,17] -2094588285154805984873906381294045600
[42,18] 2213294455137776713733982165117343243
[42,19] 1088874919522745709226035431799680691
[42,20] -3079624085043761187554555945157976111
[42,21] 792664714194585598106903246248307179
[42,22] 2301770729715028215876191371922071213
[42,23] -1984276971411614645064023543661576146
[42,24] -573312062530172482974364795527003220
[42,25] 1700477487919856960928243878064894313
[42,26] -864793129986788985388826332672409386
[42,27] 27021345093605550974799994126888541
[42,28] 258198323235950203910687519127583125
[42,29] -888534307725070286733385898112810315
[42,30] 1622590126558277129710094911218131066
[42,31] -1142576804147205885570677734431579518
[42,32] -578124777460129488976974932937119842
[42,33] 1850946723649395793942302523019353136
[42,34] -1421837474794908943818688490675739608
[42,35] -79914618257784049000967229526193276
[42,36] 1126796498919695482577406124158663801
[42,37] -1009858920118565949654550938462621886
[42,38] 229665009769290369512539173549361658
[42,39] 378620185666389752199893716876756090
[42,40] -467039456005287307509510651430067475
[42,41] 227452917967390238934502791181828609
[42,42] 15108239016402467102932270331612804
[41,0] -36287381062847782965880212182104
[41,1] 59506816433997351515493478362346
[41,2] 769360476811477371844955934167844
[41,3] -1358300483743560568681982446674475
[41,4] -5745025908165602103494631650042079
[41,5] 12417152943496271197065723136001119
[41,6] 17445909327807777315352099846043000
[41,7] -45382104141710156762868074965450463
[41,8] -45647609100438231162003591618461009
[41,9] 106297580113626935454333075791603169
[41,10] 185960389120949905623084692407804972
[41,11] -366327070307578076325513859263654493
[41,12] -452958409678256256460019437452930359
[41,13] 1249985195213784546214686287286335183
[41,14] 245841219478483358676953435269120220
[41,15] -2677853018734428670244522197626297743
[41,16] 1323371504840721830233236060657346361
[41,17] 3467820788361703157077260638635734524
[41,18] -4298769604663617624278786163694307473
[41,19] -1688016825837037751044689665753933230
[41,20] 6373042137334459038421607657485488943
[41,21] -2615572873241496206008820432764980860
[41,22] -4342393399206701231696684336363178469
[41,23] 5254753993795924690602005278017796150
[41,24] -557327217146017815548583255947844321
[41,25] -2503007266656305174446043991117754219
[41,26] 1724231727242612163640852615065761552
[41,27] -855515348035622791224991321543235752
[41,28] 1395545038283996680949625971235500370
[41,29] -779688772986532914214153848626047604
[41,30] -1805079384823922986168923483772313530
[41,31] 3342147181511964967015897650069258868
[41,32] -1607791484761854865499023698101425982
[41,33] -1569982289768596750179667222679926177
[41,34] 2901733182456555583994867765129452727
[41,35] -1556851970342667922910803817009902050
[41,36] -599319838928408056581617899163520937
[41,37] 1595707182818589794524086858621294281
[41,38] -1128060234019562816714369236164370568
[41,39] 138966622842067508854205455336924340
[41,40] 470315293499258505563456983164361370
[41,41] -495244813858871135078242148596510811
[40,0] -12430202629606753649890436053427
[40,1] -52939288103506639021239022356130
[40,2] -350063495200908799694376595330803
[40,3] 1341902462704204635349980709808577
[40,4] 4783016479397766576423633152754078
[40,5] -16651712535426900891590077754329022
[40,6] -12357469908675238113592284623637265
[40,7] 70844611057808899671498090976466685
[40,8] 11323642291340702047958423719862393
[40,9] -160045302443649960028865803705385592
[40,10] -116112687531207111345900289157511017
[40,11] 489976619101511481877428511759269618
[40,12] 401286911154950155646385557449624878
[40,13] -1758538419807415278160735701026301292
[40,14] 90211970450937266392100320773988415
[40,15] 3859994709583660669375287861745365127
[40,16] -2851556811094978481513065738935913777
[40,17] -4750372919029772668258643771101991830
[40,18] 7854833063627203607354151674181173758
[40,19] 1135380910915162151177622127910637267
[40,20] -10979877072375298810384240115026157234
[40,21] 6931552072525365463474794271571826357
[40,22] 5856347150752733028185414377968718167
[40,23] -10379981385655590817165345990613816686
[40,24] 3527486104767430080447506300648472557
[40,25] 2685826313661089080262766860851297146
[40,26] -2124521681913173193298052732904041548
[40,27] 993228951708454717756785947731359393
[40,28] -3606083661013778433141927864379469645
[40,29] 5075707534897799973365136161341617157
[40,30] -1018665750348064309666216966613461546
[40,31] -4620650205912702240135934814081923458
[40,32] 5442441954940099974384598354401015730
[40,33] -1159479885914928314420641498593721297
[40,34] -3150422307346109270853783049239840802
[40,35] 3717745645142925694528125304754443474
[40,36] -1294592637233173476620211307720242484
[40,37] -1172995786511334111948794484244167589
[40,38] 1898918083673569737995333008252671170
[40,39] -1150562568528214969578545328664232236
[40,40] 93869828599153569799474519766841998
[39,0] 117675335471956055930195631451738
[39,1] -72011091172743985369359101716732
[39,2] -769935742557389719351482920510422
[39,3] 846473544180943612491356795452164
[39,4] -1612255420245533527850313119716518
[39,5] 8902741922053904203964768087275104
[39,6] 8734292359757229324221677894656068
[39,7] -68612513310560844690247993365382927
[39,8] 9107571655760154407251187126656133
[39,9] 185771091644688856802140686234329496
[39,10] 56523977067768280557477085891387155
[39,11] -641788934769284042635563893838717792
[39,12] -233486783459594497775179020657027847
[39,13] 2429240541590804214647694148446854204
[39,14] -1168796076556806524044866534874336579
[39,15] -4780520026940868430006419729947364471
[39,16] 5962453499065094077701072702199457236
[39,17] 3960795958669439647662782822537491153
[39,18] -12050385870788387650662091036229049645
[39,19] 2765783346384250072874929254782752392
[39,20] 13476170441365060874425917211318835961
[39,21] -12531629545742332462533239999439876382
[39,22] -4971419158550552298880358411000764661
[39,23] 14135727678908180241855279918362069553
[39,24] -5228215426722651622236712923877614756
[39,25] -4425871186123394248165017339651579638
[39,26] 1839986746038727987139779373960659406
[39,27] 3184171361444627707666514451790969271
[39,28] 1140514793376598751938128519301931931
[39,29] -8840831633645368710567832772165495041
[39,30] 7704517788491538078424718051622902070
[39,31] 1664191768853321181370644079528749984
[39,32] -8257031528153693934031842689502146158
[39,33] 6039686680296958321158048890683981771
[39,34] 675362011533115215126854786105773495
[39,35] -4814759273564749536146606681687127084
[39,36] 4069742808823452533793825758765239803
[39,37] -901292859164335246548256490795756219
[39,38] -1522718097078842940003785759673576744
[39,39] 1993826611657197407978432792486505840
[38,0] -263377295635724707689006085272093
[38,1] 357907093963756541997395059376490
[38,2] 2456496390285525544894853704262708
[38,3] -6245203959668592900008580371219427
[38,4] -1674204396601320028596009974137750
[38,5] 18084042784109343622893450022237488
[38,6] -25155534649366454612547241795997042
[38,7] 26017145419913415885373794335290578
[38,8] 50173389227874042807448604327516210
[38,9] -211042846050678384236216624476512940
[38,10] -80603320098864053441529365140823279
[38,11] 908708373909564739640907020059850622
[38,12] -155345544553847728063866752180797472
[38,13] -3128979351368839787192346333023954400
[38,14] 3332651469322237579686336762848545602
[38,15] 4369053949705428025020652229998436650
[38,16] -10368932256832768114400564991616827735
[38,17] 1101430812212635779436886027293980809
[38,18] 13962291001888546163456855039547791280
[38,19] -10474704980683841851902046391296819821
[38,20] -9431566546056052978933016510381938591
[38,21] 15193987254782405255232379704465145153
[38,22] 2303982015574774323849279073514958400
[38,23] -14002495659482996100687336840493671927
[38,24] 1305638145648357190836807556558799431
[38,25] 13448134783293873115386741111004456220
[38,26] -5707381520802957149970908904448751968
[38,27] -11890168850079543133576161294978223040
[38,28] 12471076086825008910689784528703190132
[38,29] 3688479322117787629259189985926275060
[38,30] -13738595156914752371570950994608345544
[38,31] 6633029080994614720049781221478553400
[38,32] 6194834875072316774386938574760056646
[38,33] -10308936610265779950702941170799955072
[38,34] 4492248595220020442907846492762256685
[38,35] 3055575308746686189339948570987792244
[38,36] -5976650999001635929217228845314179081
[38,37] 4128509538008561638066517808101582842
[38,38] -725933580766162406824322898608272620
[37,0] 385982504640405798875178995833430
[37,1] -725835689147620830356298311202096
[37,2] -4122002367379223593586772189253360
[37,3] 14020547774907487555710357288277941
[37,4] 1720338719501229340104947185531975
[37,5] -61232631241433352984119773747963506
[37,6] 78921174557755158180700059784104591
[37,7] 38801814589486575544680581894594517
[37,8] -233811415343198313731547571459953754
[37,9] 305876362471808564760629740160724986
[37,10] 191602826740554771363391156687719492
[37,11] -1288413116579272989147007883604196847
[37,12] 788714223417562045042454149226288337
[37,13] 3374589796785697651316057289859005777
[37,14] -5888087010299762048571305555629432926
[37,15] -2018170842612898850609260232176198732
[37,16] 13939402355686113639108460515272741616
[37,17] -9547051795670695180698744072763968069
[37,18] -11359933509580250386045407709732481179
[37,19] 19194311597636083270560103935499707978
[37,20] -843768972183728735808406587312520657
[37,21] -13714242574600750044690247763708125055
[37,22] 1009636885645114053571586278837113828
[37,23] 12717260132970089208651678322953089004
[37,24] 3534191465299383622280197913505448962
[37,25] -28229038577842609356279415492087541259
[37,26] 19796937551842634364570911788836380201
[37,27] 15517185495835378192322979238719305511
[37,28] -32735127668074794279146792861676332842
[37,29] 14048530270039868932177575798126017428
[37,30] 12287015903070187490204449436573462696
[37,31] -16558987116850366712875836808436860991
[37,32] 1732376860203567915182245750596234857
[37,33] 11013416005031445286647518617834276788
[37,34] -10702820549368745146310182811977864865
[37,35] 2420242928050315460038867373990387139
[37,36] 4621766447579860106258599841792244900
[37,37] -6375461553903147653367873649352969556
[36,0] -386727410663159681963828299065532
[36,1] 930849781881766159564761182680412
[36,2] 4962552705091506365820685341285874
[36,3] -20714908358157570844198976286049544
[36,4] 2655928898554885896623048940736119
[36,5] 104039756855482522358679852951792612
[36,6] -164604752964142451850298728382967640
[36,7] -83990049795929693396153314622190013
[36,8] 511831503342571190053887666668399364
[36,9] -520484980367643382089627424197895782
[36,10] -319220759389192748440859191194734857
[36,11] 1633547787666258941710997832106369561
[36,12] -1387967604375420684971406922208244914
[36,13] -2775702569101257040163575826867093887
[36,14] 6967282312613581871961255953846153432
[36,15] -795116027421830650957054525167067658
[36,16] -14376937866863067747678274862452327017
[36,17] 16029304808113739268637580800743077600
[36,18] 7269529627228834050692716410540472943
[36,19] -26425730943372533406117104154950853975
[36,20] 10996030250270311106206274442438958943
[36,21] 15962928082326336416029772425637184920
[36,22] -11318582941297783464213247748484832482
[36,23] -12681343239208233408209683784573280653
[36,24] 6792047137226450324717965370782879012
[36,25] 27670811264228456574150130462654783115
[36,26] -35427905233106682228855870238443444861
[36,27] -3252748562748656622650209443259952159
[36,28] 40082611569425246534581128804442672220
[36,29] -31186426970828815522650337725392856322
[36,30] -5439678733091972275472355424338283647
[36,31] 24710411919610390373453457355676365167
[36,32] -13274801702410318087926874637032785613
[36,33] -7274911091641859591639245111514859666
[36,34] 15833786475035543843835366292606526811
[36,35] -10813842897348101509398709565984816251
[36,36] 1556831035768063883093376951185831648
[35,0] 183403394290674132873915167392194
[35,1] -643978537948142799662141435176586
[35,2] -4464490189338578167048211031980008
[35,3] 21487671050097044972292282841172543
[35,4] -7309779013902301066158334065901309
[35,5] -124966442393488754822794248854676525
[35,6] 243278860951320656285130814010002384
[35,7] 81330552465774046978603525560682249
[35,8] -782795425188839695801658458972586753
[35,9] 829084840176249592729964443636107758
[35,10] 404120399395820694746333767175293215
[35,11] -1861629502274638649193965103225572479
[35,12] 1568964154000979499541096302473384624
[35,13] 1728252826612680123563721129270988426
[35,14] -5316205687304108717412760589500882620
[35,15] 1105701950302977185526696872774342304
[35,16] 12192783595821965812395182945097654118
[35,17] -15388242352019197045652711491362640922
[35,18] -8523988459475894375373863844804410356
[35,19] 34060240558991351602380155891582883809
[35,20] -16706960399167668986288935437377331791
[35,21] -30634753763660936230018337227627155364
[35,22] 40523758998671200532061304000569594115
[35,23] 5229105279978646303060941692519716977
[35,24] -39317134272332404079891204425561365508
[35,25] 13401203807389721996050381297257579109
[35,26] 26698636706058838924193118527065083057
[35,27] -18622138194462263915169789441539946510
[35,28] -20193127304571862206583180184373171317
[35,29] 28816786940632863287974576492047124916
[35,30] 3514439304962539374666041575078152291
[35,31] -32557274639760302952030113970093420250
[35,32] 27553067295891678705587000130070163661
[35,33] -2214817648453689887072558685348332238
[35,34] -16152438593984976867057426357980671913
[35,35] 18196228074720361643364560811989823732
[34,0] 218509765834297572764899173399425
[34,1] -333129606279710178865740314996672
[34,2] 2815296432523455193960730607054033
[34,3] -13163489534554608035263026669868325
[34,4] 3868297327559296378488552762755563
[34,5] 112948717818493459280501909425887047
[34,6] -259326077249229601899832179535235554
[34,7] -51728111360787923213238451347909400
[34,8] 941123361052179226453081352691291503
[34,9] -1141508693845395595135545587204477598
[34,10] -446194515215063193936662029840907541
[34,11] 2206984292415225087604981953790794432
[34,12] -1547246846175986966643771779982107510
[34,13] -1181601957539387498490880761106469481
[34,14] 2532303062643744967168744569304104833
[34,15] 1596943967703429662153592452948208270
[34,16] -10261559347488138361862209245092150375
[34,17] 9287423554881313617885221388132515156
[34,18] 15952309241239907806559540277354831004
[34,19] -43522360924940238612051151320910633536
[34,20] 21769419853976390944626682046704715121
[34,21] 49212804685784868614592464202534937968
[34,22] -83737481725411700691607132821218892851
[34,23] 20620091954128243024497386481701233634
[34,24] 72245160751962237558653645661250818186
[34,25] -83169931629055487140978962989539142644
[34,26] 14416636899882471807688723752138470616
[34,27] 33832984387592551282386802847938053373
[34,28] -16151452780053861983584200380260950300
[34,29] -12225135544186242969990138992431201844
[34,30] -607131679506207537751082390119121394
[34,31] 33382839858573638227826971000883119057
[34,32] -41465988385536773302006305051756609868
[34,33] 20089620240843327561768270523995037056
[34,34] 4793837075074065741205454845077984396
[33,0] -685677550521866301819850599321110
[33,1] 1839239301053148720555285729475850
[33,2] -845089398101503285595804206799520
[33,3] -2956884080308013741587918732488652
[33,4] 14047940749739450292109459164643944
[33,5] -76694907766818080227252953912978259
[33,6] 177568805940469611455583542851397477
[33,7] 60591577824726437164505057671976209
[33,8] -945954839160057124992713405449580752
[33,9] 1345671880825941740137595099722589202
[33,10] 461434613928330206324763770569452440
[33,11] -3043053509075306308087298485299455502
[33,12] 2403482731985031717869567545294750690
[33,13] 1297045808305740986964602572430215124
[33,14] -2424066213520400571062279782292646028
[33,15] -2446299946695992173180008286623898110
[33,16] 8974597621881414602025964983995551778
[33,17] -5410328376294017797261376753570661822
[33,18] -18416162220439142708888216467010285644
[33,19] 46100916022226495267556580682698254319
[33,20] -29419651120569961046338714049200620881
[33,21] -47193457250308324034212206072337807155
[33,22] 105187774615999783970650970938711583266
[33,23] -51102855209801352424265411284983787974
[33,24] -75131557242217525326176833560321175556
[33,25] 126104504633479618802121095739726181482
[33,26] -46975655956457771269610100366749237582
[33,27] -50310137946894233459831121837590433400
[33,28] 53076405960218190322625295311729691878
[33,29] 7670385068020116910504302136510649370
[33,30] -33564376681196237133056068243035465096
[33,31] 1227816793102717932790208055609270199
[33,32] 35837970713894100468072172019226712715
[33,33] -39186310124889139277847743563690014051
[32,0] 996161868830008806572465839530017
[32,1] -3296830692286372568317795242541886
[32,2] -527272695319633994894015556806625
[32,3] 20936649841179583613236019647721875
[32,4] -43840387487391602743213306210887563
[32,5] 38006864258055021799822577550989354
[32,6] -11843402152394950229751018461981657
[32,7] -169382930284920317805719771280837255
[32,8] 830035736300242274356902987581132924
[32,9] -1310278700975234160327366115541345800
[32,10] -479977514127149583902581453993813387
[32,11] 4309971276816110635996123617672445396
[32,12] -4965382240154304453998019581586143282
[32,13] -857443755003903969572805624356857619
[32,14] 7059171719720769162021624910283990095
[32,15] -5083008732456595090381949532439943906
[32,16] -3876369818252188321580687736630032238
[32,17] 8584361042640962648071236204607430538
[32,18] 2865432367598320455311243882419705946
[32,19] -26976739690071144861306518944522407221
[32,20] 31480712814445753165141404990690648712
[32,21] 13556642662321271106313708852215233045
[32,22] -69910679094978588991497731185414233785
[32,23] 50133184251195238185898340156767302488
[32,24] 49385359122037189715652337639635255132
[32,25] -103338623726268902637972935956460668018
[32,26] 23989075116973154596231474224531397708
[32,27] 94804661930778046934782478119018292145
[32,28] -99106440058152128147452704287756946128
[32,29] -12638888394279082797636824068993610430
[32,30] 103023662908787654582455075273096959099
[32,31] -87474759388635875239730389865461864250
[32,32] 14031322372782051092207119604066829042
[31,0] -958241587597773962007336795651304
[31,1] 3941056541395446118936774136119990
[31,2] 941601909438541697723178275805570
[31,3] -33268914596058683734867687902608335
[31,4] 72604425180652587343330978760387537
[31,5] -13855460907953377935370699241422025
[31,6] -178952471308165790845325442145577788
[31,7] 378971084754075924674671463195062541
[31,8] -653661062236036302598999019736755645
[31,9] 884619912469355112497567292882945310
[31,10] 657201807304641828940253490638323979
[31,11] -5279033804003926028288773898763188748
[31,12] 8153854021818388051960789428669575093
[31,13] -1036496434623228538107207511009465265
[31,14] -13902482918636875643062383334139680190
[31,15] 20915938712840937118033214625328926319
[31,16] -8503331352512502900229408241420152439
[31,17] -15484336423047842805793426680815412411
[31,18] 29048993516844541867454997562303505500
[31,19] -14547636348230567747295694074395128014
[31,20] -18184299182740971891282252020255519106
[31,21] 30626919589968517684168102935310632690
[31,22] -6145467541715545524919954777886937296
[31,23] -9951966936810276458443813681276273409
[31,24] -21837205909332241532736569331991441517
[31,25] 44003327901942593739306447718774577553
[31,26] 27405950591789358821819226057893778524
[31,27] -144089821773780390190427851960017485818
[31,28] 154575944250756080770950329254172216610
[31,29] -15206117797610040149422946910110345946
[31,30] -138453688795845258784321971386986174916
[31,31] 168069891021697949968134292438671836372
[30,0] 541369895764456951873333216525212
[30,1] -3253124870677427504730602297257086
[30,2] -816074539844369779762398395192329
[30,3] 35153951644025893389199014545935528
[30,4] -83976003552064443421317171018323447
[30,5] 3319795698919354037216480872357131
[30,6] 324169845439154717382915040185507476
[30,7] -608918848430410236907393360734296992
[30,8] 455244034605230413133863931526780470
[30,9] 1045103809703640292853349731878150
[30,10] -1280871595192962118470890236967250865
[30,11] 5137184857453298734174918780528893700
[30,12] -9026171201269688220042278113369597748
[30,13] 2717679908729047974693604446563410262
[30,14] 18022881703474914698236225791108778605
[30,15] -35239919283164458662282866716536504047
[30,16] 22643777669346509984662340831380991303
[30,17] 20305413973290786214307758570354540595
[30,18] -59538531423433233632574725286469418362
[30,19] 55223360125262473078345134745659381327
[30,20] -1434481574279171253671436230805493087
[30,21] -56823197830322908973590481885999078371
[30,22] 62691190205134090327884638317756657286
[30,23] -20730141606698531248236179005373544931
[30,24] -5205430873806965728345469593188884205
[30,25] -2946491662710361417208112096960346365
[30,26] -21360770596526082495831655205454501190
[30,27] 106215243140934939479057288953562792375
[30,28] -156685467538017919598503552574936872370
[30,29] 80588707307944938255642521543673612784
[30,30] 63639310103020542632979020450628813922
[29,0] 77632856286086236156189657741984
[29,1] 1334975092550444094354825187033818
[29,2] 945844249162023578332441318174424
[29,3] -26976286964386502673483245624627537
[29,4] 68829402924452394239105629376650853
[29,5] 8377156024489521897653055496826371
[29,6] -378222656789595740070871760455380398
[29,7] 732743634729138964237892468986258966
[29,8] -236308855424798634970504197931986254
[29,9] -1166290506933996176325650282658975491
[29,10] 2454732119384228784543724606227658921
[29,11] -3808836402346931068953110798703813117
[29,12] 5281437839502785532126599483395049310
[29,13] -641324465003799262004462702489067401
[29,14] -17154210348389506867532137734102728715
[29,15] 35925079631495722203460446114466917408
[29,16] -25488744517300887236015217995242551731
[29,17] -23024698414697603228703433501774608714
[29,18] 71196611271123332240021961486991190213
[29,19] -66997693367145515046353104320491591498
[29,20] 3317353905511944321966941976009653593
[29,21] 63936074500846719595347570678502401790
[29,22] -63737610050407173479017907483017164009
[29,23] -6635202559619760415609297352204383225
[29,24] 58016762006087398025076174066844905830
[29,25] -15430364205687633932770198339402738761
[29,26] -65064059144820988239161634410791226159
[29,27] 61962840668714472012104890204599647276
[29,28] 34225356035306911190822029684069987701
[29,29] -106006394527719824363108215208042387977
[28,0] -602962179166079441502975389888245
[28,1] 1051846237644381477316121442355362
[28,2] -1801222573150399298345272346527603
[28,3] 13474433681790280576910575554983281
[28,4] -31896950201097091161317405109010354
[28,5] -32783650288899314639735346621768852
[28,6] 336811513804494129611724233940809600
[28,7] -652361029809135800865554768788520390
[28,8] -18108167641089359865071702011626456
[28,9] 2150466728458230344333967852931085483
[28,10] -3701663919587577290111243754457014012
[28,11] 2003382951851103982129888460657038643
[28,12] 2061414274689617315195546822489348891
[28,13] -6603780317978877482976605991385011603
[28,14] 13524196098408751467303765135021605334
[28,15] -19802945638955339263743130287614566041
[28,16] 8604598878102689338062697825577614966
[28,17] 28452787574542826129238595592580410921
[28,18] -61195388914618662040192205054317948414
[28,19] 43812127550719017687625688010341734307
[28,20] 22418236037643922276540498424220629437
[28,21] -71994288571428904446483080043390500261
[28,22] 37368937918282933511305508383351101295
[28,23] 67287960009871275373901942714343937804
[28,24] -130236082188386554863529174558041305711
[28,25] 46297891053236414560287795218048340898
[28,26] 139822560521672854374009161122008849169
[28,27] -246110104307382379482423999278756024993
[28,28] 157804481080045589476052705488038221374
[27,0] 794311895796410340387207335884402
[27,1] -2861569687367419196781004615331200
[27,2] 3101903970365885381529976898817626
[27,3] -641305033434740709446570514057712
[27,4] -10634022474369075790251449310049802
[27,5] 64792797887654892250336684253141338
[27,6] -228985407448844897794365504329854214
[27,7] 366840549176289335204571923906870767
[27,8] 302692240384585641979372986878077613
[27,9] -2461392728360826807148353349013671358
[27,10] 4060800731397463570945782930571959477
[27,11] -400823398218509244897213536140408346
[27,12] -8887704686703500657793271504184354181
[27,13] 15228585022650311887868960569832780893
[27,14] -10254486129307927817820007802501772012
[27,15] -3959771219612562633994693630573389511
[27,16] 21248479516145500750178034158286500145
[27,17] -37409948720189576556655413601148069463
[27,18] 38587199814846889036388591743946028442
[27,19] -3927984501238189141137746698613077046
[27,20] -56837091449963943460861340842625621298
[27,21] 86398742196689559380985835455716340961
[27,22] -31385440989963916391502569969143559551
[27,23] -86195120835154740385550745058759023526
[27,24] 161368203991369066359772619370236971529
[27,25] -90728850632840452587583748188753864548
[27,26] -107469118089514316465404183926093882871
[27,27] 271023335666715221341247473443470145946
[26,0] -608012137800781830878794902901925
[26,1] 3344742760945029780613420032304866
[26,2] -4015475964480710102457982056424218
[26,3] -7300571376023189999978591308698611
[26,4] 40651883271289810206005645337555388
[26,5] -85723769780396933253513559959587862
[26,6] 98245000059491118541730369905163054
[26,7] 12233022480283125873197854028062033
[26,8] -562590228262254841014403068400138345
[26,9] 1941765861558014668453319064462332135
[26,10] -2848053477472224402647863428524970496
[26,11] -981552667164339149432831515191106779
[26,12] 11290994947756892487970681152011868083
[26,13] -18424063604832309671278545996260410612
[26,14] 7048121537747763220986580519520591359
[26,15] 21910489161773113889558802191522962914
[26,16] -45177561725605786782143792317768093483
[26,17] 41806147819065409011587546076645192564
[26,18] -12396266905947707371355235764465631736
[26,19] -30778121359713105234302401418230255177
[26,20] 72357248872531300315600416766247038207
[26,21] -86762641270828918272263580590866584940
[26,22] 48493083530710899367961021489750506714
[26,23] 34665002387788299335324186195100878836
[26,24] -108567950162344007321155550721076836473
[26,25] 106046811460686259085360856713660459228
[26,26] -10084982027955383108153821121779362464
[25,0] 206100280368338400426705552976946
[25,1] -2461427012101361945412616789585660
[25,2] 3811099397350804299090525352703156
[25,3] 9215807906117675794669082081879301
[25,4] -48063494384340219400958692878260143
[25,5] 79585626168001673276844350068920562
[25,6] 14355444197754003749878844401665397
[25,7] -317671217814029789457590856233306084
[25,8] 699060345186467303818136263601305965
[25,9] -908262667144503703920192322680410541
[25,10] 428010745990380839696649801036795036
[25,11] 2411855141362976527066330171978261772
[25,12] -8714642006399118400813702423412611540
[25,13] 12527382758354353012829005422688327866
[25,14] -993447015125948300339573304220352646
[25,15] -27224629792767810894487624669609803532
[25,16] 47212467751547577567801588030937345616
[25,17] -30963781831423894040030280245619462181
[25,18] -14010030736162947273193622277258170857
[25,19] 50985025866434802861718334642186810957
[25,20] -59920246294069190498360345755281578438
[25,21] 53723941070003326863961666733900617815
[25,22] -46944176939300489277241493178881990353
[25,23] 30781485814973456718468199021539159383
[25,24] 11206918699673942710935513320622106788
[25,25] -70021425723383958870317748167154970616
[24,0] 165780045193605429173992065584092
[24,1] 854300673783119000925518749443520
[24,2] -2431077007074403037231101956107468
[24,3] -6596828683976376371648403511039376
[24,4] 34973088411090179690757731308119117
[24,5] -47160076245541821157734003325061020
[24,6] -81361962716648688141301076890235535
[24,7] 425213318234396849316357246146362501
[24,8] -626643776485968417383224565527499135
[24,9] -87271488670907616891889454039539180
[24,10] 1877791633519383290077538132442128090
[24,11] -3611948853934755187405235461029940655
[24,12] 3845094317818009986115945968333018814
[24,13] -905993856847924989310874725040144828
[24,14] -8273852677338133301812871584337919912
[24,15] 22647032749535691622843992996884426198
[24,16] -27272591054808382050804704033369388402
[24,17] 3669797651566862397747073982274003643
[24,18] 38212819166215446459737064693441327148
[24,19] -57117503805883515596172083614689181954
[24,20] 31274975337922984234515393610095941364
[24,21] 4653465263845879446221303633876464295
[24,22] -1006322385152873648298969210227141406
[24,23] -37187573867718138949884383491691467749
[24,24] 48552976819121282940083239953301735930
[23,0] -335253753364977880400784583745466
[23,1] 586453914854442800413689192543110
[23,2] 531900494779287621214761774042948
[23,3] 2202096185038204203390688945718487
[23,4] -12468229306729435685581142324940739
[23,5] 5643369395288109934847158036347693
[23,6] 95189631424927862522010420457956850
[23,7] -326144734535598366613865556080465394
[23,8] 352244006206427048509890001331323848
[23,9] 647389266853175316420648269686701716
[23,10] -2800213873599252814058060391022598790
[23,11] 3725971685522019637500432838800751562
[23,12] 202291469666502107599991357848189940
[23,13] -8785265513739818946395486928074246968
[23,14] 15956408792310464439363455752440145246
[23,15] -14462361728470814259722777896391800492
[23,16] -51720954979615732591025428367872230
[23,17] 27098166654389494403869068895623261706
[23,18] -53117721571016358074863256847631249140
[23,19] 49389931429453811012330306466723309378
[23,20] -1076992938710499944062145541304005086
[23,21] -58344467677701149533953679162622108567
[23,22] 69681834240023361799957869798721476733
[23,23] -18675684264527460587912658565783704276
[22,0] 284892198846692736706447870468449
[22,1] -1253550344038520664199449928829652
[22,2] 995779695980009411906352722398917
[22,3] 1366542685166334545090874305010887
[22,4] -6844291306286718520174067825407749
[22,5] 24565475229643489490986233489932797
[22,6] -68621444111892978086614032818337817
[22,7] 120583378401374741338129260328303823
[22,8] -903049813845146844288459776279588
[22,9] -722347482814586837840702571621399380
[22,10] 2106292844461715152427562540762523786
[22,11] -2291308488301088017277150022031877311
[22,12] -2190731015542193437609564935514722457
[22,13] 11201319659649787034485468508576429224
[22,14] -16155446562120560301893490220910993419
[22,15] 6149286330742583656631657964251632606
[22,16] 18487532104081387226016126615007319290
[22,17] -43218378304962866144584501784537717537
[22,18] 50137892112517700477608781025362228723
[22,19] -27413101802431364201046287631763532646
[22,20] -24412332113996350907487848189276772699
[22,21] 82326088506140150006082905550061079266
[22,22] -105267476143527049205052900163507325010
[21,0] -119709882658621496309863422964286
[21,1] 1095576505053868704369524755269510
[21,2] -1607470055264621586540736176390992
[21,3] -2689135873996428001111150532240396
[21,4] 15496102784907152275240635684939496
[21,5] -33545665335196743098877445904992129
[21,6] 27351211143424066598379552571840753
[21,7] 59548042540748095291916743723929499
[21,8] -256362405660907074122779072069123340
[21,9] 509056470431246322433648960435860426
[21,10] -637438298199107855158381203833773540
[21,11] 5060335532937053025808633059508032
[21,12] 2637514556816561211643834442912936704
[21,13] -7094482540308349115527661396202257956
[21,14] 8201371743912740293825344561955028768
[21,15] 1743587025731791748936040820178985034
[21,16] -21691181379309861615415779696131335502
[21,17] 36134737601750254307091442234957352052
[21,18] -28364616500808452922146388130847522136
[21,19] -2214426649150630504186899300982995479
[21,20] 41453518144358859787217301454128395085
[21,21] -72994331813948041035241036906007428855
[20,0] -31084450789486139796796986888122
[20,1] -500363260591490172481815589737462
[20,2] 1350682381057533898184842272564385
[20,3] 1890292627272028924550409760906735
[20,4] -13493662944010631722273931633967899
[20,5] 25318248198124168542922568434130340
[20,6] 3948023345147124262230590214794197
[20,7] -134566632056148777529220362292920042
[20,8] 319640662618172875091921000975870255
[20,9] -236461275569507449486816794536249166
[20,10] -516668995753485730872416161754588593
[20,11] 1733952550877654093857081268029791173
[20,12] -2355579910986533731010733253971506764
[20,13] 1270432350343896965646850510917088938
[20,14] 2165390870422933504109297863689978544
[20,15] -8162535191592928227223905967563683812
[20,16] 14361105029509946930493372124586659444
[20,17] -13378855309656451179533613145991286709
[20,18] -1613357165182735206163151058172810544
[20,19] 25668070578083161931738254886084420163
[20,20] -42713582898273864826265948819997120398
[19,0] 96333431511744224801082343054010
[19,1] -55234507194013921648327135951908
[19,2] -677695319538267214357448385385114
[19,3] -202843691943206983774251420531902
[19,4] 6067947853377306088607680948341636
[19,5] -11043666869443818426707423450770739
[19,6] -14275219539337734997401996661640893
[19,7] 108607579857812754422584522102450573
[19,8] -217994229831622515970624834714429072
[19,9] 36360755990414715271145987063610866
[19,10] 839697693389347320834604746474010354
[19,11] -2032010133821465151816018353743346737
[19,12] 1658087926067153545045090445945427111
[19,13] 2168020040908422611196272579023210952
[19,14] -8030871349219046194048305708033701259
[19,15] 10620585642898603050663634287151630995
[19,16] -5088099598840513865983469824228560096
[19,17] -8360291019610670623119139484363072178
[19,18] 23992628621057936855744714350202224804
[19,19] -32628429263099114297063684804385037745
[18,0] -81373562257467450074852230706215
[18,1] 305637110311894807054351140417294
[18,2] 65762947273103597870508001145908
[18,3] -1019226561067133043573122595598999
[18,4] 772465879875430181742784997321021
[18,5] -29092206493550092272389574990193
[18,6] 8775095934617059131534352151768278
[18,7] -39686790862672634671570275110056301
[18,8] 63743574443425233013790759836208653
[18,9] 61115520720925769867357082968968824
[18,10] -537505685638290330028585538117276404
[18,11] 1155446230901807682591615906368084434
[18,12] -666207952425611855822451356525161232
[18,13] -2468260450534406426063662757709165296
[18,14] 7140883278042967265388998047255861073
[18,15] -7872733634388319816500446427673224281
[18,16] -847568742908354192755913610185337351
[18,17] 16750200783067144275998966927295987365
[18,18] -28407333708711095454922618265670938882
[17,0] 33126566210434198489082224316458
[17,1] -267321333406903639121068476860648
[17,2] 245852377207558886472180203164180
[17,3] 1169575201859583369352696344290631
[17,4] -3764979490960750493980913030240803
[17,5] 4784637294133532562070256791810839
[17,6] -34635424863880042181265338271964
[17,7] -14480518903628757336583112546266880
[17,8] 42510952937395101113376755869044338
[17,9] -79637752425129732256903368831220046
[17,10] 107728245978834058902189159721958954
[17,11] -69009741800941255030109115314535040
[17,12] -263128255883453521002600245076999160
[17,13] 1267899172923118199053298649017808664
[17,14] -2625641306581295987098635403213269296
[17,15] 2127535043364571484700948607081919115
[17,16] 3104400513526709781631633932460426803
[17,17] -11985697392854059052152539577276384544
[16,0] 5588850043038001714334822721089
[16,1] 109846505094416849386138601256912
[16,2] -275923227010611273043550798566246
[16,3] -554291432018886433492542904491122
[16,4] 3162218454276064566319134859395608
[16,5] -4804600280220127552059387997588602
[16,6] -3285401426291913758559003687788439
[16,7] 30888998931445231012828496987432063
[16,8] -70141640396167981655032069533883311
[16,9] 58095013865011463398634802824267338
[16,10] 124201901104870730398500296929005542
[16,11] -490214009814889898957750240682157124
[16,12] 705711585806386706715951328811660560
[16,13] -226883352472665078688624373777800712
[16,14] -1048424464267923542741896058641289260
[16,15] 2479602781391617339522290030631793442
[16,16] -3318636067772231166143377168121024044
[15,0] -19041333215401672907904451397952
[15,1] 14733043507714979135580856332100
[15,2] 166808178782254500811161989224812
[15,3] -123808833680422792727497847619254
[15,4] -1133266908620605970984274059354230
[15,5] 2905482626338102785708084231087686
[15,6] 1075912237497635427977230735305634
[15,7] -19928720562646003273680941500367233
[15,8] 47284083878658247377923900747520871
[15,9] -29773649102242052463741929151631033
[15,10] -134276769474002616055145864457109572
[15,11] 457269380300364586464535125488667245
[15,12] -590166588989776732745823679668053205
[15,13] -156250829884545582598172182021699836
[15,14] 1981140860270629155214176940459690427
[15,15] -3546383768576675223317677125753217561
[14,0] 14229805655904342252056346736552
[14,1] -54793037787331904936771071060904
[14,2] -48808938427843013059974507738390
[14,3] 402319611995398384187742992500350
[14,4] -379199904455241516827482658241365
[14,5] -999619551492682303248863061825976
[14,6] 1971570712994875946389844158133644
[14,7] 3305642658779311366491420510473694
[14,8] -15048212717866602807822156929636521
[14,9] 10988117888794161508702345304181759
[14,10] 52950632361557129889058093194283364
[14,11] -183988991460117006527307501597456679
[14,12] 229121320445340789392678265923386673
[14,13] 155861813027379291621997966143935984
[14,14] -1133697533417429242272514132918124782
[13,0] -4709585535516337273751838236544
[13,1] 38084064041762600782228977755408
[13,2] -17611771936747165945509507997232
[13,3] -293084897730729716918863722062672
[13,4] 753105099764990251561434806291048
[13,5] -167664865362886178786095688694500
[13,6] -2536916620501497516949498368896826
[13,7] 5288740054051359476891866034816692
[13,8] -4034070041171796924973273570626136
[13,9] -1710618667939824802104054253577898
[13,10] 9026997346750158467841323373422468
[13,11] -18674624815083843545928112238329316
[13,12] 38243784946704459795215090155482232
[13,13] -82580606176986212514358244557501966
[12,0] -1191746446701249648286600634384
[12,1] -10296043498656290340577806920928
[12,2] 32174120273576427962323647208640
[12,3] 67689851449260970363887012745592
[12,4] -424421916334951164627918731573895
[12,5] 551713135314316726601132473069436
[12,6] 1026610570916332523323111080279669
[12,7] -4995039366220743016961992056880902
[12,8] 8364692601020497395291675279081798
[12,9] -3183298612901030178934642791493891
[12,10] -22354794902281327826988458880042630
[12,11] 72468219053420606221625993615345367
[12,12] -110639648651961885976154085695570550
[11,0] 2401287702041216890550183971200
[11,1] -4462532237013053938163480779584
[11,2] -20370972807665105068992288483616
[11,3] 62172701203902025568133790462976
[11,4] 36911274424568168359981431738312
[11,5] -429407645674906153323172445099624
[11,6] 465415524749409888715507906967726
[11,7] 1460256683844677810856754269468294
[11,8] -5329881688114503181441915748844000
[11,9] 5428219777799220487622226184817179
[11,10] 9585119215499750670430384842147357
[11,11] -44668708043252039801417035108849274
[10,0] -1357316937905736907216028680064
[10,1] 5940001526316034035948962303616
[10,2] 5635795177234308052689504591936
[10,3] -68160370498148388153377465382816
[10,4] 113627663260382696127438054731760
[10,5] 156686264743878618018326721799536
[10,6] -816286249865957547941299917805390
[10,7] 779826506071438204263921210563096
[10,8] 1473706285061552798355893998556349
[10,9] -4542318161766845430284934342108316
[10,10] 2392247319365747895895706624724680
[9,0] 262637433749579002747490441216
[9,1] -2580350047600718611337032149504
[9,2] 1724940438808445945343654043776
[9,3] 25412603865321642440409004874688
[9,4] -81103283217944031169290592178528
[9,5] 22626133620106798395176978340784
[9,6] 394037958025034021436133183131112
[9,7] -935197772863260663871968047373708
[9,8] 505407129137836271924620046913394
[9,9] 1713516522407419942301370310767960
[8,0] 165845891972971351554095845632
[8,1] 105058027995128573643985633280
[8,2] -2433300396743113891320921514368
[8,3] 3541354673070258866962791716224
[8,4] 14733547889992366198328081007760
[8,5] -58532566376822643689421776556608
[8,6] 21529194065044480903438538018216
[8,7] 281034303617931569522123260829312
[8,8] -723333691362074185146068565311148
[7,0] -153045476321818129510140792832
[7,1] 486707761371147005263636668416
[7,2] 953969506322872084811536384000
[7,3] -7972628834522960335049647788032
[7,4] 12466497591535505433833579386112
[7,5] 26514067701019290341202401606528
[7,6] -124159516727382626418039734202176
[7,7] 117120979698037403587861149905536
[6,0] 50026142358668631025147125760
[6,1] -250924305583987304821001670656
[6,2] -35524374879592785499996865536
[6,3] 3104193164107824310539801628672
[6,4] -8925072125721673487047622987520
[6,5] -495752001257186422340124844800
[6,6] 56967052911075577028720206544512
[5,0] 456768658217850585456640000
[5,1] 28586291083057772403542343680
[5,2] -101461227753614574962373144576
[5,3] 26492161473519030282307788800
[5,4] 1300705059374252990339788134400
[5,5] -4017465667651916565470518389760
[4,0] -6723837766192147513106432000
[4,1] 21217637703829912309338931200
[4,2] 32792430942774293863419863040
[4,3] -428897836448958132713939775488
[4,4] 901435400379215011891126363648
[3,0] 2460552149929566142464000000
[3,1] -8213142817897067109384192000
[3,2] -5390104912193630599806976000
[3,3] 137430266026277699747276226560
[2,0] -323655790980683949670400000
[2,1] 96670992716351039078400000
[2,2] 2050205405497709111787520000
[1,1] 299502373743319475814400000
