[32,0] 1
[31,0] 4199732531040552528536084758636912
[31,1] 4009651872266962980953734884857700
[31,2] -1056728193270110913414020692144576
[31,3] -1479973736847878432670855228823430
[31,4] -252213606824848911223709119857424
[31,5] 68190571847136010740383266618952
[31,6] 24490579095863483064790273677168
[31,7] 625083761389496637187308418514
[31,8] -624032638992911244621080350680
[31,9] -71095133370211280103872093074
[31,10] 5141337785728550979653544496
[31,11] 1333217677681940371250955247
[31,12] 19765048711652220569144712
[31,13] -11538512058410514505390130
[31,14] -669922953949468580606352
[31,15] 50572414115162555258495
[31,16] 5511216934188185568024
[31,17] -77832974290569852290
[31,18] -24714396214426796320
[31,19] -295057814305843055
[31,20] 68611677767192512
[31,21] 1959191193314284
[31,22] -121479241215376
[31,23] -5233337933080
[31,24] 134249638376
[31,25] 8134112878
[31,26] -84860144
[31,27] -7689209
[31,28] 23560
[31,29] 4154
[31,31] -1
[30,0] 4857489325782812153255498352772503882518950773054304309360793040224
[30,1] 5816140489755895219242597012127078754133428960970856109171975589952
[30,2] 3321371466030208455982897259603617336798044287735278704673616671978
[30,3] 1203627597109784029693372756649445546522917144635416393876873216464
[30,4] 310689122659781629650046255481033810011491211786226452974179336500
[30,5] 60781681809874640289975868363388052144040340461919923272708027840
[30,6] 9362321364616317175138843998490617233058580067330948515240803951
[30,7] 1164390883362806515504438422423683638370318616606855101562442304
[30,8] 118971978345413280445641806409205944345440601244113235969281952
[30,9] 10108260096493891113974504457039982991474926735152076582524320
[30,10] 720150853348732944630298636919387205178719652942043833361056
[30,11] 43258591667450501672168966385324364230549910883404478753072
[30,12] 2197845293640693095098598494038529001676471573615303805340
[30,13] 94556970750087518586374162229340394637140541246416403744
[30,14] 3442281074683064656050429531328047059884333315869045465
[30,15] 105765253674849180868995993229844439454969407077846672
[30,16] 2730488999017655382825016626611355705428399916151324
[30,17] 58841182526859561014198472919801686110829000951264
[30,18] 1048945446668718831010220899771982298815709157373
[30,19] 15285094804587389375713574906202594663116855360
[30,20] 179242785372980518683824412088951791831772752
[30,21] 1657321059745853437977502300804803094454016
[30,22] 11762132594095091280861162731273788179092
[30,23] 61810863847967534851568600029491451712
[30,24] 228970421531902820732575050374254880
[30,25] 557796362228269784920100594924960
[30,26] 806820681363740147596838340400
[30,27] 590936987469022940239031088
[30,28] 167372227706748467740020
[30,29] 10862937230746316320
[30,30] 42792870842601
[29,0] 974426735432390750848061139604394993383999584598065486295050173535233167872
[29,1] -29967110959746785489607781879101765103320930696500854054524311890298876096
[29,2] -622914385283664554775342415140028694843172964664247584469066746762472205712
[29,3] -398433251176814124291252942548396784729138757202722805269881182049836031064
[29,4] -130971587258438230815989701115628261301136764884931977029068171163586383456
[29,5] -27276522239712067416693545760752899063194934769122033033289398787060306610
[29,6] -3824914568457474228425551276361790416990066148588650941268788979114332400
[29,7] -355986310598505683043584447009922673620679772343651016796298067913700400
[29,8] -18608253728220250353151932603394786705101742644883726258327940393541072
[29,9] 111227011536374581444376755397396459128240553722527117821594316803130
[29,10] 113274859899741783528838821867729155129127284337608126077930631406320
[29,11] 10303459646488987501620029396779225476173312954699195458885303591770
[29,12] 474802100700678435871239713778121213030558184486533226769449367040
[29,13] 7401951024506509627618927210518161751673692984141901780465642354
[29,14] -480161003490136783719371561322295683047881721550860734065379320
[29,15] -35400294575099875903801314639412457614062287331558255430709196
[29,16] -938619556515435245791412691561869232662766643815661981425264
[29,17] -520052483624148829160819822166793548955136134489014119779
[29,18] 684298208999375351058287967285704248964894689952832338384
[29,19] 18073891966076347053349858429074031907354471222306795978
[29,20] 98503780045270678440639840237664113664812376942642720
[29,21] -3497665177627902749843354015093503061166721679100794
[29,22] -54597440949689506272057387707132116785683137506672
[29,23] 94069018911297198364896254510843024221629398524
[29,24] 3915405658199657038941184892592005370035768496
[29,25] -13695742553129132190780569412516371246253406
[29,26] 11662173696039674677727645193665026559200
[29,27] -2464831594818859776255401472978974582
[29,28] 95081744249516625379239766661584
[29,29] -324635695656964937804503608
[28,0] 706186826219138867041102511774860334867923982530111357678735462413447800253261188352
[28,1] 635059229553027969463556324535228790895357088178271694404548317247178021821644448000
[28,2] 265582128148564129291227405651036172537710476987057347596852611922640083867413339264
[28,3] 68486721886204702003721433199196658043302073795052367778497283984867872195242127024
[28,4] 12146147230363352739622826065674161260936145265961458545302099718591079882702458323
[28,5] 1557887341752032581423705518711526615486957615873604208897369442000726869840885728
[28,6] 146858762027751553235468965097687985778979591124139050236737109095381551775330244
[28,7] 9988587730807785624472637970102462272844561748635555899956447196907119855386416
[28,8] 449249241200980467771909742083908056338915562727065083502963399440046336181552
[28,9] 8693593888936488848866435083338211947742565335135986393893320682823803598064
[28,10] -393260800728765761978034634172489641454643319900421317511944479944804890384
[28,11] -36636215753383449432329480079191759986752698372723306877453560033331853304
[28,12] -1118358168138675180777732413119398442959394311597709202185353867664019569
[28,13] -1924638159471433871488798897663110664539405191423125651657633828861456
[28,14] 785899079777214642482874405855507370838270101353555912290533953909228
[28,15] 10423909625351239665008000968467777173266841322561075680165488969128
[28,16] -600072521714441683341646098859886225536073212621186948100174109808
[28,17] -19223430981602413990201991265236012014144542794760125352553315888
[28,18] 107635627453306306984272296827515253701133989442084291789519436
[28,19] 19029331324809356707113302059814180694311134166532719555616440
[28,20] 700559525861870758607143108969969118446195787753552129671825
[28,21] 18184188577461725081751455811155316188400424904493953215968
[28,22] 314032888039956581020284621483558357978589778049413623520
[28,23] 3246580106950856049692932500301633738410868309540371584
[28,24] 21442842162678445248897686545934630001936248830917071
[28,25] 67915380605293867203921163286045274876368238838256
[28,26] 65894040453569955115203483677692693212785558240
[28,27] 10702376559112858349159411836313819275745032
[28,28] 166818613999869746236817857454965585635
[27,0] 9494333303452228642314677814421389219870547850517436574028747561273620535113932172106858496
[27,1] 5712750338742907529272171406583011188653677387323324287097565042365698368110305286575305728
[27,2] 1482028311858734474206784459809653140284511473249957522647260560180505655028701062916270080
[27,3] 211566345560773414033019547346347784764435927558145835853043415879645685394896125433460736
[27,4] 16988378311342684634008011221664064446560151571614221915104643895323439528795588986523696
[27,5] 571361044798933181078015168477642365572746396644953160505369031458418477001558150552416
[27,6] -23754757126744443909483200667329579176594173296846841023544226887568205959497775908080
[27,7] -3388138250292434980952279319973736294235015942904499932126915611077428466898602531046
[27,8] -130675508941873394689083687282450190471080984652163149586134685779161649469225455360
[27,9] -302385956114445654433913584584237326041820310490752377017893347107217880181456608
[27,10] 69646402234498357000216461335841654214246038075444257649919250214789030270143984
[27,11] -7170627249331273834058241095676499153149090671080571815190513061189086354491080
[27,12] -751834596277832092030217641723014585615970867831788309868569087497750275062680
[27,13] -24261578790740753027116436976868503592148008372582413017690370404755093940646
[27,14] 15210524290431710934033682309776828809347469149021787242262145583726844496
[27,15] 25359125882791875501965536177827601953971940832354942420104471236498678867
[27,16] 869876152589657727075195257800263574811969358160140248147096701653813064
[27,17] 16708172057805072951911116993728745176761810389557612785589849691852700
[27,18] 264606835906572882269856188665311429398557015304531972041723042827536
[27,19] 3451854829741316657504898096937595048134980018067617227053930097191
[27,20] 33878460260025651154071469466763832534303048869941088988845992688
[27,21] 488634881704329266152676881772905852724159779252326807285530536
[27,22] 1634280835154314969556127417370896644022802132985027763476416
[27,23] -48592118081098570091071861202692230175737116431978209542118
[27,24] -358821546557676795571670483592001558456278795288676662288
[27,25] -209060657133962137506634426714578900787797157915580660
[27,26] 1282915431792422002660583492502623134945794785619696
[27,27] -660056042904163680411173292635886131488410324590
[26,0] 64157518346622035310589414530744750255030430329365546401468447461916367266095892661988793395781632
[26,1] 25730305098455378343859747651120909031187119579253865154101304637080255985596967014069489003909120
[26,2] 3998397269590205883075672570826732004729468804734233210249132171057696185827683061587761288650752
[26,3] 261414937443697786600140932469255495852308172314429923097410273046880160356572827934567495809024
[26,4] -585953190258848589003392280572896829500945538584354823195026890127375933404769725616107648384
[26,5] -1055385355299338037330511960554388528320739281715433454483683741331014390049741388784919256336
[26,6] -45173939766347065403241944472743952872393509486446917140202552498140485022978112496591230074
[26,7] 717428743327058225536623672953639566186360182298652524008768584580136682658704454653788032
[26,8] 83099910824535877793062341858957325477076525502940353697793509638803161629829182264879600
[26,9] 199462472587048187825353696420724106241806276249785430448523447046779083454552259845776
[26,10] -56527296853919289055464771337592723297271243907936143121684560897413382817758406834912
[26,11] 2591614177133486839467227915636702754927312696522984792140570401649496390920476243024
[26,12] 187415761781578912245732741969295892567672736105322310508574315351526445804788075296
[26,13] 1486640014537334057777516719799825884571052646854336382895242496218672947218090864
[26,14] -92153826402458612393933018557740372862098504706713346619263324827016293839456326
[26,15] -1493735079852150888387218297629142670484298021960477833711515293272603160995632
[26,16] 42528164179306640012932230326418963187569562138057289990654362635793595369900
[26,17] 2166050038360878507596751703753227568286059996533785179394651026154137637352
[26,18] 39919389846700249247154682569723136628954893771230105428919763051042834867
[26,19] 143815113035246104888590067712604459851652006804178078467909555662569360
[26,20] -3111756907886542507180333570498345233899270705170342653697926403894912
[26,21] -21323836768290580461351980733600651356066056641581114086402639893968
[26,22] 84045676106436326420340961556538142289256846622604011655609771782
[26,23] 852239785792387600581543885484413277888160156538739272103761120
[26,24] 1704846067674938985915372022131961728599208967892515996471984
[26,25] -10243588389829460587780360258897218833999252343877788518000
[26,26] 5626959632924904493114730781554776182869873394102595734
[25,0] -164511575177293767498586200742255013203981334473258847965224067997569405135894647376013855555661004800
[25,1] 14545977040325236327446827328706166231898920688042030851615978674608327162843622054135981542497779712
[25,2] 36998312579046539153039523881520210947290192877859528964288269817665882671657869867323327111478816768
[25,3] 6768599788874971735047281819063048654628737195669402059584073787608346801882800500110334084888382464
[25,4] 114188043103593022108331282503018657691591768258800243569309791345220188248877838998702284770810112
[25,5] -72954221363046151880971173835341125498294503226815613479893293164006692477667213435847219663157440
[25,6] -7155682344678029875175319314633595447861974109833285770076705605403025302114068812026249747757312
[25,7] -154724711749056049609370590009497627222874049936504901327934599490283928933910248425538999102532
[25,8] 12363407909857048381415558568585522675795667286014412716500006942582934049952852675071336685504
[25,9] 799129147070923201803122864345934120492696743006462291478096671619106061407287943060576223544
[25,10] 8572504224936721836069737800951900035109763798883670538968487524448311417113997318748413520
[25,11] -671327604960646490814346450608015855801806396102647790919869416349415888422694571342690744
[25,12] -27249589586637018889614885412665589263165607975448973210997008245320997683209205102349552
[25,13] -202716665328647662530171476707081987848188344961632848859527851240739122189155825322190
[25,14] 11237487404650293838533725435008217267571642163278489791572166040299351470894077955248
[25,15] 250602954977750313749741382547018370430824267231847365308834162476916733786229914674
[25,16] -267518836634247726476110717434188290966732441642533910685960590241684948778665200
[25,17] -25079717190091903267088500425466324116967993040896063259340404424605558615424222
[25,18] 199239968832636707846361894162758501256189673974240025260190114495493927805056
[25,19] 3886553732247428486532771108239716688352288376534629766825616188021245137066
[25,20] 19690111683313179501914946937296503595150521766223639408256779499763152464
[25,21] -35367451418337846122409508905205563810315119049963064382478898242875284
[25,22] -1602830107921375675340959496631000558907526860834899551458860714366888
[25,23] -2008598948917198193577711952059283105104874909889752020484973422790
[25,24] 21263237505473309984625460465475155204647567201223810440960659456
[25,25] -11433682255757361970381961119211654740107789564629047079731893
[24,0] 19061971978995875745867309195664195717048060469074882124170521162717185277059690086593662638135811197501440
[24,1] -462875943681353010856750623277179015213626655623568226094537300613621024318806272234692341188828603940864
[24,2] 392010971613788987329547765374124796796690804930519247156122791026450673542708594294832418198631770152960
[24,3] 355949367897735133366737109223600567574169899513388972845148836452004050203892815885433287329715743227904
[24,4] 65955775492792610610205651314542053255886772572315008569776418179420610545605523009649608615648423816448
[24,5] 5626070012325514806918381341257144901070303736916640192932557776362815222484843315373479037921755959808
[24,6] 234643926896548114825166545866060781003731406080625342837501130175208985372905085351564413903951821792
[24,7] 2599723404827398646046385167179021157541507335004309403132919947846851323442254009399494358658645744
[24,8] -159884926251368777913612813220656510506138347172277490276231185193993474017059890135694407992134631
[24,9] -6921733570423425183994854135288207390081615828588617918717713464634545720654620736798183121720704
[24,10] -212483173375942637829451365897794265420033963127026000258420487919739767539702198586033962993216
[24,11] -10655069733655563867778899863644890462930177567769145735463532037440115044402743301457229429376
[24,12] -231252231565564668166062778525383888431913031283514066218341679818931920526130410376779285132
[24,13] 6109170323849859076008092188012899218004359764134752561964460378326550538966837506715109104
[24,14] 299152024846835929652962168495114228584195298247033241850201409615392590497579371779229768
[24,15] 1532077212504825145934852085491899696278282538656966651462093789045993077941581303685384
[24,16] -43754851266056698437654788278959910792465492967128841249124470625345603663485424049217
[24,17] -187518898195660244634243494587270253214849505799927464177765116317259724623590414336
[24,18] 1474281317994602846718947562514745930088626146251786184673783148319547029171426620
[24,19] -10476962111577027903731793468244950979246060639855828043593052120050238736301720
[24,20] 83693785189579483369508593940566308621764524394891553757355229772315783831148
[24,21] 767505850509422853653131512284547049500930733204732430718541959392930398080
[24,22] 2867749210860585019822784891440718529375670496244471206198716286728861952
[24,23] -25238464750252402063280840396132197967577524056904282685951315861728368
[24,24] 15407896501704729680304961292783334278732908783702008283891235624737
[23,0] 365299760390045040915754400089255745610206947950975525031633330913235778243393642284307261882202244488102936576
[23,1] -49962038736900990616984203236938699285434838028568768741894605241796470467803900545434321425074016310148726784
[23,2] -44436345375870085001223842101641883320491599295975997567720499339550013302758055714597464335143439950095056896
[23,3] -7852050526207023409532271813273407906185994686762567645664747745601371256764891664657142282067458578516606976
[23,4] -666407769343898126623804705603555957023547371232547565985441571760823055953742196964403512169796824456519680
[23,5] -29630100215107428733646533645499296950323903044511280703855540555688058591890415337119556205639607983685632
[23,6] -435481866973572672895822489573369150505266118811534047644343028082051366836965845825067899816701233408000
[23,7] 29010789190209695102898429645869673620520656531577130044821467552190644721628247673323370147116246954752
[23,8] 2112516333151491860066248873925354903523068813739027962754617474340901352342956950991711725435214580928
[23,9] 42680970697853139294258791253217040488623529638442658857026521634789182728124208565993189332479492792
[23,10] -1531205287317261732404801303333428357180848299739020459194111461438140692429639892815193430552414400
[23,11] -85706013469903311219450051164235807332484817630383840743809521883238367386534968269460772667376440
[23,12] 78908727630429000396209230321168660515086078118691979382867396949086204715483420239640076150304
[23,13] 67512832447221145788278360294398437634176427939993896398879802138045222468221001699523295918904
[23,14] 757813750940511386012529056824046500915787497938659517607890824369081912657291779153095740656
[23,15] -9333985384915553210756185984796297903558479414961498345032973429064253531232655885867701004
[23,16] -38293391491145340873482330157097122232505856155577629838917135029275834054764720576305704
[23,17] 348258855179132967775094006765722749148059391227920445011464803094036410541310417115822
[23,18] -14918512707906042194449123925393827050535098016589697132531298396651101730075912890384
[23,19] 15664858378599009382954958241717332966219616240005043573681089076022131163970173401
[23,20] 209911124704402850453682614270703624931365655024921632111495767964421912209900288
[23,21] -3777251455901636760097977661659069669282088660119324656873769421586780629045112
[23,22] 18507051595406733117376736270753100465848020475015764196820483603706894813136
[23,23] -11089634344705071010985442153377267609816483050669142739775943873124499056
[22,0] 5576963799765931195444899202894383208237713669734129660464215205606430360912653127338602015864023293623056052781056
[22,1] 2052712179507737403661472766516025537271238295729449796201465153298831576872086451175687099978059789919717930565632
[22,2] 302462920272284135464840829900359319002071130764164642157022950300661305331947728058275615115762110553604995284992
[22,3] 21822356678828141215287590575895300346034835853461966213326767658089321698678215556961869400248035238114606972928
[22,4] 672058305754892045149420185200434808678656065298053138714173328866330549833091222579839880396457704823126523904
[22,5] -2948776678809393512121532267297385459455849373368896809010743866036379519075994348121253303310531583279341568
[22,6] -148084621087349696657467888792740109027104541970378496151550557771212753814930934751690691769446913365111808
[22,7] 68354318036519049298192549259842962470889703379211207551605258494084615741160604822197041569436663520203776
[22,8] 3921077653998975912794113530157030253833978353372631825887551644941733266772606958582591858194612095394816
[22,9] 6988814902487590345168999805662385372757421667833539851571572885386648341756485617657651179823229973184
[22,10] -4181247983197719895321497579682910580177215760817406155305534218031587510784142983507517187809173571692
[22,11] 9656508774391828802199613796545913103394536700322615437506986293059586397402214430556821584504773312
[22,12] 6804594146178167369658430014407682750733396197513540491132089888503305225165364729664414529369298464
[22,13] 126585822252723889862574010472909910974721382525536663991203469181274000014281706457527448561176720
[22,14] -305408966976831088035300663399657426706846981253320953642094733807899356120860513172308768250432
[22,15] 6466612227558486844995765136458529733942780382433989100442098893341485380995861363165503273360
[22,16] 403680732077559646961264355124124336983397430913987928768573168808359616559268935917653677352
[22,17] -2472326112159107820703109111437729883391576571227348845510584627978186475459670465902141328
[22,18] 11731077982252629031458590951267570908388096506785007608492782627861615786225836075926730
[22,19] -226898915547423571131300066150696423807226646992652698384072719850521648397297230462336
[22,20] 1927918865702268725012690969273155589819931861486358422168174879992620446771210127980
[22,21] -6835779825030907065769334140121874850199861282855925716042969849271204809338800544
[22,22] 1786852967269223258660349780102447630132458999279587393102652375615638005753905
[21,0] 2989895490698117614306413734313883460668264524776808457467354355647042743548841150827809429329015902874224468137345024
[21,1] 928016733194854811787354229624419272155407025014453816655062242313848634779798295992513488981797617805078943217221632
[21,2] 68541424153485710757679347242946630501624516760776176482265835285572805449265462091563129101155891191607746553184256
[21,3] -8154378161202149825767559813112882814851680921929109208339602590193147722342354826812897352866213525357671748206592
[21,4] -1747626697670479384887600432330510525657763882900350849413985005609303690682016310308069685117674781241082445430784
[21,5] -114793927369891909622830955688259160778072627650889268676321510534415439198207456729009845538161544582479849947136
[21,6] -2465340371136359927850536621534096742050915123326554007969304384796900680093572822008089889909844280510928715776
[21,7] 26435262979324395464249825525626288565888919558557934379443249529787385676023006893380321000013860482849277952
[21,8] -2628030445992971338801894303568412727306982535355615262601328551672502952272001948412636512680003047548661760
[21,9] -364411779757030113591807715745526322307998394541610150677852882415659034840454026173964508286334659340612608
[21,10] -8446552291435817914203556929478009455388007680444723516849192660884952531281586440598998834505356691629120
[21,11] 163283447549591977401063743893374106684280936750268740523975838572449117507200028584636227823884938055944
[21,12] 7150689562331046900593848667022180329713212854620400202443782923967676721548490588515343393395911822336
[21,13] 5688868117252879193111258240213878284626846843769095722765418706777024738162725595146269661911081720
[21,14] -98880106450855500306652813028465536036359713631735878676288855963682320182970061574462575405263920
[21,15] 39147121337695242272068813651416431688049825264899566772450617547110864630710477343576072485527840
[21,16] 64957048213961353185127340655243399173671491098724169411713603721215710897842249430444976342672
[21,17] -53191980375780697280306851541210197082666903575869985365075216167730241645190590827762928086
[21,18] 15849133621211682090437232425020590190948902389990387960743882673583995429901532208588513776
[21,19] -289211126487592839812717189227974892396201582476914068158518717022255098943434358161728274
[21,20] 1060292800459205779525047182426316198544188990598770707805435644349767733726071878112160
[21,21] 700756828755530702653042024512862546734826214011223723695748908394044781120285227082
[20,0] 1469544860906328118868276334035711505382987251115300679882294669795900157165918126027354843981404716781125140295920386048
[20,1] 332511534082998968702038244239535689652281637113975651807129393362103416543414371302687183337152985162070299558463668224
[20,2] 12987056108878486938948045679814886205533461338813998454557524457921689403302305761611239684598466750451375091738476544
[20,3] -728626376540674444802487987537016815343657120357556947739607835870003882605923647459166112136713813529198090632822784
[20,4] 362732462565162511738218172587624803643565618835967266706736720630175767370747075848970658747500536614599494353616896
[20,5] 83501009085414089937082488770014663284933064789199295822440646661333719135986031321485936526228797106097476214980608
[20,6] 6286557759955294037497954168830666592828461971941878521395991508904288780168001715745045070474879037940887973609472
[20,7] 157346639431319830648017896928842804270492606425939943572939164432641715774544108240005760537284915205683454205952
[20,8] -3687737129350305724319612423539957508739490268420593571040729887804095239993325510693068713932139164046883389440
[20,9] -213355422120508439290939515690872936928649399681687848262105456833386263816720403320297837236549355738223726592
[20,10] 2431440595135494983095203740521187939184377851727511459612382915497875337551921776450450085304494750449121280
[20,11] 213759155821567420082709508442538909091542684397834780051025844071997639900313031426297351298623767805398976
[20,12] 3752639510725111512391156826729490680275900166237937226224022780791725065262073304281144686181285849950
[20,13] -77138956604022394298001278607681139218345326346898907740505121629905761614058546460742438968173333744320
[20,14] 306537320615420595937459324709103712743346365899070660685995003352452057493382037646324585194088363664
[20,15] 10698564491806559798847392731620073954506672842706643456138558470354556705199123456128903752721462432
[20,16] -32698989145640130358495746525966657135308129173605394631143263014631940904367090003638079157814032
[20,17] 1558421123923764132135620758117759263610990773484163625660960705567223927762617717890908066066576
[20,18] 18376128136206305715375530250125912123995160870179084104799815816827933375833123666926884740456
[20,19] -86472551592393623248686360895532404828790965197401209707256858634323664537112633481582617736
[20,20] -73980625680431948632691600226652774452712877688604053083462176474186010565319522464854084
[19,0] 317169300738164410923190070141123560473992232642030976076405757543613445122881913330651152976269168970040942493050630832128
[19,1] 118888888504727730794395892632609941446267329233638303300420633111057583967798967410551106307949375382529012785900016369664
[19,2] 33002186400553586396544018944198048105156366633569954179808202501226822005394305420362875278114810707709356260891381727232
[19,3] 6826510258041710648288064017430154024037840016760029836764062767884555189486527863241903127193107166164171260733448781824
[19,4] 833389364707859876288632710136540975812970627022717445039445902179475267465351925091788800091287256588892241118316462080
[19,5] 51114009297660476759559918659617594162389722319856011688447092796770242579779914941287743880084994071551197328900620288
[19,6] 601001862649242735171097343127903137152387862926837643587240312000236190788496479811281872357123055844971570460098560
[19,7] -108895632461186609635667025637296559243071699911008873141032623777030739618462506332730544785393107663874978984820736
[19,8] -5868899220583683253744255457433608732978475598123299554887627902381173335878044494199020203329140654220146491973632
[19,9] -48969452690101764494930860263496183289663926790333121704663190340744095811541465787845183326616989712409949169664
[19,10] 3460869325759151734914137284733043072649027216550080685703778348671388977068668746882837062369720049267323462656
[19,11] 49052449959731003212508620419029361651913773419320845410912723888226320254518502283898254091040614074251289344
[19,12] -1656988383073665923483690678228645038787888757441631205387357054001229742189516564614558960195993229689593568
[19,13] -23859773901376543548866061850821303769347075639164384263779474008741873439566951238811980192292535630411232
[19,14] 373886433877089526642630801426377582716689667905145923733540320243622944616456644655328994032210956176704
[19,15] 4481647235719969471207279433798502337368495340615953110715769716210133486697209904606418797435281168188
[19,16] -15124946959884158692133489454390148550668059374660614477125954860384869998079624048358392326120545024
[19,17] 411422925199388342544070884699915099222270270379306852683035854570407176537683056219757840800690792
[19,18] 7375251465790375285049860828007061195620525688070416931645971109559681270898067554534989322713424
[19,19] 2591290571815363050457357967635560312742995242494139728488702425003842815017847311803241040072
[18,0] 157008095888477824897394419494890953372571683764034576093295892759765537129100719683813416573173246296326577012349653397536768
[18,1] 84344257516346335957277805436007056704882942446348668732369650391635657508957242202348026602617827645008106074282065219551232
[18,2] 20440020221419161888718097508533298157846260672324545220709479333722500919850102622143811964779529865333891881387025554735104
[18,3] 2580107626815493811885512466652757278906482939018632033528540613187624388862894473644458504676167366129052956113975979802624
[18,4] 143086426125031028807350166601400027965731531275345295909216966700863248438701926298159510915364032835824112831761951490048
[18,5] -2826447208270807719393904350607609263287586716658853426784963072088789760788013231411282609909218382247213135548954705920
[18,6] -849842510916050003128243155148979278049037640799864129352418271656457886645904547530562316051795275270683403524708892672
[18,7] -40210466562118909473048098521961047405841340472732142144157524507311319747046918458744431844954220760950447120630677504
[18,8] 33632081002179395178584006626670716221858650196323010930376402605697027629048367125592166616815252897942734611005440
[18,9] 61456516744815464212643180636068979626009584769299616068940946429333669414225782734629086625413281005704624288890880
[18,10] 1575956819417932175762539852961084372184413208807870790443636202196743328504952806082084114034320730835204692036608
[18,11] -12471815820267506320640559663043692875752305666083258349633250364378401735893532668397156597216914259693630728192
[18,12] -859056887019136196877684862319413978481188432883899635481961545942296351542634799061449647954184924457724035392
[18,13] -937695151545806201993176200793334300682109199650769922750372510949067237034698804113549874270613583412519104
[18,14] 243653214027224664828424330435065767115943751838506411258519597913225146395841322835614049799296432968846744
[18,15] 1927691301245621299862264220592003629639954695480508001634114745547334682266661182668040814876561153690784
[18,16] -9217581137521935648859661218309961382829403717904923436110532164387232854361246183175954392971326073816
[18,17] -94004641641844812298663041461699686697232955655417035935048504634014460091080172269613679892653914224
[18,18] 1213359527593719571434142893455865627555793798896535346988672912160253344303128563351885265668791738
[17,0] 45382400527277575745371333820957000625144786309905767899960657042409318518839395346277245219332278362721446079582953164393938944
[17,1] 20562422803480934430604288196265390718648324591959108711983023318093481941052135051152481583621589594376900133467325518799962112
[17,2] 3598536057256579638679502967811880133287250732322799732438875227309653144609662615987056020676849079999482260748656831801327616
[17,3] 243445653791500479525648815005463135967302818966237312788729038251048375996715409475881511881873681470687199073155024349560832
[17,4] -7521482235282934375243494399563928045120213333167938749862110351461156085037248786066138885678545678220583042639440975495168
[17,5] -2227235707687241441220839673152757377993774842327937624740847057553181227794370430355983112420269455958098434460074752606208
[17,6] -113553683924214462794613956576668238722729601149674073115136876542830924833587006263420238818980719975793213340440814682112
[17,7] 1347882610909328631755106372648994897597186414761017579764919778881992995199500602997827240687873519630848186568790507520
[17,8] 337801693591516579258783885562096752784350939620651589045571519528909478956761245980874241089329949721284595914025992192
[17,9] 10158497005746540925901176768622632222755910666099283330503613126164084326406853496837947080177791435280869742677622784
[17,10] -106252709390135030260605333803002952680258939008782271248004611359140799970147017321599722209557361705765456385728512
[17,11] -11033698589621656939231134204387580508137983643461589731583524163751665439526801781787048348062598572176687520006144
[17,12] -143029362433190910670597667530103095230978201374906040163039918543827481798063465559137680498723385261427715347456
[17,13] 2150210274017478160069091675559175201350428625246578177918925539754563958310839917182129639025868161693525586816
[17,14] 56697903154053982774646990098908823702036578270267622230572290692152638482993240320844563792665771541211737632
[17,15] 119354339399162190987342803054158494329349272401370571574570654897787365610222299280212589636689313853890488
[17,16] -4432016367527024562672538618914166440925707414905734590211416156560365121297760831062619422740627653340032
[17,17] -55781120857984645860749201937044370288210119408633335491587202088027356868771693689411048998120972670252
[16,0] 7112457857293382129011871898482012869863154148942581562693074436894505792470663546706322981545487944493226136044891348264082735104
[16,1] 2673336104454569224922788457781517313886602637518328741384834991202704589646679765297248112218879008551240434777887937141772648448
[16,2] 353523906220864023618104438333183768110664470455662355310263251533918762304563435065866833857412811979018414599669777868129304576
[16,3] 11257898371959733224495610229929400129083331455352584202372968524734429068941767161024139084024522157660121608030839036048310272
[16,4] -1652792582936793098778055276959259464762074811820833008817183357550957859255574401870481357549646285262954599386915259618951168
[16,5] -145934139596295794270732011536967193683145208587163926162297049306378618074139105616986751275796419935793068758679088638459904
[16,6] 1759105147426020560766697985870885615788854297835317516349699800240537531499729409278491080820113059479295365925826841280512
[16,7] 695111119512004528334569984109733291762037633305182719079052525713332790607709732017552436901754154713650482022547012452352
[16,8] 27442590410961464081566240909900854491095706859878036951453332329252637212151897835033674804018068462673863358757482856448
[16,9] -281935942026136297309101285795047666245332505303032847889101182173004674777923991756073314801163335886647227638168551424
[16,10] -45999593082452554907055508874987100435121215893388629566381242346243446451460293644369183175485203395278675295298945024
[16,11] -906975181743961485042147663833296097721778383468237369824898355266163296886193088053944892108573940204913787576459264
[16,12] 12534901818989537169293064807342088539992847108476132857049474740403085011670464863636474800414797863796361097932288
[16,13] 654242243859740699996160122794561974838807398082605949650951676272736605697733931228747451274069538787433472183808
[16,14] 5630412566236334951222973889826691646699532325248772917547444319253067712951543460434727725485199419871464611072
[16,15] -43387644301040862213770164574519561250596558337593914931777674499048697403863361478240692159226375586044169568
[16,16] -640226445376968254235699630542113587537027797392721959939509013002618374589943803099787251599070669747975502
[15,0] 730986133783482324841974693393994977335966648874743329568326175670052518609540498001277075253151722124285350512633051322928393617408
[15,1] 250680965850200619628787552255236193690302840091849691781946599249437780512152532631831527108719401411539385574355339606566046269440
[15,2] 30780604454473024200853096023208373564990634924890267466328710381321533607074155399289053395304840897045899260983236433855358435328
[15,3] 1198410695679927230652289245442213894415304380318369607477164493013106126323187114091294909310276997145751194054902566220323618816
[15,4] -48750913089677678699839401111982593545663596771560364997196309190070442952697133661172140833646088104774941681172196610340290560
[15,5] -2489633609020488548795476811832440231425752807595963556830124752902786762824263976540094281548024338976407404841827320587091968
[15,6] 380824337928552549293540240267506228948938736374518504217309776368169548970605098338501970084821947475880777224324132504600576
[15,7] 27343185682903143201524374123131234001011837942835016476769391124707686906142148060883980407587443958596753071105010395250688
[15,8] -279933142023805735194858330331705518761952548070876481129072541577657957878044975924449256007573162255078064231494086295552
[15,9] -80954199967968488270356153181562802878309928284575652117128932104456095435227747958205622765700569708188210487087555674112
[15,10] -2398216925521087247944017857198041950586548049174846032759333906093814699566287083659455283298291137332738808889115410432
[15,11] 23007584383738360317568799593379603935861748681846790121088167399072178072710249346756252761493055595211675794530893824
[15,12] 2488266530841394653541642625486726128776277321470971753812687376807259168393015266330139345402230274750621502462951424
[15,13] 36469589532485218034816305716656026138980552722206863299984910672665002049918408505953081543732358503935500954492928
[15,14] -326035807236680543798978327028928431122828482855525221741197483517550649464635438371689600855737484876198091464704
[15,15] -11117313214158666142457198451340587822432208223750521156732064569393910978580032279404328679482935644466590836736
[14,0] 50677000737498574139903291488825787059368296363182762545007963459064545207796877016330476523842497137766762104044779431416777133785088
[14,1] 16824200695087326220034625166061433689068135177490556089397421152414359905975504588129915459875554240200022097977261945964862334042112
[14,2] 2096222770061265731337183058850825333605084154431039667607951643223238921142176293587284391582263004369232331751571398085434230702080
[14,3] 105262578587107284401235975705910627184000705098020687123138153986500715995021154624254101758902782917183472950417630066334693851136
[14,4] -21237458501951747497912111487846144298699715717159529289398985441480677430059923499939968753390274008576324415021207895175856128
[14,5] -167449156709845387799527542136825066938287643065242558375683480078286435180766513959695966951549536807783610134461380987891744768
[14,6] -4451506091374566190437309511770532844241013120505975497234124860257365462778135374038241777174703031087719568000584384520388608
[14,7] -572871516086481106757542733385036244143347150167665355463299318408319717616610002577353207000461358927653939056769807987769344
[14,8] -72216699994040375044343342480877977352413561499130787425130876626469191908004660574381004543094568216185027020095431829880832
[14,9] -3068875816339639928715146066197925453516943985935233779590383164234486108020771804865615776682998260112057245076652424167424
[14,10] 1575161422657580945555308279076042210011042267642073933307849937729586562762312171626239191621388341235571512645747474432
[14,11] 4036022373793908378637656821632848799538240314967085181240532411439772274151601108670631150467610053536307899284242563072
[14,12] 106027451008984027282289249094444877899890946100796524114644160074003777512704291181021451217381528339132699578591674368
[14,13] -275353378813725183950023266327070053446881132939121764133686747326724553837829372680559867990225085467215080942764032
[14,14] -45168278863866547867588885582143834611722180836197701241928459211483700184387089140685796852395373845812847809740800
[13,0] 2285881929733807894852164125038391320691096078588885647091874033843928102490314429846418041892083711822437526734060500619065012537786368
[13,1] 803943748563560722725198647059385796887116482800814141308570616847203730482507359137550489354587859629827398204301327853776906563354624
[13,2] 116588961546631646028476938235216121224720331733076776717474031365923944444120735806271058439291487484057714868856007305512984464326656
[13,3] 8812883462355746247437366716938811492841872286225864706783952985980284659637176807533375120964905303336937118377543812704791611572224
[13,4] 340407136207547515886164827622115584593064577417525031376292930160774201006237222540337912425833052012611013875081376771789314588672
[13,5] 1440012242267683946006208334488468032985820703888884121973297564095771783198664109150362972213120492259079905714717682290862850048
[13,6] -753136027842541761295460621673379265273596760795084953719064703455559629150404633522547555787816066259050063917799902485034303488
[13,7] -65695131777658656476486828864836986558796958149067681506501908317969743570475610927532506680573551324246939945745546425457967104
[13,8] -3131190261674123151267380143483670832081463669774171077197015549386327577100849093457887975427943266596799201856339569197187072
[13,9] -53275883787714284922390090765816147480056685797859586592566077426939722960833767279576042149998129315853069875012259824009216
[13,10] 2750939689799275317339773176327102286003541683757259528632861393865675098530662549398254563910629108699698706094363007516672
[13,11] 171235553082707320166382239071464833646702666994621720003826557077198966294614533439580106910408615741721992429692599140352
[13,12] 2552640516294469693640832240456201394905983527608695321659568577367725459151234931805891741725105691425713073913615351808
[13,13] -30334981085305113359873482232247272148290917004612878917673965013145041609689972706838303348810850131382579297270890496
[12,0] 89734329980665389589624519574655935057843604167332018737376197903303132444689022530613515458626446129094116620413907615099020494646542336
[12,1] 39535355350460247782671919284897376617595050089511779444564337072664382617922068691840996849200019595671815328549985968923730565809569792
[12,2] 7705743436585943542074427717202637208515766955891472744948222363653633412900074169462650814347967181441419344780138310285093719636967424
[12,3] 852176615773354079740568542114255577238420914539029554318140889597570619987210405938379998542020453845145387676143538804341455286435840
[12,4] 55765155486011882830988614097516555436080445604496035982952599995484605648744031119319942375703042085035102580102350637887750339035136
[12,5] 1848915487675197545974757865723072370996946821279181290044793036996439507471714229864449461879428269321905889156256811383147332632576
[12,6] -11857502874187969788066322204369284316880819672259764949226563346512485279503420055144517443491971114756766605711372139052430000128
[12,7] -4287918508860736898748139183425148364706348151407565900369633924154887425938552740365381480808863728096485947641627192047274295296
[12,8] -200322775471460137924310437482567993919538706657484953439875158399461459241618567693853635600783159088983722791627082813371580416
[12,9] -3160598020554846363951090702499582502879896379423767990129632903060475225436535579621296723330508454314048159165655870177542144
[12,10] 116595149778304744086697164408125831877166419241780690103636024421753406358299179885072706786907828021235885432881017799049216
[12,11] 7290626178716581223284741419314319053444947849962804781025904762081582204491892156317100988622504865711322344188759615995904
[12,12] 150588406447803914601707070525091704152328636595418048849857981127335374658459681881615825588526724071877750784418781855744
[11,0] 3909529274021029320512124846654029771026934063651578336373052934864517563246705474375217096291428998805645762769057296655630827114276585472
[11,1] 2045436236889131372843847184680851165414728743685671999067042092814777721250528118202389612933616351568393001679016140903156968947806371840
[11,2] 457047887946595566721969563380764340196435651432474755695017190977795908418697258462073910942487270131935239751488702757693711685697667072
[11,3] 56269034160989824233518611573051822170247879191109902107097414780850066972337638551352825004787479954958977783403208006493610476256100352
[11,4] 4038921380157406672747427601918809480874529303960364385285847425869744855492417423540402656879473518501935149300702581916839380844019712
[11,5] 152131086293649132872750634114695021204491692020641560552871090983250617214000508536310134255970744923049351107444636017297436985786368
[11,6] 351388865997071990195944748691124999927032431302526719620552655260931482321142849450217849753587777064781172050692179779600445865984
[11,7] -267287527133847499780758450525482423612153269436658042844351086128623225070626643391808350427786334699640610141303158727898944241664
[11,8] -13583211450190091206764400053181678879641999484881884703772142050317699589445330189535032631060071995148691505524043813041962221568
[11,9] -257267356683519842344057190324052377073503553942749106253452752029790454440096848558184348425985264567261483111641096224476495872
[11,10] 3374304714113820931443966411582122184648674739364313945852873527631724294580558359201566804183219515951063776487479557574623232
[11,11] 290412976992339524061835120027368442770505622219217349860599001289071226904649723703691952207089996102393866733311053707345920
[10,0] 149293581614382669940744938105244802323869514726453335067299495528644561442264014007148789317865129645193525828225514358725637597049613451264
[10,1] 81858186246685069631943299688296155208700448649522289497723448040323817679110356300640735842541322299934328230648163819721063632449061257216
[10,2] 19004836272970469169313286023035557417771473999329725017124677723908021298034000785677991724333244709166028497147326697255432196024803786752
[10,3] 2440151798542904314964938551251323060625468870567639477276854754153802848246825105033281675015053256289909122599031655400489315144336146432
[10,4] 186069268531888915820392742424493863821684552024999637354869571595748547400330178205869967170304627351617635141165445882187446709404041216
[10,5] 7894957714237863227722462080415173446538332026584899693463122722723403738020830181649977078880867372260007132377152080180232521697460224
[10,6] 83050713235973695962815155961774271748162767813712586097509084549668961774547654654658909379364904911071778579399227022393618634637312
[10,7] -10425779790038411940532216913693881655015312806171850181702284209925618568948007971438565976094945963166955808188112361743526666436608
[10,8] -646841175178813881512266754194947232644025734547990373381481305530068598833287159049023385115117646257896128500179523711617076297728
[10,9] -16431779383977642254914063553652064460007300018233709724494047975260204901685688700965607829616887035530192452033578875506558763008
[10,10] -119942494070574333550814772863421415779882970275359184570463894660374474663036080032031290779180375606202769888839534791844954112
[9,0] 3938669481508038150172788656507796605533707690729317857417758659711696226552761571167039845120999657826430375052777758078217591015930087866368
[9,1] 2248271615926583896312425592544927696886292348556099089264137891357701265461799221079404281743182743115487651421221437987819428628720118661120
[9,2] 551758990409001854489226511866145177871880105506563563176556417296444016292895866102691819344775193256609681704821448049184272254439107067904
[9,3] 76590381730704167839486981709626287282370038801980951307795662587793530533636834545884242803951692967254818723574450127586679493158466748416
[9,4] 6538195075107307749766294285326941562013979165484216754931934154530193894309456752933004968394361721642443185701861835387608159469778763776
[9,5] 336253790069645421728863911378125330939855379634097861007020447447741365120246981534422836531533874817187378030422896432300241369253806080
[9,6] 7885175164933245715713953802725335557958330190305612014086877459157886632549429921572987204320776076364684664198256247665336663442194432
[9,7] -177680756693077580867003447621045586995768128986421181871783314423582700196765970765208999918234176975698255865426457127912755188203520
[9,8] -20911569106271389793340086961786202978504868419528672972621396802293509476831399246016043959592272177546147645042283083742744345051136
[9,9] -767641531053398280974230874676799601308438504519175113656100558465612779603009782303499308623251271071070036453029583509709614219264
[8,0] 61846459970831589202909185805972266447573897038287635831840635137911857155454414175294879597438384763372481326194283639509715269820179235733504
[8,1] 40653758035032582310112462058346836597443960804174248925658844871793336964375863657641398490792017511090517727651372616191976843980441573654528
[8,2] 11473427752982064530475623428358692735834106596071888594567265779085556739567245753909994725555338530795873014325098159993992336963393348960256
[8,3] 1839139359305884264627112231613028612021701287087503726177359857077914943735141302025989621829734488444524336414208420373935409128818375393280
[8,4] 183628544050534237798185919666709874808021487519126874768273560561991640154891345062649761886726138437234983934551615003899268942369262665728
[8,5] 11557833608806060670459568928247929515361477322881986015509070808275154871051421784723831359774781474531661913190270187832376259828787445760
[8,6] 420505714397741635075732176926281966332532014652504788476925609505875889845263094634126966893641550207913227098653598362170292472677138432
[8,7] 4610656732917396448405519828699099348175845932619121708887964403165849528872083097732689877552800365987118769936911595547996310325952512
[8,8] -341273090614317007905881383276845371956562166130907978498543688259893458287946965336585046283882775397373766417240552174237948342960128
[7,0] 267745350383058924726071324910665672132153514039616222157219472135540100875265294828123353648853803175200141280814989312590327928014193976934400
[7,1] 403807477219612815540407065486394288206079027090006669854252145936511017661698299599166176688928741317776104002404612720696386155289489990221824
[7,2] 164414977700646561187086244024010397329940901244966322777622436154247268017747415583337371055965912919270126122782387814850598756218248980594688
[7,3] 33213342899625747799111444859902171127693816577606463216811629100694809588888979072371718074906258176370021992374002352062285280437664982499328
[7,4] 3970647008658955487760738353556232711994048528435809549753348719594320140910579603941510597198366856823793554609822152208737760817410689990656
[7,5] 300462410571589230948132385607514926469207643982132532577166247870753115754249724254549858183034508420578614232869722072659645141247422627840
[7,6] 14544274996868743490308945512553143044045554585799492368034228638886127039563902053841263360833171043328480871270217104805976507364818288640
[7,7] 422113822658093319086992663936784908487924515570426627772393434869424404877362296562035125326199866801565973602430893086635264381978411008
[6,0] -12527466636184973553086278122728534774561808915123514165130106724001006385565795572922534455510686760077956997802549824905546377061248645323554816
[6,1] -1015518349067948147345268984663730929014349624522255668776814925623347614466843643154142448824483901623896027695069117649289874285456350207016960
[6,2] 1268103479757913174850520708270742246240684410741036433310275102643146911560523303682151633920558648401009661783030392922412397589509758557093888
[6,3] 414263912689212248714404622213331767630398528403507838663026734615644732790308902705165594249193923011636716496415635761315398771056598019211264
[6,4] 62372285610552885827120567448618803832057043599323997523206539151916071250885706459062444945481436235198434076392980814373430216021493650817024
[6,5] 5698090806184651236164264399857680482355744999201151356453850946396947642779736608310336484565313898919423192903951346135323152030392775606272
[6,6] 346376710375750318840784387699965716490529295020125817068186058431183961514785878909480730374428921841004976115009157062090073594645109014528
[5,0] -359779558599280826495726058443068992066152880226252214755827955190302266735058338320705705386839017801805305957060927559280099696920652144460169216
[5,1] -111725595290149621966073652798813366846926018684267478583463901755298864920016633827177716312570261323989066097318099009587318692868774155891245056
[5,2] -5180788167506610933887079991567271578746873261788016563486205396348166852562723607753902641769362751737096736736887822241338917809762345945137152
[5,3] 2779693552497768299276342151059257290615702919570517508970212605688529758715923624611480896744687017394822294083141203717915657687039983407333376
[5,4] 656345539587807493385026442764890280704106663122310118313726098478807849740010637686254154659303331820979673269001851903192551367199798258040832
[5,5] 76021026469420532021682123716038981921326229815725452896220253661584449132350658445505191919171466304692115954512683312620167888532420817846272
[4,0] -5181120946985851177513103389075229453296699235174288742697161815509106186446334941334331761178985661520246159733524535545750147850290312524926550016
[4,1] -2032651693244284286359838107217655642763602180197836327625700737025221573494442312013718385322370608515575562892995397544030780190098940233877815296
[4,2] -289208242614899432191647336448641327248978320014273856295696371934091365119099868570889978914489151958584141546794831471518344180139332169833119744
[4,3] -7001284787421773821462429230256738784899456413900415339514470219860280290255567870986563584217546284334182742456569811686010906766951031217586176
[4,4] 3640388195518565393267045237098339761187974858016442622770837866768310791932617398901535378879269960867047704908611335568895395326471424243138560
[3,0] -46942782296330366864689330520362554791473704674538908518530426550929479680965175087305019597713514302828424272821040280683711930214140766557535469568
[3,1] -21121786646555192709486762500388270011757339321810859283510299186249392711431049548045133913115925318509207061565503934847916428747427774976795607040
[3,2] -4012952328356863107732670671122900889297418111732152770503108961155551737614280124641063564074095138472536663731486230032398615745776882090785112064
[3,3] -375954580281435193421660429188843809763180717240701698594623051322442392240439341464986633022211374874822932975250222497400894714674171662959640576
[2,0] -272441272038062426919406516366815574518306452064424940166162013287595023137792323615339472758236504916257994769294853306842287039173749114339801956352
[2,1] -137320461726783107885797111846150946875783048510043642730754362559909343268077183053114867830030098182602442066822702099559336500204921949412548149248
[2,2] -31105731807641528499830858493995707697747574084323103176335103619217419020473228347652056926124263472014123922557701512073338214392303936559833415680
[1,0] -943600499652296851417374307734172250076802699569256961838711403120090022084863565905120807596122221581704920652209540108268140592382313354936165859328
[1,1] -529646914635407142535148042318842962908482471927713513655484619607555214981824449838793291659772420875974357323064793532697383431356778164420463296512
[0,0] -1516958451804365317173270758702488875581745507870124398077224688152421764908419586156696623378653428313574441018305515959666689039056597822995523698688
