[62,0] 1
[61,1] -316346
[61,2] 15371268
[61,3] 666908364
[61,4] -22897235232
[61,5] 21395824237
[61,6] 3238632381442
[61,7] -13692504591485
[61,8] -143779638970898
[61,9] 732841404197413
[61,10] 2918420017994260
[61,11] -16384523926785564
[61,12] -31381634445098052
[61,13] 200445160721153790
[61,14] 182910758095539260
[61,15] -1515473322503865238
[61,16] -457953773056703632
[61,17] 7555779521967173186
[61,18] -971403464692623028
[61,19] -25698479056150992064
[61,20] 12141874792083012336
[61,21] 60305277443564313399
[61,22] -47640391289221464222
[61,23] -96295118569654106905
[61,24] 111176678330566202726
[61,25] 97988796754189931516
[61,26] -171830361117879199930
[61,27] -47180477786867907127
[61,28] 180437602138098659354
[61,29] -22540212294763788617
[61,30] -126180977911836940820
[61,31] 58451243999515521124
[61,32] 53062749573109293788
[61,33] -48637817654225268265
[61,34] -7268443482884477866
[61,35] 22385343878401060211
[61,36] -5302787603447434522
[61,37] -5353047836165248684
[61,38] 3459371651250131138
[61,39] 127327677040202309
[61,40] -844955671110471010
[61,41] 285033807143868030
[61,42] 50129543517963450
[61,43] -65808566719252761
[61,44] 17415213933918954
[61,45] 2058041174336211
[61,46] -2834722216613904
[61,47] 876401071806228
[61,48] -76034475565428
[61,49] -42609841775886
[61,50] 22269148646844
[61,51] -6066454316604
[61,52] 1162286062680
[61,53] -169056177994
[61,54] 19183296836
[61,55] -1710096448
[61,56] 119070292
[61,57] -6362117
[61,58] 252418
[61,59] -7015
[61,60] 122
[61,61] -1
[60,1] 15371268
[60,2] 23230779877
[60,3] -2391561588480
[60,4] 147468888587286
[60,5] -4306742127953206
[60,6] 72912692432744904
[60,7] -775822447677936110
[60,8] 5084983484084872754
[60,9] -17065465283070569550
[60,10] 20010424993564378809
[60,11] -142745278749727413104
[60,12] 296522826937062854040
[60,13] 7977527470424750640284
[60,14] -13029611081334307015495
[60,15] -115017340746160610454744
[60,16] 171317645113741293335078
[60,17] 1353828567372285871797484
[60,18] -480379634797931067115791
[60,19] -13076921641599225554834648
[60,20] -9765582341285206978307834
[60,21] 95370224971689743956774266
[60,22] 127446878608747772784080342
[60,23] -488598123114457792920536638
[60,24] -790647130954152049165479348
[60,25] 1636703378047497897436583984
[60,26] 3232476583894813610660372218
[60,27] -3155035316410165292896509294
[60,28] -9780195555071793413260859788
[60,29] 1753462933744637568546162422
[60,30] 22321979492035751770705110909
[60,31] 7339798972484911771208676060
[60,32] -35859741212347990041324637936
[60,33] -24438219895365701711938622646
[60,34] 35662881929105302620549818193
[60,35] 43497687109297728121515317754
[60,36] -16851687614463612671919062514
[60,37] -50283619733612404868271505684
[60,38] -5189305211428475717577637394
[60,39] 33758774377148076592787497254
[60,40] 18264659805225286073122867846
[60,41] -12266359250555327928523678364
[60,42] -14391951524090767827703367856
[60,43] -569387642708318941557300630
[60,44] 5436668821687593403555280532
[60,45] 2498336628261368674482123966
[60,46] -538627095812295818498377131
[60,47] -863096143056308956575866820
[60,48] -259553926891163251598857020
[60,49] 40267412139196826354223908
[60,50] 56038783015956789423133984
[60,51] 20551649059540640532800784
[60,52] 4247914880552232627018512
[60,53] 544587600001014044618672
[60,54] 43411060448946077570019
[60,55] 2073160409280036395724
[60,56] 55432177199057929972
[60,57] 746785813557523998
[60,58] 4270308188353551
[60,59] 7512939275462
[60,60] 1815100140
[59,1] 666908364
[59,2] -2391561588480
[59,3] 13439142202112
[59,4] -1928204678907780
[59,5] 392146949918176983
[59,6] -17011703464303754690
[59,7] 427287350475013116529
[59,8] -7543217040721603754214
[59,9] 94008308574488050362885
[59,10] -813652593886491304410300
[59,11] 4406151098419270172652738
[59,12] -8974557405085589606108932
[59,13] -39601472986115753849715394
[59,14] 235859341167045720047006556
[59,15] -608093246263295516713035664
[59,16] 4465769384351419224589775672
[59,17] -5897336976362185283274707886
[59,18] -52150957459678294065325377840
[59,19] -31394717479979061387805686083
[59,20] 94744732420143837420868485450
[59,21] 81505030564603224728824670706
[59,22] 821902329448824032269167283112
[59,23] 9411312567143176753745514036750
[59,24] -4626871604787979811471744921370
[59,25] -78699411485116578579168742034986
[59,26] 25210832383448832658786388153886
[59,27] 304895985458763467932421242400114
[59,28] -208581951036645781708935799448416
[59,29] -732129013566511507539939011789262
[59,30] 1125768420434787128759667294495862
[59,31] 1039724295080180147209690052680473
[59,32] -3492829430972522275196603147641020
[59,33] -178174589054627146747519300422507
[59,34] 6453511104607959897406218121862490
[59,35] -2649642205772683405474497411849204
[59,36] -7084263612439318353897178798464632
[59,37] 5811935338203546719795632858017461
[59,38] 4008777718586189159039476830304404
[59,39] -6066361970665219203411308489013245
[59,40] -327631157822666872126088808956564
[59,41] 3425371060263264866047126241973375
[59,42] -870684819137633455477871921097004
[59,43] -1028339584642060365138907646093112
[59,44] 462566144495321453217878407018710
[59,45] 151300079335159394146936887388769
[59,46] -97497991648180976978918742809796
[59,47] -9308922821529116343864882631254
[59,48] 9453110016938725787530687203892
[59,49] 342470830159347266677500454604
[59,50] -397058286676909811670539876976
[59,51] -17489642243798867955302100777
[59,52] 5711170921746550977673082114
[59,53] -120333818615344223979728547
[59,54] -145822880988139281378011222
[59,55] 3169959345862381252656393
[59,56] 2520454063861520371985328
[59,57] -95485360250964226009163
[59,58] 538483160927999121738
[59,59] -352812051397608897
[58,1] -22897235232
[58,2] 147468888587286
[58,3] -1928204678907780
[58,4] -405885911292875338
[58,5] 28177823285007070390
[58,6] -1161245822127635206124
[58,7] 26224861739588973598146
[58,8] -36213096763179990547429
[58,9] -10187038459716728256952126
[58,10] 249795752458121563285801676
[58,11] -3410989954112332101251869828
[58,12] 33942692249963233051342959653
[58,13] -261900886152862406392658814876
[58,14] 1326567276762970399037011844866
[58,15] -2527513613257156985552671008224
[58,16] -7009651440776364519630340644412
[58,17] 16670646635691043381985012071696
[58,18] 155590569674877565359950629420954
[58,19] -999365068328515752797038338788074
[58,20] 3453713534339978661835718632582461
[58,21] -3307571902517505599585656735857648
[58,22] -13216913307244403051811834876383896
[58,23] 76628011230721382839411450283605420
[58,24] 60057593962595984208426455553598144
[58,25] -295710736956615452420215693944119304
[58,26] 87274604228740586406254624033749616
[58,27] 332330729039996510753148102374033396
[58,28] -290810510424016576005078772147065906
[58,29] 815044467935431754474574341122796096
[58,30] -1646962525137600527407333315381709500
[58,31] -3150481186608627957852306895302480126
[58,32] 7249648576976750977410041161163314855
[58,33] 3516452945250387179738006287824258118
[58,34] -11625310414821255327730864472919922616
[58,35] -1181842304297518535937188834794798544
[58,36] 10021950988040892480307910883111656188
[58,37] -10595902997438840197029273233045222
[58,38] -5937645141723158699163883860325414384
[58,39] -129667303559374241047231996756564678
[58,40] 3047114153582354010372805741277875921
[58,41] -221839260595674310000476953732140010
[58,42] -1200911004824773948235414888573253986
[58,43] 524980662805021494334441326535925100
[58,44] 156634080402633306576670425896745967
[58,45] -310304245295073861366762361378451210
[58,46] 118497510612978208684408748565803106
[58,47] 50286197615384447006377377653442676
[58,48] -53731335985774305693193713372540668
[58,49] 10791087382768303173253113577465732
[58,50] 4231689446871326721144582557722940
[58,51] -2803264416395345078443158103039522
[58,52] 679053910812530911440783513256051
[58,53] -86689417022246823322723980954650
[58,54] 6043297272496959671338890183574
[58,55] -218273224740128825480544607126
[58,56] 3427767554416415724126708214
[58,57] -3753504578215701736494734
[58,58] 568800758469193790447780
[57,1] 21395824237
[57,2] -4306742127953206
[57,3] 392146949918176983
[57,4] 28177823285007070390
[57,5] -1339750846862483126886
[57,6] 42085243142977503646350
[57,7] -4000370368377817783818931
[57,8] 148737301685000525183079890
[57,9] -2328270561393391677531387129
[57,10] 9594095043711244198427781776
[57,11] 253475657094336158633962130536
[57,12] -5322360445313460889553768125128
[57,13] 50168910481325324403878149766983
[57,14] -290712525482566284515905954939826
[57,15] 1922435332114972135689221915487603
[57,16] -18347394365401045732682776916300890
[57,17] 116461043261920715922225999774475715
[57,18] -342218549343190514643513928292089668
[57,19] 50354686804210448761766759254199759
[57,20] 2899626923337867993533241489241339974
[57,21] -8518868764774383346274801755441273680
[57,22] 6757936472518898533140554333194558652
[57,23] -16851036659634769307212788852548918350
[57,24] 80953163430686112187934464708334346918
[57,25] 97069922551079215615056004817330101027
[57,26] -527753519645860342233174823216056497532
[57,27] 455506473225357392053356620564623084143
[57,28] 224905130477742317014540781750606584818
[57,29] -1481454266570626507341258993198590846495
[57,30] 1609732947271315679693918463474317403546
[57,31] 1816613181401341358412624172736982170475
[57,32] -2452178205994035790048367802541190301184
[57,33] -2598177404441291092429841108633601773169
[57,34] 1765674606509204821698471220503012697362
[57,35] 3496333041607724783811270502896928075248
[57,36] -1440877786791895199906510534848931185512
[57,37] -2625724211541120909945020354919090624648
[57,38] 1341911018420250404832126111064061171306
[57,39] 979982144000845956859874982808211179206
[57,40] -834942158313846395071915742474493490726
[57,41] -102722612137732320418609330479526608356
[57,42] 282742518780192622905920416139370337824
[57,43] -14979281558653042496914509449893010478
[57,44] -69916184978058488535448207253239982362
[57,45] -2466902612620755110513096416883306754
[57,46] 17754567517372247712278668161076630374
[57,47] 474493345985501491523541727215093437
[57,48] -3116632900886675740130913188295639858
[57,49] 203400995329049047978411234865766131
[57,50] 312115449603272193882619463967964680
[57,51] -66213592452820670428707061399518255
[57,52] -5085368290400348777794603021774966
[57,53] 2948858909868231063969232204794412
[57,54] -326860734350277102650785614260976
[57,55] 10811534756955509933293107350774
[57,56] 252320281595188080057593021810
[57,57] -14496525474539980152484247250
[56,1] 3238632381442
[56,2] 72912692432744904
[56,3] -17011703464303754690
[56,4] -1161245822127635206124
[56,5] 42085243142977503646350
[56,6] 3309477037945894314184139
[56,7] -119749991052531126404320696
[56,8] 248195899754971470687365478
[56,9] 52568085741768494725897607620
[56,10] -696194377609634629140941643283
[56,11] -19137485022820998741226523139552
[56,12] 741308229306743423562001156673956
[56,13] -11157437445971990738451083550912206
[56,14] 104046331015272989126864447034479685
[56,15] -699982563855781755338735183496070398
[56,16] 3113101195362201644869585194590221784
[56,17] -5801381515559465606548231103615083938
[56,18] -4040343294954996408851515365372405420
[56,19] -40127863243599908825308665111699991378
[56,20] 498450056399217125058924575610712943298
[56,21] -1657345180775012713681140407546008602646
[56,22] 2712691879530663255635162248137748604990
[56,23] 2587918507267170271094811244402454040210
[56,24] -31215924649571527806749412071750077090912
[56,25] 57773008351694402807208380246326255560946
[56,26] 43363597449497302789490688788944375966803
[56,27] -193972172219733203104741398779809309548444
[56,28] 57487206708520211869090447735601020473990
[56,29] 235110619182392709737873587165180952660628
[56,30] -9498988541040682822071873062166273667527
[56,31] -412542860137973781392675368134303198531738
[56,32] 66967702527960684356469657032921609038158
[56,33] 627393084114346333710867758409500032848416
[56,34] -22164548546517066894649239449458940529039
[56,35] -509577846146816812630105106829202978857138
[56,36] -16966715741390108116753019588108570552692
[56,37] 316258005027274076133388034414374408088676
[56,38] 70069644776789895629679849907419861583104
[56,39] -181974949138759725187290820961759741117414
[56,40] 10708516485740882997813261917839734976460
[56,41] 71264005357724082467874912987418931640864
[56,42] -23943312803958871890254441983003858862946
[56,43] -9217730662084663346873975064521250676494
[56,44] 5309535331593764826958397200266790877430
[56,45] -1221868428886489305481499458583491530530
[56,46] -22308566419012175896413269708217417678
[56,47] 266527701619278197615834348111792859630
[56,48] -1159740617062385310643890654959987540
[56,49] -57007728621394635458521031707760905690
[56,50] 12708666798655251708151993323992092014
[56,51] 1039401822573658874150590584060618058
[56,52] -475808433633679080735983598706627174
[56,53] 3206139189689164986714992133237288
[56,54] 8804191730150554843369886293502628
[56,55] -812924251108129303613865231749704
[56,56] 16975375972738461997905436414152
[55,1] -13692504591485
[55,2] -775822447677936110
[55,3] 427287350475013116529
[55,4] 26224861739588973598146
[55,5] -4000370368377817783818931
[55,6] -119749991052531126404320696
[55,7] 10448826520554111436610206998
[55,8] -263237444197069732231693511236
[55,9] 3528360534808844636309566492736
[55,10] -71103076635433186486567733398312
[55,11] 2470775646678105693768808091057617
[55,12] -51205383948440801637735067848750374
[55,13] 650104003725357264290518988156360256
[55,14] -6070657093258308980971489865746308148
[55,15] 40357239994652431190744566612760570123
[55,16] -132265886155717838245628225881216258328
[55,17] -130955758718203038697377211677084323502
[55,18] 2348594003506992539935313500762784442990
[55,19] -8948149579385627041801888865726421796735
[55,20] 26543283418179278870771574971419662023656
[55,21] 12273074993786931982853965562494501035574
[55,22] -497287551733392821072001143899194730803136
[55,23] 1208590578778112712217528233059229468169578
[55,24] 818145222468722386634127753792185283574800
[55,25] -5215528994163972770382396709003184418841971
[55,26] 334172360257569399481396088372750340209326
[55,27] 8798681799830229539053065586993774616200675
[55,28] 10110662186707301970620580986269402817778586
[55,29] -21171326388696269141797949383612204943534411
[55,30] -23659839821697077613997218368875830950714900
[55,31] 64684659625262828742052537882338101851346221
[55,32] 7336479109261118136103864368540503832230966
[55,33] -69339143050198849250528277475057812350009095
[55,34] -13258633710883426127344665019891821374461286
[55,35] 40492287576931367413477869407402731202678973
[55,36] -9447696817078742782537976905866110660720088
[55,37] -5093810763889768519509792857000582280678985
[55,38] 2717996849718897092557725924180297816847370
[55,39] -616342947037017568111124124023661261108373
[55,40] 5678023509905427078596594659735338604930406
[55,41] 467550469818818306264991137233847410811969
[55,42] -1980706029873314138830776984863350674441184
[55,43] 362333789364896809614035017281902054023622
[55,44] 19629252910348536146605411693288595583624
[55,45] -45020546543757257225390065040352622307661
[55,46] 8483938346592239088674615565331060486618
[55,47] 972799123341681425112547755059889734938
[55,48] 3212847022518682843404531781418669851012
[55,49] -1052770298584754408098245746944323496952
[55,50] -170273005353122981791877662989775314762
[55,51] 65847690537163261859929541383539688272
[55,52] 1997984458722247732835509730422314834
[55,53] -1562661532261202501575716725872979608
[55,54] 47776949140115089606502302699854836
[55,55] 11960992837482573984944924074064299
[54,1] -143779638970898
[54,2] 5084983484084872754
[54,3] -7543217040721603754214
[54,4] -36213096763179990547429
[54,5] 148737301685000525183079890
[54,6] 248195899754971470687365478
[54,7] -263237444197069732231693511236
[54,8] 6570100245583447741067317887794
[54,9] 50827526837630411402059310877456
[54,10] -2355487557381631448724547146890838
[54,11] -10844153713108750559014765477265066
[54,12] 988623335330275552601419287661550925
[54,13] -18232459158953174857739969935921702516
[54,14] 205201230791426852378174647596957275924
[54,15] -1392120298615716899703400213704393194442
[54,16] 5734172950841490830089397726969371562954
[54,17] -21739038537273808887614316827379447128632
[54,18] 67066725498654988413202855944630628497396
[54,19] 269206026770804077669861908933117461950840
[54,20] -2816662688417180102865191994476509430427108
[54,21] 4997499801083387402759786705783560441637898
[54,22] 11736091221034109302501352676342968934352654
[54,23] -40012761636337056601205855020603492226868842
[54,24] -7827500214100103293359240315205893557163522
[54,25] 58901639145384661818450785275351037235347302
[54,26] 247145639153161693574162364355189898212589530
[54,27] -348372221190920367725276417420633469479069844
[54,28] -1079027958000702480491993680947620148852000906
[54,29] 1817482998418195517436085053011947728932970024
[54,30] 1626577517788931561489973276929231346909361050
[54,31] -2875573117008917884383095187426451633805052704
[54,32] -1368703874220677367523445772549389406651892142
[54,33] 2396829604387359758993042754621226799745883818
[54,34] 1804933912817194041193178861682672289458386518
[54,35] -3168324384467727546727742531850851611096692888
[54,36] 516198006038419125229707316632369933891884649
[54,37] 682415776171032068550265848110631841486036140
[54,38] -515983604768699118424016477391206997967172718
[54,39] 48009583637539872923248820050289681654672262
[54,40] 323254106074582258957570221094093440983111702
[54,41] -14049902831301117830153515174448985273980024
[54,42] -14717947149159826148214282762802214773354926
[54,43] 4925925528144658710465104511346122067402506
[54,44] -6672613036774068818774671137955118890555207
[54,45] 459852959569196190106982329899680511448194
[54,46] -26599704190134489713162961268544105169062
[54,47] -90819487892099555933397656047455761917348
[54,48] 92676060805636102521589549122610822985526
[54,49] 7062103906130238642291540651607996712868
[54,50] -6586839270122847097210388513054849349992
[54,51] -184547747737183782747871848682757292642
[54,52] 188718777565472474707608191064030546479
[54,53] -985266064654700989992952781534721634
[54,54] -2175372452165973039314473659991203000
[53,1] 732841404197413
[53,2] -17065465283070569550
[53,3] 94008308574488050362885
[53,4] -10187038459716728256952126
[53,5] -2328270561393391677531387129
[53,6] 52568085741768494725897607620
[53,7] 3528360534808844636309566492736
[53,8] 50827526837630411402059310877456
[53,9] -10140427763630670220594603667862828
[53,10] 245579057740551010072938547841240340
[53,11] -2193056800127900618105896042601645967
[53,12] -4257977158901729989648216497626244606
[53,13] 278332668408566135057866540066405354637
[53,14] -2148567593431853260905062882683206674298
[53,15] 5054666900881775404445533831253489034996
[53,16] -65700637163046972508910063324421893112718
[53,17] 1083036764747734866721701185841048458052030
[53,18] -5191745293576553790676827614989839852910704
[53,19] -192928242161690916181908321913737298649987
[53,20] 62031575741564591126459323899194775935839236
[53,21] -125654100160552749318210294938359279689574638
[53,22] -97418336810179368740532003791345480667101582
[53,23] 273239629775335508348061989339201670330590355
[53,24] 1297597505078575762810771636298185711966805064
[53,25] -1822552197284224813395227737706025440109809399
[53,26] -11192566153127436615698612734061365781377584030
[53,27] 21057323989114650242101971408744286894163718010
[53,28] 22239999394120882886144496628730201678397544572
[53,29] -45887948742308212856378585027207987867472796113
[53,30] -30411181167919428057913102131890450628277531644
[53,31] 17843100969604940923675483900028337408755780545
[53,32] 79541745928099025172846088768748518936767774672
[53,33] -6466096030546468897478898180397310460404843538
[53,34] -90929829368181946918591594557299602736102745902
[53,35] 68378282128230828177538792161256280714287791990
[53,36] -28322093561293985081725907179401971971986470462
[53,37] -8695607870647490554368373992532494735921858222
[53,38] 7042744984054191340824470096121640845015245016
[53,39] 6905720656547117918980496702195584715443672325
[53,40] -1127624760184949650387022879728224402484662268
[53,41] -638901436871562586331052328587575261818135062
[53,42] 887859437388419908600277901821391071985814158
[53,43] 220187597260667650121147042415811732726400253
[53,44] 45103964256571387910935677318500120689577100
[53,45] -43398117000164095992557456415714648290803182
[53,46] -9797954083753462937779578334917233536374992
[53,47] -2687734751868764621267800317893879099986095
[53,48] 65983306864436879791144035520882335519490
[53,49] 528563575784428633989711106599673682870478
[53,50] -494566914599238881125582761083648923812
[53,51] -19670861357134520290903513578332145011758
[53,52] 265263784341563736716159056184111395706
[53,53] 256662832062856903364328806482184027058
[52,1] 2918420017994260
[52,2] 20010424993564378809
[52,3] -813652593886491304410300
[52,4] 249795752458121563285801676
[52,5] 9594095043711244198427781776
[52,6] -696194377609634629140941643283
[52,7] -71103076635433186486567733398312
[52,8] -2355487557381631448724547146890838
[52,9] 245579057740551010072938547841240340
[52,10] -4987142150182123909140395656022462661
[52,11] 20379090712056330736286776781162818226
[52,12] 511932161735574862376639488244760510464
[52,13] -5128540279772815649933542045720223106044
[52,14] -26089104952430811340976814008282981132159
[52,15] 488538946020952851076482648145986999200734
[52,16] -292411419661509909846627797730395684197668
[52,17] -20415450419596876625647961435358816798144690
[52,18] 98214127465474885541239460570711289321001278
[52,19] -66088247648735581914114471985610643996140570
[52,20] -546131388960455705685580348890752488526177564
[52,21] 984989346542666825563794406325077426103888224
[52,22] 2678990160454336000484552832704787962414107121
[52,23] -3215577705826840745023329755818452391993770658
[52,24] -49745888647370714178650855340631080379487188708
[52,25] 90780197949974721946608096095398388150962957572
[52,26] 175407444818568621189581558897520726956894098388
[52,27] -351613566680512778183419191678645771312588061510
[52,28] -104970812125623829808895871565280519816858894576
[52,29] -130029263023583444530906591248067745843596784520
[52,30] 741542369450291032420110463874714610963049527183
[52,31] 1006290432563360989605209214380792084613008474362
[52,32] -2588306778843215919592556260263193116924385437494
[52,33] 114123147388880512984764372210605608087301966296
[52,34] 2240678774715975110952167672129455026607826874854
[52,35] -1201456425404438350211802838211420234598336128432
[52,36] 507594225401121750712065021710110792301984557840
[52,37] -677015782014399978887466815852311786178540748850
[52,38] -42974494485550975977443107916571244994095602583
[52,39] 225999421916454120369696202342180827047179184924
[52,40] 78610229343254402969726497475611804609321563666
[52,41] -22256388694557529888645841975621631607796662614
[52,42] -27824103872561402180624149237316278253529797616
[52,43] 1687888086702276555233925970757116228226987910
[52,44] 4159424844167858479937193508112495913727170422
[52,45] 752535057767726861648616962401520250839263106
[52,46] 18657516901152497598840876909738880048740021
[52,47] -80661372563303925396468337054508060943909156
[52,48] -27630882547341811524829861885948410144731934
[52,49] 2234636433854968182837594880066367165958022
[52,50] 1522774910517668457475025896971491114282206
[52,51] -44946617295822945135361662535218300317588
[52,52] -27057130393832168693631171440151789629272
[51,1] -16384523926785564
[51,2] -142745278749727413104
[51,3] 4406151098419270172652738
[51,4] -3410989954112332101251869828
[51,5] 253475657094336158633962130536
[51,6] -19137485022820998741226523139552
[51,7] 2470775646678105693768808091057617
[51,8] -10844153713108750559014765477265066
[51,9] -2193056800127900618105896042601645967
[51,10] 20379090712056330736286776781162818226
[51,11] 876684161217984980860744120052908321844
[51,12] -18196107005134196835611488881902744927058
[51,13] 73787267732949265986152928510384323748052
[51,14] 926166384609313266024925517706959107730300
[51,15] -9285893391666926937248888253779568180077163
[51,16] 9297971451661889530463138012822745511230296
[51,17] 195619735326769890895907050800837954746296525
[51,18] -910705970905197695586785593265554962459949812
[51,19] 949327101921720034020157238154464923818736120
[51,20] 5013570236665706377763606948114295487190652494
[51,21] -5522122145904488226648071527327426478731508769
[51,22] -100276397639663189819911964588898054460075633864
[51,23] 157468504739715588790025706683913979321042687177
[51,24] 704604446293065264339973827619933008643369196058
[51,25] -1336186935150680405974881790192294479758637757305
[51,26] 139023155332543124782811322283976170192314781630
[51,27] -494315673779198317039582266790860263430311634780
[51,28] -3388512954275299776760143909887621800840995899582
[51,29] 16466775233336605344070219965570213834461723871356
[51,30] -14984226559665358103132218901873115798708017111256
[51,31] -11714581511535193531179640216874805478315598667618
[51,32] 34727805162966764937672015835341857134804766519682
[51,33] -25322350019963773772580074890914934635546016979727
[51,34] -12134510757740552013989688947830731265017417648272
[51,35] 29369978070917673020066635934776025973501197118222
[51,36] -12490956759645482779077908514489933113364280329084
[51,37] 4900698557927377303772448016277433038002323645220
[51,38] -4792357319628751488857276035782722885961193926808
[51,39] -1966896061918316579053060998179268975201005494020
[51,40] 1552651523144564552928942934697685030505831288848
[51,41] 975786381861454862133934252993514373002685574320
[51,42] -48593852614407943768523688324572261562450833892
[51,43] -193030233226490766659528442318541707736822280913
[51,44] -42944960416640400588363841233493639042075724798
[51,45] 10274290188411701887368136043176463222442460884
[51,46] 5776969018424672115278411007632069674373792996
[51,47] 1130135629045815636937386583969569849878262631
[51,48] -289120797521690331941051893391107513257867984
[51,49] -93464968500095125274330330486184023112576259
[51,50] 6907350045610389903232820355379832059831756
[51,51] 2101352460911516026969006596084202301598897
[50,1] -31381634445098052
[50,2] 296522826937062854040
[50,3] -8974557405085589606108932
[50,4] 33942692249963233051342959653
[50,5] -5322360445313460889553768125128
[50,6] 741308229306743423562001156673956
[50,7] -51205383948440801637735067848750374
[50,8] 988623335330275552601419287661550925
[50,9] -4257977158901729989648216497626244606
[50,10] 511932161735574862376639488244760510464
[50,11] -18196107005134196835611488881902744927058
[50,12] 203510773020340531942766724134642769568326
[50,13] -241781346855074022301322795533772046379730
[50,14] -11126822304623916030537194958198189282213912
[50,15] 74960307012040800310390947074844326985657962
[50,16] -56528273434771516793058557052654422620866352
[50,17] -1404964732479087374820810184771087587371770404
[50,18] 7835275188078545906490419291724430254917941684
[50,19] -2557204497871905217215218983928496160068543656
[50,20] -119047409784629976002125298834863920832084722468
[50,21] 93657075373555288345552944975709152469644465596
[50,22] 1514262259248173520188629496488295196286713594404
[50,23] -2651149882740312963938795357964296438756834938392
[50,24] -525548576403040788478383290811672278303492523278
[50,25] 6899889702034178254940003252352555506743271209554
[50,26] -43545459574262036450246213873508410516029538879364
[50,27] 72451824011847322268220263435173674358477661731430
[50,28] 55659667213351754893876344041433367224824808357634
[50,29] -260692515905508361406962301990738851894866279732714
[50,30] 262079044515098245901526533288300230407190736418814
[50,31] 619040479579572296451163364891748985362196003380
[50,32] -287700742543255634854608673831487582588960837884719
[50,33] 299534738087122719766798812678409820271702879931196
[50,34] -84407681713805734670067085577761988653952831869694
[50,35] -102104208453182548751526837115717134436898554816740
[50,36] 155022030941475361075737502346958251607713197970763
[50,37] -111154772312611115155825358394080594633807839283714
[50,38] 58776747722651171802909999551547630679559591389410
[50,39] -3780868789064396455436564131058679413111095933976
[50,40] -20772636540432421410518449546710221340281819463273
[50,41] -1100389732448434652916042531842766294343558281690
[50,42] 5662049714175605917789014028982845045126354408254
[50,43] 1490296987595885174744899625123731929545141108448
[50,44] -498799309930406359545676973453068106789094065658
[50,45] -295298338155333691902516398944774160705105586860
[50,46] -20505850741594223564906376929943613988031431386
[50,47] 19480931695565460463099686707967088473525641160
[50,48] 4013118360790866206958496792565131210603684112
[50,49] -567780583202231480950853418059131195221997744
[50,50] -134807702588753457852974485391135879652369408
[49,1] 200445160721153790
[49,2] 7977527470424750640284
[49,3] -39601472986115753849715394
[49,4] -261900886152862406392658814876
[49,5] 50168910481325324403878149766983
[49,6] -11157437445971990738451083550912206
[49,7] 650104003725357264290518988156360256
[49,8] -18232459158953174857739969935921702516
[49,9] 278332668408566135057866540066405354637
[49,10] -5128540279772815649933542045720223106044
[49,11] 73787267732949265986152928510384323748052
[49,12] -241781346855074022301322795533772046379730
[49,13] -6184962435246766630527134335663308303434980
[49,14] 78646719957949340615565171140113416554481818
[49,15] -381015891520577655172405268261851605458406283
[49,16] -51712019108844958858215453290471160012081174
[49,17] 16006790939221126172269521907467245429312028964
[49,18] -85809344170527984963491845717669819651336104518
[49,19] -95337557923159379628883189262058184560421974780
[49,20] 1590445341787311873192376067222004335667332963936
[49,21] -1427042569056612893619071399367463657415229241429
[49,22] -7723883390643605664052080165280665741269343126732
[49,23] 30552923110389359570233665073614411417851584251509
[49,24] -97899457553254384496539741075306327401379585713820
[49,25] 2682984459370387988400622638301640852854114312737
[49,26] 643420952528018272146048684752000451983398277972800
[49,27] -1085272502238564539171391090727686471654090856264448
[49,28] -129263342304483671725311335076051809729622874030622
[49,29] 2568574967239081793845967476159376093116142341471878
[49,30] -3365153716743983425097938327114969347702209428451046
[49,31] 930703177884758671175056750488505579188052487766160
[49,32] 1734227366213135841350492660003547201818488543846384
[49,33] -1774236528621470644317201090379910045408546298046487
[49,34] 643702483788061341036842351388595433445463047536380
[49,35] -397012033222244938593440979245001543428438665428623
[49,36] 383663174280963530659226414988323161495184156927932
[49,37] 463726460126908028048702392872659569892877686892641
[49,38] -1003892566163517517055762083390062245001235085129324
[49,39] 411197376850981838426509407632034137449450659256765
[49,40] 181301467048547169748956505796667764668223159745488
[49,41] -103744649795762872428049110066425185505069097575596
[49,42] -51336138576280882930972289579568171938624297662858
[49,43] 14447178961151074770363440869700193431171603152628
[49,44] 9791030837682036553740649636180640947593893445622
[49,45] -67150139689296856851969885229139574812231175038
[49,46] -883289878556237270535103867880133467958890994404
[49,47] -117371334829853936429400270686898900557872879270
[49,48] 35353015014234270959342380214182252215021156002
[49,49] 5823091288852532624144205206575929738913277433
[48,1] 182910758095539260
[48,2] -13029611081334307015495
[48,3] 235859341167045720047006556
[48,4] 1326567276762970399037011844866
[48,5] -290712525482566284515905954939826
[48,6] 104046331015272989126864447034479685
[48,7] -6070657093258308980971489865746308148
[48,8] 205201230791426852378174647596957275924
[48,9] -2148567593431853260905062882683206674298
[48,10] -26089104952430811340976814008282981132159
[48,11] 926166384609313266024925517706959107730300
[48,12] -11126822304623916030537194958198189282213912
[48,13] 78646719957949340615565171140113416554481818
[48,14] -457316139015081797413829173237677945758813732
[48,15] 2157844400690739486795180449239538853802541004
[48,16] 7224747144771674179424096315542126824279169740
[48,17] -177596660938413143119802692210152347641792011952
[48,18] 650596347694230329383006179117366080997641457051
[48,19] 1207653156009314609158188676860499057293682111350
[48,20] -10548700560420872728377355437748856515821942460742
[48,21] 23662895726149007113612936362680082347534585336808
[48,22] -12591401325079020015805487613153151259197338923929
[48,23] -336809326730251429166656737439280433843351140847034
[48,24] 1182869991124846968531935908862848007885574215571480
[48,25] -221988825553004763566607677328500227920684051154922
[48,26] -4654358148831847042659206964460394381149896135222617
[48,27] 9270863914610896675409918813912844981697529742042072
[48,28] -4009091646405317362608610688426976084121137119175198
[48,29] -15337814879801049693085975684382417028547733045268146
[48,30] 31024924227499846112079763724647043835752282155614027
[48,31] -18426163952938540843559086539656764634022177072642290
[48,32] -10197957332470233749292691236755254375434544020915370
[48,33] 16012337919850231798562251058799726477309603421678092
[48,34] 1683548548233045623613119101659631105780905582246181
[48,35] -6551027148621860334609969832205796094108707776002402
[48,36] -6498900637992385625681888888510075303077393735845210
[48,37] 9538196608029998713081169039055195785733060301660858
[48,38] 1573079263042575855477192208486389920133617190802650
[48,39] -6454350343088814814420727026032260389233233659740534
[48,40] 1528655761300425504901519934160939549248438575979336
[48,41] 1344963996618765883396115836102177466761908339151528
[48,42] -276019292636710959865206104597958965413879438803588
[48,43] -251445328150453349843516302684051448321253526861068
[48,44] 15456432531736170835273701525694852429650389397778
[48,45] 27649480161103007873330274268269036247571759773818
[48,46] 1834888493710947066334278027527523792404003825419
[48,47] -1484102189699477716390627669739166392566943962898
[48,48] -179984798088795730617939778553700043476751606920
[47,1] -1515473322503865238
[47,2] -115017340746160610454744
[47,3] -608093246263295516713035664
[47,4] -2527513613257156985552671008224
[47,5] 1922435332114972135689221915487603
[47,6] -699982563855781755338735183496070398
[47,7] 40357239994652431190744566612760570123
[47,8] -1392120298615716899703400213704393194442
[47,9] 5054666900881775404445533831253489034996
[47,10] 488538946020952851076482648145986999200734
[47,11] -9285893391666926937248888253779568180077163
[47,12] 74960307012040800310390947074844326985657962
[47,13] -381015891520577655172405268261851605458406283
[47,14] 2157844400690739486795180449239538853802541004
[47,15] -5140225003261319913554534600913723252796123924
[47,16] -126646925431120984026566793066800521080098086656
[47,17] 1180556289760017172206035421324386632165283245272
[47,18] -2659433677627903931088959626774423968897534329908
[47,19] -6567042139279994869396922648889881108069535757605
[47,20] 60952960930765220753227137589784177149920187812486
[47,21] -257972659197582414572124855468983395438086304961236
[47,22] 100843935982738240251604319454057684756429243280856
[47,23] 2698832459909086551827799069616390717532130236128536
[47,24] -6953978923201758571294539917953502455019454412613922
[47,25] 2455706144141097473747311561618037343957873275562922
[47,26] 20843801474663922490858836527152303206219214495555914
[47,27] -52786779734466418367784296301813727547078329665097812
[47,28] 44452958987786223435487984795171226909695255019889480
[47,29] 46275357018380817423443189777734206878955885881471778
[47,30] -170078641334591438696234411519200651147999963263228142
[47,31] 185935907667550560814484322548079850111102163949873505
[47,32] -21813182604241384364894307520678245833802976399716768
[47,33] -133977829268353045501513327831733794863508173972353561
[47,34] 62965190932901863907675487958078334552039474192601490
[47,35] 89662266159747029785945295198848389815103629851954614
[47,36] -63482943377453297824122603770152528546487791353517296
[47,37] -59570705125130458418482378540080780047575674498545717
[47,38] 64837192392425874713352141258041027681788331421877248
[47,39] 8950547446877011420002658707803663897804528701938690
[47,40] -27577457363609844779894194297399218473608569569641138
[47,41] 3213169641754634701427477175417038263512093926631801
[47,42] 4969812779187759191071349745453823830088999983544188
[47,43] -423550780955265629990730595207394010412516928196291
[47,44] -644684258535837165808247618083440288882844099371858
[47,45] 606015136733076466616011964416400634548646168469
[47,46] 44737861435834453701430092437379939187146124543426
[47,47] 3132067867877650043732146895226148251345612175866
[46,1] -457953773056703632
[46,2] 171317645113741293335078
[46,3] 4465769384351419224589775672
[46,4] -7009651440776364519630340644412
[46,5] -18347394365401045732682776916300890
[46,6] 3113101195362201644869585194590221784
[46,7] -132265886155717838245628225881216258328
[46,8] 5734172950841490830089397726969371562954
[46,9] -65700637163046972508910063324421893112718
[46,10] -292411419661509909846627797730395684197668
[46,11] 9297971451661889530463138012822745511230296
[46,12] -56528273434771516793058557052654422620866352
[46,13] -51712019108844958858215453290471160012081174
[46,14] 7224747144771674179424096315542126824279169740
[46,15] -126646925431120984026566793066800521080098086656
[46,16] 1084451014476359554093522944109671758035274615849
[46,17] -4305013670464205622115666599061303308329769510636
[46,18] 4442307224586627492833952826428222625433650006758
[46,19] 50325614105876884364962473759227436422163000693584
[46,20] -481912024204315971668122405977179057829031110851499
[46,21] 1435039110678757965534058238343819930927648148160862
[46,22] 1434937572633625506435893634585399262265340865218928
[46,23] -15777385140116038716269252410958637123812550022633500
[46,24] 29389025547427333956264617080709129358126417493576401
[46,25] -12038833825645446614424774699333806330286117053926958
[46,26] -66523696160150473638551475199946764137498909119756828
[46,27] 195203502562785603831134340084996713185855806368864746
[46,28] -251376888015080492055529201561082257304055667859180102
[46,29] 25227245969573130916202221103355744908115491250216288
[46,30] 533229811592300385294491275895146749611677417945931562
[46,31] -980723617606475178576520968407346633865131673877048232
[46,32] 666121348257918080634558358251490527703923258974345461
[46,33] 318739967108821921886206969157489145938359801412962780
[46,34] -785176040809302508776305713352614329340606210551899850
[46,35] 72153599521332377195949366909509102502448078255819308
[46,36] 632471071333885740688012137083887958398294666532704812
[46,37] -289920602771578806482057565424724922733167299993426324
[46,38] -301271828353349255917890133020467669177249262803755200
[46,39] 254957006716571573987330351741335024998143098815237000
[46,40] 38295347804027929212353070293893827433843036834636490
[46,41] -79624190846049403968780478301489972456706741808831900
[46,42] 3928254071226347189842618842738347604365562680401538
[46,43] 11338711025405682649651698396888448442546368801191206
[46,44] -407512889355696624476305630654874470078644028655621
[46,45] -1010011458343311716150152814723031750072288048114008
[46,46] -10185687072693150424809795810532699352558945795736
[45,1] 7555779521967173186
[45,2] 1353828567372285871797484
[45,3] -5897336976362185283274707886
[45,4] 16670646635691043381985012071696
[45,5] 116461043261920715922225999774475715
[45,6] -5801381515559465606548231103615083938
[45,7] -130955758718203038697377211677084323502
[45,8] -21739038537273808887614316827379447128632
[45,9] 1083036764747734866721701185841048458052030
[45,10] -20415450419596876625647961435358816798144690
[45,11] 195619735326769890895907050800837954746296525
[45,12] -1404964732479087374820810184771087587371770404
[45,13] 16006790939221126172269521907467245429312028964
[45,14] -177596660938413143119802692210152347641792011952
[45,15] 1180556289760017172206035421324386632165283245272
[45,16] -4305013670464205622115666599061303308329769510636
[45,17] 6627161232218841598961933945170796403116012462978
[45,18] 39771246105041365579060492737524204071270789534524
[45,19] -574879462811204537506625622502843690383438986912640
[45,20] 2885462074994459867307469029242263217796682685227676
[45,21] -3615228418659487446568716582054576893842627148502021
[45,22] -17555382814815610082233650555321328882799317905521998
[45,23] 76531535498426356036751181518958271820848029085593962
[45,24] -122968311609761856867650904516348815613312384213565476
[45,25] 32119023182034544500595050805924298096347090053895058
[45,26] 204658792574170009173858194936746499582102881335215182
[45,27] -529511167599282320628492032560631838792488527357040766
[45,28] 922392801037333454281159313947057273419170754672751730
[45,29] -822200850173460556892725571913291229536545135241512335
[45,30] -598233009386545078065377153192561850154405498870847754
[45,31] 2881745715030101868552186690505667310186622610035987744
[45,32] -3768956611986854341589659856005789905609881322761292170
[45,33] 1355148259351060437415916469881863286375069485531967829
[45,34] 2497650732651989103012049514367413582663930988641906710
[45,35] -3015393437000114439026013367688393367251765045904079909
[45,36] -446251563552512525802459158090436082702746623092797168
[45,37] 2560221308155404876992010060373245422779937105965112407
[45,38] -872238909110445104632558719398749892731542122433145266
[45,39] -965977604715497792282606154730393455679643450075527794
[45,40] 669167544178225262114625268124302484327718333956935304
[45,41] 102036336240768141176835257539622131660939289022351982
[45,42] -158960473056339947646352961279477050264787893033791438
[45,43] 3008475086146279804741818179048888462127849416351071
[45,44] 16975080502891517156321514329939971538828527021673964
[45,45] -349438317943967853021736047940657298249203399574520
[44,1] -971403464692623028
[44,2] -480379634797931067115791
[44,3] -52150957459678294065325377840
[44,4] 155590569674877565359950629420954
[44,5] -342218549343190514643513928292089668
[44,6] -4040343294954996408851515365372405420
[44,7] 2348594003506992539935313500762784442990
[44,8] 67066725498654988413202855944630628497396
[44,9] -5191745293576553790676827614989839852910704
[44,10] 98214127465474885541239460570711289321001278
[44,11] -910705970905197695586785593265554962459949812
[44,12] 7835275188078545906490419291724430254917941684
[44,13] -85809344170527984963491845717669819651336104518
[44,14] 650596347694230329383006179117366080997641457051
[44,15] -2659433677627903931088959626774423968897534329908
[44,16] 4442307224586627492833952826428222625433650006758
[44,17] 39771246105041365579060492737524204071270789534524
[44,18] -609153920763601094608532707393990453641110074603207
[44,19] 3834931413971285797543020966216884668455851409450552
[44,20] -9524663105020850327451712621633729119504409529742486
[44,21] -8407418427077878690783184109779331761165071329779724
[44,22] 116001515699305603067004164688652224840184818846440369
[44,23] -290223000342062489951293187819271541108645142322627030
[44,24] 476007395512715903259792499605198268450287966398787554
[44,25] -325339073824917119996214548039728994590236251782806652
[44,26] -823985012442237991246947155918457521728769312416756575
[44,27] 2071024755303646653569922138863933322999443922137328442
[44,28] -2344242458113524330384834947951544942258727881208805044
[44,29] 2827978263086381737911125595463262433972936877938006264
[44,30] -2418877663353367415287306244710651867446925153856472613
[44,31] -2818479174354658369851909742777727141577820022420020148
[44,32] 10428648199873191774366370917267836428627075116867735960
[44,33] -10932988591916152684167455158830552692481702225365028356
[44,34] 545022821366743360724935492966064902034950415181538231
[44,35] 10403102208976162395961178868212202096012512887035818472
[44,36] -8440563005583157842889246490223082401839537399173047112
[44,37] -2680566109696135296250872074254744721735494566615214850
[44,38] 7054915556958374693023539891331392849033289670720322540
[44,39] -1907815973478696493401930056322750744718722376840306918
[44,40] -2128891913120508093930613954638242029448999840082819100
[44,41] 1244665538737056554825744530898485306482203442885571026
[44,42] 178644496046919327681705130074685991249701777815616994
[44,43] -223428572375909615417767112845140151354751093214194678
[44,44] 2241232840688978843506007944208640721556838873996432
[43,1] -25698479056150992064
[43,2] -13076921641599225554834648
[43,3] -31394717479979061387805686083
[43,4] -999365068328515752797038338788074
[43,5] 50354686804210448761766759254199759
[43,6] -40127863243599908825308665111699991378
[43,7] -8948149579385627041801888865726421796735
[43,8] 269206026770804077669861908933117461950840
[43,9] -192928242161690916181908321913737298649987
[43,10] -66088247648735581914114471985610643996140570
[43,11] 949327101921720034020157238154464923818736120
[43,12] -2557204497871905217215218983928496160068543656
[43,13] -95337557923159379628883189262058184560421974780
[43,14] 1207653156009314609158188676860499057293682111350
[43,15] -6567042139279994869396922648889881108069535757605
[43,16] 50325614105876884364962473759227436422163000693584
[43,17] -574879462811204537506625622502843690383438986912640
[43,18] 3834931413971285797543020966216884668455851409450552
[43,19] -12008536681315110802984615768226352561303035738146690
[43,20] 1962775220379302500352406812585830174191715941902204
[43,21] 126830981043494870701712822380238798258902885962099986
[43,22] -471839057123535733643224889683705547032271861678638460
[43,23] 1114898818123971841579443929927107416644193803814786438
[43,24] -1326596216096013480013755842123418237915681206485755216
[43,25] 1021473053698686207190382694746596058105986419098903245
[43,26] 831305684708506577364690092993604950744482855165548582
[43,27] -7327833476174458357140496443769451686703643224406624930
[43,28] 10876436477643973260764935506578350417170766519097162796
[43,29] -5680671923042654094061263989503237116713376646122820638
[43,30] 5722515143863843322313463360208372325111350828880055266
[43,31] -9801157409426153884679409433975185264685084617402963507
[43,32] -5546972163253691617642043389692519187683285003669279476
[43,33] 30651522526400705727521410010046084143171150854938534757
[43,34] -27160090530093630181434282306537063090644887192715435382
[43,35] -6505471403591427831098665126731844590095084717032372552
[43,36] 30230263061497100023049298607710565409647565974489874660
[43,37] -18096724607963324778515516952498024192329236606889562028
[43,38] -7846073690698871226905972504641952228224039897570883086
[43,39] 14116877216552575791135893199353294703959099247772376744
[43,40] -3157183299877236646306120389206934566242286233771221054
[43,41] -3370182743288568709595673807026541720694241439807765731
[43,42] 1687904110817988876443068871750658321279953990600294962
[43,43] 214342295600782319526993226159144925230721324296506334
[42,1] 12141874792083012336
[42,2] -9765582341285206978307834
[42,3] 94744732420143837420868485450
[42,4] 3453713534339978661835718632582461
[42,5] 2899626923337867993533241489241339974
[42,6] 498450056399217125058924575610712943298
[42,7] 26543283418179278870771574971419662023656
[42,8] -2816662688417180102865191994476509430427108
[42,9] 62031575741564591126459323899194775935839236
[42,10] -546131388960455705685580348890752488526177564
[42,11] 5013570236665706377763606948114295487190652494
[42,12] -119047409784629976002125298834863920832084722468
[42,13] 1590445341787311873192376067222004335667332963936
[42,14] -10548700560420872728377355437748856515821942460742
[42,15] 60952960930765220753227137589784177149920187812486
[42,16] -481912024204315971668122405977179057829031110851499
[42,17] 2885462074994459867307469029242263217796682685227676
[42,18] -9524663105020850327451712621633729119504409529742486
[42,19] 1962775220379302500352406812585830174191715941902204
[42,20] 127049919415389773633945374633426633152168446490649795
[42,21] -625587289987418685026343510315179483954633767793829732
[42,22] 1528023481016144285233234322451744814373955849310084204
[42,23] -2668416273517358543184986620971095210297837645753669970
[42,24] 4718111311885543839925917318334415246044056406982624541
[42,25] -2526734614118136400090634530706733021204552228016009660
[42,26] -2519915129489569397310016463204401430838905121732829876
[42,27] 9813791393308362846955827595077620495913435515586818280
[42,28] -32150701934485417010969857984919115843971212681783871561
[42,29] 36979648714257368531598524943794167225388186750197552982
[42,30] -4561231275414391715835972036702865013671004019225595026
[42,31] 6903270407104810610953860307652875677753129554901594022
[42,32] -38139111876580946552161983893788852133739535053842939426
[42,33] -3814340085059201295494631860835874499129851311220808160
[42,34] 79395039486270602365086328036572705399639194181525285338
[42,35] -61248021509334911085839008554428980932496625148066090814
[42,36] -25837283128742276204107331760586914640441205864758180260
[42,37] 65860894077490558211748689825732352802560300011131689620
[42,38] -30603469913865917926796976649713152073989255026219811258
[42,39] -15183168035602571001416732706823438533634041919356823638
[42,40] 21170314869394366648013187163633539214331065478847089455
[42,41] -4039135792374087989115488366505782419654951827346317512
[42,42] -3919058608020362480270536523193865909528975392406450836
[41,1] 60305277443564313399
[41,2] 95370224971689743956774266
[41,3] 81505030564603224728824670706
[41,4] -3307571902517505599585656735857648
[41,5] -8518868764774383346274801755441273680
[41,6] -1657345180775012713681140407546008602646
[41,7] 12273074993786931982853965562494501035574
[41,8] 4997499801083387402759786705783560441637898
[41,9] -125654100160552749318210294938359279689574638
[41,10] 984989346542666825563794406325077426103888224
[41,11] -5522122145904488226648071527327426478731508769
[41,12] 93657075373555288345552944975709152469644465596
[41,13] -1427042569056612893619071399367463657415229241429
[41,14] 23662895726149007113612936362680082347534585336808
[41,15] -257972659197582414572124855468983395438086304961236
[41,16] 1435039110678757965534058238343819930927648148160862
[41,17] -3615228418659487446568716582054576893842627148502021
[41,18] -8407418427077878690783184109779331761165071329779724
[41,19] 126830981043494870701712822380238798258902885962099986
[41,20] -625587289987418685026343510315179483954633767793829732
[41,21] 1647438674286414568734961973026025147259741277596816798
[41,22] -4092416840867075175582247960918385131809643289971196708
[41,23] 7026523918539666697926342138085897683938481059291571789
[41,24] -8938759103705379527222728782585857021453844093336724278
[41,25] 15178216373626633468468039632681931292673028544871613265
[41,26] 2070087360155503142402192109677845396991124881099687790
[41,27] -26628363881367972410694101274670536139685119627970239583
[41,28] 32609555656995000585250496157087872386860306115557149584
[41,29] -79914255306441165948646758622033963396876462928926129011
[41,30] 87277674227487680064277253558250679040957806252081190750
[41,31] 10388131733838423152525300354970825606379719101082049510
[41,32] 6086873215155185209995416017509872466737154473067445476
[41,33] -107002796394248191246276507766434275740949445923938696716
[41,34] 486074838986968296927857925034952394995062877041337426
[41,35] 177374680716515893197572442263604526542856989062400244074
[41,36] -120227923166903394892993330031414731920050264133369167238
[41,37] -57034389315046633671749166795002300990994012057633622201
[41,38] 110023158125427846512262521824802437035430475957005372146
[41,39] -41734184637554915720961881205713969675953009004820749939
[41,40] -20899563499230942035660611561866892659636780360909045764
[41,41] 24187147634483844475737789223988556008982014442883525734
[40,1] -47640391289221464222
[40,2] 127446878608747772784080342
[40,3] 821902329448824032269167283112
[40,4] -13216913307244403051811834876383896
[40,5] 6757936472518898533140554333194558652
[40,6] 2712691879530663255635162248137748604990
[40,7] -497287551733392821072001143899194730803136
[40,8] 11736091221034109302501352676342968934352654
[40,9] -97418336810179368740532003791345480667101582
[40,10] 2678990160454336000484552832704787962414107121
[40,11] -100276397639663189819911964588898054460075633864
[40,12] 1514262259248173520188629496488295196286713594404
[40,13] -7723883390643605664052080165280665741269343126732
[40,14] -12591401325079020015805487613153151259197338923929
[40,15] 100843935982738240251604319454057684756429243280856
[40,16] 1434937572633625506435893634585399262265340865218928
[40,17] -17555382814815610082233650555321328882799317905521998
[40,18] 116001515699305603067004164688652224840184818846440369
[40,19] -471839057123535733643224889683705547032271861678638460
[40,20] 1528023481016144285233234322451744814373955849310084204
[40,21] -4092416840867075175582247960918385131809643289971196708
[40,22] 7442867638920972502961361603713235609448066422987730163
[40,23] -18010688315087905156918048749949441401966111520146809386
[40,24] 26847606170708829102950709554873081225610887163183350960
[40,25] -24249856853040791173920184075864593347410531111861348604
[40,26] 42227846705315145501014583308788449588151720407449469730
[40,27] 22846440871210410330348288168167325928210519144277841364
[40,28] -85761071458089646473835089531663576834762610843379368086
[40,29] 29099564209119708531672876550900345492295082969692141256
[40,30] -114686977018019307724722731681675166685690426607643358893
[40,31] 178978765878219275881579904680446550238568244673778554340
[40,32] 22257311052933918614096810603826426887407587523690962966
[40,33] 9123007036970838776307854967174014770575377466415252194
[40,34] -215381996976241818310204423864751813983506933258852498005
[40,35] -11688277999680307661041740956516290803128220725992657558
[40,36] 327386796505499699418703129986254426379643399367379964358
[40,37] -193204670035714308852265579422981811525904427337395775484
[40,38] -88226805195851449391608805987912272660727508997289292443
[40,39] 141915878207303187857401262090510560357198776754430016598
[40,40] -46281044108487682125388206760027683160295039782397910120
[39,1] -96295118569654106905
[39,2] -488598123114457792920536638
[39,3] 9411312567143176753745514036750
[39,4] 76628011230721382839411450283605420
[39,5] -16851036659634769307212788852548918350
[39,6] 2587918507267170271094811244402454040210
[39,7] 1208590578778112712217528233059229468169578
[39,8] -40012761636337056601205855020603492226868842
[39,9] 273239629775335508348061989339201670330590355
[39,10] -3215577705826840745023329755818452391993770658
[39,11] 157468504739715588790025706683913979321042687177
[39,12] -2651149882740312963938795357964296438756834938392
[39,13] 30552923110389359570233665073614411417851584251509
[39,14] -336809326730251429166656737439280433843351140847034
[39,15] 2698832459909086551827799069616390717532130236128536
[39,16] -15777385140116038716269252410958637123812550022633500
[39,17] 76531535498426356036751181518958271820848029085593962
[39,18] -290223000342062489951293187819271541108645142322627030
[39,19] 1114898818123971841579443929927107416644193803814786438
[39,20] -2668416273517358543184986620971095210297837645753669970
[39,21] 7026523918539666697926342138085897683938481059291571789
[39,22] -18010688315087905156918048749949441401966111520146809386
[39,23] 27693167815367336935828542899892250873170756913298591980
[39,24] -71960012161671106433386377719195317176414559060340959458
[39,25] 93529261499710212750685957565139041012604272016613136350
[39,26] -49169527413193535609380292176425452322643149128085411388
[39,27] 101501247490131099354395509280632330413470189563273849293
[39,28] 38904739824685075099519963687799834718399156265879923728
[39,29] -132857291505760745449251901760607803195550186408536565239
[39,30] -117722259481494626240676414252416343269856540756129220596
[39,31] -91853872581255966703558911474464366763594100767113669169
[39,32] 388891524531312475796877149394645819233121639460984120032
[39,33] -39318951735916827024905950717075140908040940317900629307
[39,34] 19755309461791996934624793882999718211614058329040440008
[39,35] -322358266703392611837576554080684797156549057361627669891
[39,36] -52342916750281581921322941333887388458851100032921334700
[39,37] 479237190419056090763517752361498319835328783712065958626
[39,38] -246416480521031814641564150397431544595764482194125551430
[39,39] -101621674165733215710915738736202888705257075320262886958
[38,1] 111176678330566202726
[38,2] -790647130954152049165479348
[38,3] -4626871604787979811471744921370
[38,4] 60057593962595984208426455553598144
[38,5] 80953163430686112187934464708334346918
[38,6] -31215924649571527806749412071750077090912
[38,7] 818145222468722386634127753792185283574800
[38,8] -7827500214100103293359240315205893557163522
[38,9] 1297597505078575762810771636298185711966805064
[38,10] -49745888647370714178650855340631080379487188708
[38,11] 704604446293065264339973827619933008643369196058
[38,12] -525548576403040788478383290811672278303492523278
[38,13] -97899457553254384496539741075306327401379585713820
[38,14] 1182869991124846968531935908862848007885574215571480
[38,15] -6953978923201758571294539917953502455019454412613922
[38,16] 29389025547427333956264617080709129358126417493576401
[38,17] -122968311609761856867650904516348815613312384213565476
[38,18] 476007395512715903259792499605198268450287966398787554
[38,19] -1326596216096013480013755842123418237915681206485755216
[38,20] 4718111311885543839925917318334415246044056406982624541
[38,21] -8938759103705379527222728782585857021453844093336724278
[38,22] 26847606170708829102950709554873081225610887163183350960
[38,23] -71960012161671106433386377719195317176414559060340959458
[38,24] 93458741270329784868627523479941107125129480848908295759
[38,25] -224354280722785936115676012959376134626276905247212642146
[38,26] 229208366231335180397235071226147761660920707606597888036
[38,27] -32233516761088611226769517769070807840160388741178049288
[38,28] 234651187454653911013388381540448363620686017717693633629
[38,29] -70135876982859894978764632460847677053305560040988047966
[38,30] -44022525743388541610962364565660060915242399543434179136
[38,31] -498131151878765049604660426611525006693875704986117993540
[38,32] -66944259001915996622306588915976899225260438184702260116
[38,33] 829788599598007148758790373467552520034500565862335967904
[38,34] -227862852748347907676666188054358630085514887395489250198
[38,35] 33393892441866442713959328868863670379692720248907119450
[38,36] -385792923183369446988071875439572834287183503539946590688
[38,37] -94330773212619402938762782830879897546901338313518001938
[38,38] 545120538021409608835891473467095954657083317680195066416
[37,1] 97988796754189931516
[37,2] 1636703378047497897436583984
[37,3] -78699411485116578579168742034986
[37,4] -295710736956615452420215693944119304
[37,5] 97069922551079215615056004817330101027
[37,6] 57773008351694402807208380246326255560946
[37,7] -5215528994163972770382396709003184418841971
[37,8] 58901639145384661818450785275351037235347302
[37,9] -1822552197284224813395227737706025440109809399
[37,10] 90780197949974721946608096095398388150962957572
[37,11] -1336186935150680405974881790192294479758637757305
[37,12] 6899889702034178254940003252352555506743271209554
[37,13] 2682984459370387988400622638301640852854114312737
[37,14] -221988825553004763566607677328500227920684051154922
[37,15] 2455706144141097473747311561618037343957873275562922
[37,16] -12038833825645446614424774699333806330286117053926958
[37,17] 32119023182034544500595050805924298096347090053895058
[37,18] -325339073824917119996214548039728994590236251782806652
[37,19] 1021473053698686207190382694746596058105986419098903245
[37,20] -2526734614118136400090634530706733021204552228016009660
[37,21] 15178216373626633468468039632681931292673028544871613265
[37,22] -24249856853040791173920184075864593347410531111861348604
[37,23] 93529261499710212750685957565139041012604272016613136350
[37,24] -224354280722785936115676012959376134626276905247212642146
[37,25] 187804457067863093245675222483286940488971822665419198512
[37,26] -448170929946656530438277528253177523499369553123819233890
[37,27] 370901867413133588094353088536108135859166547200690417214
[37,28] 113117887079402097494445742398840380571498042476421994888
[37,29] 547408312218751683434448415433957850577900506644267985174
[37,30] -496227813572073740290960315931608085504444247681904417878
[37,31] 259095169515508156985475294518596157011790037665980571837
[37,32] -1012666753015218325906462160896996781539877839087734081140
[37,33] -169419079631579898556482304875907479862275596620779090545
[37,34] 1458313270281622027576581834279319754266825295286427238806
[37,35] -467666295292159376801809495735031052793750760539972738761
[37,36] 42684822381817008041406726458126450782172780296073890842
[37,37] -403073776044574642513362641941865878384197497499129372494
[36,1] -171830361117879199930
[36,2] 3232476583894813610660372218
[36,3] 25210832383448832658786388153886
[36,4] 87274604228740586406254624033749616
[36,5] -527753519645860342233174823216056497532
[36,6] 43363597449497302789490688788944375966803
[36,7] 334172360257569399481396088372750340209326
[36,8] 247145639153161693574162364355189898212589530
[36,9] -11192566153127436615698612734061365781377584030
[36,10] 175407444818568621189581558897520726956894098388
[36,11] 139023155332543124782811322283976170192314781630
[36,12] -43545459574262036450246213873508410516029538879364
[36,13] 643420952528018272146048684752000451983398277972800
[36,14] -4654358148831847042659206964460394381149896135222617
[36,15] 20843801474663922490858836527152303206219214495555914
[36,16] -66523696160150473638551475199946764137498909119756828
[36,17] 204658792574170009173858194936746499582102881335215182
[36,18] -823985012442237991246947155918457521728769312416756575
[36,19] 831305684708506577364690092993604950744482855165548582
[36,20] -2519915129489569397310016463204401430838905121732829876
[36,21] 2070087360155503142402192109677845396991124881099687790
[36,22] 42227846705315145501014583308788449588151720407449469730
[36,23] -49169527413193535609380292176425452322643149128085411388
[36,24] 229208366231335180397235071226147761660920707606597888036
[36,25] -448170929946656530438277528253177523499369553123819233890
[36,26] 90189792512124342531599555337316842048326920433305768203
[36,27] -550301816124058668786152136849260249294086855573230347994
[36,28] 412047502235508034182600109279052951379642701374364106120
[36,29] 390379520438081608578962872997101976182091723264775668380
[36,30] 1161861568662838052569448753575393204854361510738076306784
[36,31] -1282631543138295778693921025438027333900882647345268941928
[36,32] 674199820913099420415940833006086185887608594325512948574
[36,33] -1440200237527368080756989247740875464230711132157822437350
[36,34] -383809690114217230495431422853700664256902209402836124294
[36,35] 1952625161888932731774799542124162270901246050530530730872
[36,36] -578594721485005586972590510443727145955947565603105713424
[35,1] -47180477786867907127
[35,2] -3155035316410165292896509294
[35,3] 304895985458763467932421242400114
[35,4] 332330729039996510753148102374033396
[35,5] 455506473225357392053356620564623084143
[35,6] -193972172219733203104741398779809309548444
[35,7] 8798681799830229539053065586993774616200675
[35,8] -348372221190920367725276417420633469479069844
[35,9] 21057323989114650242101971408744286894163718010
[35,10] -351613566680512778183419191678645771312588061510
[35,11] -494315673779198317039582266790860263430311634780
[35,12] 72451824011847322268220263435173674358477661731430
[35,13] -1085272502238564539171391090727686471654090856264448
[35,14] 9270863914610896675409918813912844981697529742042072
[35,15] -52786779734466418367784296301813727547078329665097812
[35,16] 195203502562785603831134340084996713185855806368864746
[35,17] -529511167599282320628492032560631838792488527357040766
[35,18] 2071024755303646653569922138863933322999443922137328442
[35,19] -7327833476174458357140496443769451686703643224406624930
[35,20] 9813791393308362846955827595077620495913435515586818280
[35,21] -26628363881367972410694101274670536139685119627970239583
[35,22] 22846440871210410330348288168167325928210519144277841364
[35,23] 101501247490131099354395509280632330413470189563273849293
[35,24] -32233516761088611226769517769070807840160388741178049288
[35,25] 370901867413133588094353088536108135859166547200690417214
[35,26] -550301816124058668786152136849260249294086855573230347994
[35,27] -591856300238304699886075945926024664566394437689857974038
[35,28] -308487713754623688108003967703493697338016152968715148998
[35,29] 330269915246784927266056976530259969877963753144135964962
[35,30] 744874592872062495306645765568587521200430088684843615924
[35,31] 1975488247629346973487132922106890085563948882729905056188
[35,32] -2179965144059420930341532166005207334585472232149390269174
[35,33] 1010227570400576133122390941824063675821549080738219199349
[35,34] -1651420751158250064635109668667199736345358825389558539096
[35,35] -497739118513729520395264039517687097607722683791460430120
[34,1] 180437602138098659354
[34,2] -9780195555071793413260859788
[34,3] -208581951036645781708935799448416
[34,4] -290810510424016576005078772147065906
[34,5] 224905130477742317014540781750606584818
[34,6] 57487206708520211869090447735601020473990
[34,7] 10110662186707301970620580986269402817778586
[34,8] -1079027958000702480491993680947620148852000906
[34,9] 22239999394120882886144496628730201678397544572
[34,10] -104970812125623829808895871565280519816858894576
[34,11] -3388512954275299776760143909887621800840995899582
[34,12] 55659667213351754893876344041433367224824808357634
[34,13] -129263342304483671725311335076051809729622874030622
[34,14] -4009091646405317362608610688426976084121137119175198
[34,15] 44452958987786223435487984795171226909695255019889480
[34,16] -251376888015080492055529201561082257304055667859180102
[34,17] 922392801037333454281159313947057273419170754672751730
[34,18] -2344242458113524330384834947951544942258727881208805044
[34,19] 10876436477643973260764935506578350417170766519097162796
[34,20] -32150701934485417010969857984919115843971212681783871561
[34,21] 32609555656995000585250496157087872386860306115557149584
[34,22] -85761071458089646473835089531663576834762610843379368086
[34,23] 38904739824685075099519963687799834718399156265879923728
[34,24] 234651187454653911013388381540448363620686017717693633629
[34,25] 113117887079402097494445742398840380571498042476421994888
[34,26] 412047502235508034182600109279052951379642701374364106120
[34,27] -308487713754623688108003967703493697338016152968715148998
[34,28] -2115696943388503220900186161093770703717689148443913963439
[34,29] 432691860286680184765147765929259741567506587071222749662
[34,30] 51734080267209734978801852485032752548083580497090583244
[34,31] 1146545682701079532225931382961099543232270619535322186166
[34,32] 2661674973563987390332843267968798295475377537747987537574
[34,33] -2776363235598628439839720814879498330283665441726668198558
[34,34] 1135873209443762761005775638892149372971930499347387751004
[33,1] -22540212294763788617
[33,2] 1753462933744637568546162422
[33,3] -732129013566511507539939011789262
[33,4] 815044467935431754474574341122796096
[33,5] -1481454266570626507341258993198590846495
[33,6] 235110619182392709737873587165180952660628
[33,7] -21171326388696269141797949383612204943534411
[33,8] 1817482998418195517436085053011947728932970024
[33,9] -45887948742308212856378585027207987867472796113
[33,10] -130029263023583444530906591248067745843596784520
[33,11] 16466775233336605344070219965570213834461723871356
[33,12] -260692515905508361406962301990738851894866279732714
[33,13] 2568574967239081793845967476159376093116142341471878
[33,14] -15337814879801049693085975684382417028547733045268146
[33,15] 46275357018380817423443189777734206878955885881471778
[33,16] 25227245969573130916202221103355744908115491250216288
[33,17] -822200850173460556892725571913291229536545135241512335
[33,18] 2827978263086381737911125595463262433972936877938006264
[33,19] -5680671923042654094061263989503237116713376646122820638
[33,20] 36979648714257368531598524943794167225388186750197552982
[33,21] -79914255306441165948646758622033963396876462928926129011
[33,22] 29099564209119708531672876550900345492295082969692141256
[33,23] -132857291505760745449251901760607803195550186408536565239
[33,24] -70135876982859894978764632460847677053305560040988047966
[33,25] 547408312218751683434448415433957850577900506644267985174
[33,26] 390379520438081608578962872997101976182091723264775668380
[33,27] 330269915246784927266056976530259969877963753144135964962
[33,28] 432691860286680184765147765929259741567506587071222749662
[33,29] -4455076825014000464227005650073436358141675135462956443120
[33,30] 1633558687465498957192154650133186351106078800557240122942
[33,31] -396675721943058170804653565703793344265616669595604525335
[33,32] 1460778798587236828989251265696013723892060751127614826066
[33,33] 2919467345548004841350364929975098746519365757574202391042
[32,1] -126180977911836940820
[32,2] 22321979492035751770705110909
[32,3] 1125768420434787128759667294495862
[32,4] -1646962525137600527407333315381709500
[32,5] 1609732947271315679693918463474317403546
[32,6] -9498988541040682822071873062166273667527
[32,7] -23659839821697077613997218368875830950714900
[32,8] 1626577517788931561489973276929231346909361050
[32,9] -30411181167919428057913102131890450628277531644
[32,10] 741542369450291032420110463874714610963049527183
[32,11] -14984226559665358103132218901873115798708017111256
[32,12] 262079044515098245901526533288300230407190736418814
[32,13] -3365153716743983425097938327114969347702209428451046
[32,14] 31024924227499846112079763724647043835752282155614027
[32,15] -170078641334591438696234411519200651147999963263228142
[32,16] 533229811592300385294491275895146749611677417945931562
[32,17] -598233009386545078065377153192561850154405498870847754
[32,18] -2418877663353367415287306244710651867446925153856472613
[32,19] 5722515143863843322313463360208372325111350828880055266
[32,20] -4561231275414391715835972036702865013671004019225595026
[32,21] 87277674227487680064277253558250679040957806252081190750
[32,22] -114686977018019307724722731681675166685690426607643358893
[32,23] -117722259481494626240676414252416343269856540756129220596
[32,24] -44022525743388541610962364565660060915242399543434179136
[32,25] -496227813572073740290960315931608085504444247681904417878
[32,26] 1161861568662838052569448753575393204854361510738076306784
[32,27] 744874592872062495306645765568587521200430088684843615924
[32,28] 51734080267209734978801852485032752548083580497090583244
[32,29] 1633558687465498957192154650133186351106078800557240122942
[32,30] -6891090838620792917414836460243750950417313684024633728091
[32,31] 2669342468268296913365279287126611398922599519526926158776
[32,32] -652135174265189926212048256195773178607299045191699104580
[31,1] 58451243999515521124
[31,2] 7339798972484911771208676060
[31,3] 1039724295080180147209690052680473
[31,4] -3150481186608627957852306895302480126
[31,5] 1816613181401341358412624172736982170475
[31,6] -412542860137973781392675368134303198531738
[31,7] 64684659625262828742052537882338101851346221
[31,8] -2875573117008917884383095187426451633805052704
[31,9] 17843100969604940923675483900028337408755780545
[31,10] 1006290432563360989605209214380792084613008474362
[31,11] -11714581511535193531179640216874805478315598667618
[31,12] 619040479579572296451163364891748985362196003380
[31,13] 930703177884758671175056750488505579188052487766160
[31,14] -18426163952938540843559086539656764634022177072642290
[31,15] 185935907667550560814484322548079850111102163949873505
[31,16] -980723617606475178576520968407346633865131673877048232
[31,17] 2881745715030101868552186690505667310186622610035987744
[31,18] -2818479174354658369851909742777727141577820022420020148
[31,19] -9801157409426153884679409433975185264685084617402963507
[31,20] 6903270407104810610953860307652875677753129554901594022
[31,21] 10388131733838423152525300354970825606379719101082049510
[31,22] 178978765878219275881579904680446550238568244673778554340
[31,23] -91853872581255966703558911474464366763594100767113669169
[31,24] -498131151878765049604660426611525006693875704986117993540
[31,25] 259095169515508156985475294518596157011790037665980571837
[31,26] -1282631543138295778693921025438027333900882647345268941928
[31,27] 1975488247629346973487132922106890085563948882729905056188
[31,28] 1146545682701079532225931382961099543232270619535322186166
[31,29] -396675721943058170804653565703793344265616669595604525335
[31,30] 2669342468268296913365279287126611398922599519526926158776
[31,31] -7995984534500796494824233903608825309551412364405711163838
[30,1] 53062749573109293788
[30,2] -35859741212347990041324637936
[30,3] -3492829430972522275196603147641020
[30,4] 7249648576976750977410041161163314855
[30,5] -2452178205994035790048367802541190301184
[30,6] 66967702527960684356469657032921609038158
[30,7] 7336479109261118136103864368540503832230966
[30,8] -1368703874220677367523445772549389406651892142
[30,9] 79541745928099025172846088768748518936767774672
[30,10] -2588306778843215919592556260263193116924385437494
[30,11] 34727805162966764937672015835341857134804766519682
[30,12] -287700742543255634854608673831487582588960837884719
[30,13] 1734227366213135841350492660003547201818488543846384
[30,14] -10197957332470233749292691236755254375434544020915370
[30,15] -21813182604241384364894307520678245833802976399716768
[30,16] 666121348257918080634558358251490527703923258974345461
[30,17] -3768956611986854341589659856005789905609881322761292170
[30,18] 10428648199873191774366370917267836428627075116867735960
[30,19] -5546972163253691617642043389692519187683285003669279476
[30,20] -38139111876580946552161983893788852133739535053842939426
[30,21] 6086873215155185209995416017509872466737154473067445476
[30,22] 22257311052933918614096810603826426887407587523690962966
[30,23] 388891524531312475796877149394645819233121639460984120032
[30,24] -66944259001915996622306588915976899225260438184702260116
[30,25] -1012666753015218325906462160896996781539877839087734081140
[30,26] 674199820913099420415940833006086185887608594325512948574
[30,27] -2179965144059420930341532166005207334585472232149390269174
[30,28] 2661674973563987390332843267968798295475377537747987537574
[30,29] 1460778798587236828989251265696013723892060751127614826066
[30,30] -652135174265189926212048256195773178607299045191699104580
[29,1] -48637817654225268265
[29,2] -24438219895365701711938622646
[29,3] -178174589054627146747519300422507
[29,4] 3516452945250387179738006287824258118
[29,5] -2598177404441291092429841108633601773169
[29,6] 627393084114346333710867758409500032848416
[29,7] -69339143050198849250528277475057812350009095
[29,8] 2396829604387359758993042754621226799745883818
[29,9] -6466096030546468897478898180397310460404843538
[29,10] 114123147388880512984764372210605608087301966296
[29,11] -25322350019963773772580074890914934635546016979727
[29,12] 299534738087122719766798812678409820271702879931196
[29,13] -1774236528621470644317201090379910045408546298046487
[29,14] 16012337919850231798562251058799726477309603421678092
[29,15] -133977829268353045501513327831733794863508173972353561
[29,16] 318739967108821921886206969157489145938359801412962780
[29,17] 1355148259351060437415916469881863286375069485531967829
[29,18] -10932988591916152684167455158830552692481702225365028356
[29,19] 30651522526400705727521410010046084143171150854938534757
[29,20] -3814340085059201295494631860835874499129851311220808160
[29,21] -107002796394248191246276507766434275740949445923938696716
[29,22] 9123007036970838776307854967174014770575377466415252194
[29,23] -39318951735916827024905950717075140908040940317900629307
[29,24] 829788599598007148758790373467552520034500565862335967904
[29,25] -169419079631579898556482304875907479862275596620779090545
[29,26] -1440200237527368080756989247740875464230711132157822437350
[29,27] 1010227570400576133122390941824063675821549080738219199349
[29,28] -2776363235598628439839720814879498330283665441726668198558
[29,29] 2919467345548004841350364929975098746519365757574202391042
[28,1] -7268443482884477866
[28,2] 35662881929105302620549818193
[28,3] 6453511104607959897406218121862490
[28,4] -11625310414821255327730864472919922616
[28,5] 1765674606509204821698471220503012697362
[28,6] -22164548546517066894649239449458940529039
[28,7] -13258633710883426127344665019891821374461286
[28,8] 1804933912817194041193178861682672289458386518
[28,9] -90929829368181946918591594557299602736102745902
[28,10] 2240678774715975110952167672129455026607826874854
[28,11] -12134510757740552013989688947830731265017417648272
[28,12] -84407681713805734670067085577761988653952831869694
[28,13] 643702483788061341036842351388595433445463047536380
[28,14] 1683548548233045623613119101659631105780905582246181
[28,15] 62965190932901863907675487958078334552039474192601490
[28,16] -785176040809302508776305713352614329340606210551899850
[28,17] 2497650732651989103012049514367413582663930988641906710
[28,18] 545022821366743360724935492966064902034950415181538231
[28,19] -27160090530093630181434282306537063090644887192715435382
[28,20] 79395039486270602365086328036572705399639194181525285338
[28,21] 486074838986968296927857925034952394995062877041337426
[28,22] -215381996976241818310204423864751813983506933258852498005
[28,23] 19755309461791996934624793882999718211614058329040440008
[28,24] -227862852748347907676666188054358630085514887395489250198
[28,25] 1458313270281622027576581834279319754266825295286427238806
[28,26] -383809690114217230495431422853700664256902209402836124294
[28,27] -1651420751158250064635109668667199736345358825389558539096
[28,28] 1135873209443762761005775638892149372971930499347387751004
[27,1] 22385343878401060211
[27,2] 43497687109297728121515317754
[27,3] -2649642205772683405474497411849204
[27,4] -1181842304297518535937188834794798544
[27,5] 3496333041607724783811270502896928075248
[27,6] -509577846146816812630105106829202978857138
[27,7] 40492287576931367413477869407402731202678973
[27,8] -3168324384467727546727742531850851611096692888
[27,9] 68378282128230828177538792161256280714287791990
[27,10] -1201456425404438350211802838211420234598336128432
[27,11] 29369978070917673020066635934776025973501197118222
[27,12] -102104208453182548751526837115717134436898554816740
[27,13] -397012033222244938593440979245001543428438665428623
[27,14] -6551027148621860334609969832205796094108707776002402
[27,15] 89662266159747029785945295198848389815103629851954614
[27,16] 72153599521332377195949366909509102502448078255819308
[27,17] -3015393437000114439026013367688393367251765045904079909
[27,18] 10403102208976162395961178868212202096012512887035818472
[27,19] -6505471403591427831098665126731844590095084717032372552
[27,20] -61248021509334911085839008554428980932496625148066090814
[27,21] 177374680716515893197572442263604526542856989062400244074
[27,22] -11688277999680307661041740956516290803128220725992657558
[27,23] -322358266703392611837576554080684797156549057361627669891
[27,24] 33393892441866442713959328868863670379692720248907119450
[27,25] -467666295292159376801809495735031052793750760539972738761
[27,26] 1952625161888932731774799542124162270901246050530530730872
[27,27] -497739118513729520395264039517687097607722683791460430120
[26,1] -5302787603447434522
[26,2] -16851687614463612671919062514
[26,3] -7084263612439318353897178798464632
[26,4] 10021950988040892480307910883111656188
[26,5] -1440877786791895199906510534848931185512
[26,6] -16966715741390108116753019588108570552692
[26,7] -9447696817078742782537976905866110660720088
[26,8] 516198006038419125229707316632369933891884649
[26,9] -28322093561293985081725907179401971971986470462
[26,10] 507594225401121750712065021710110792301984557840
[26,11] -12490956759645482779077908514489933113364280329084
[26,12] 155022030941475361075737502346958251607713197970763
[26,13] 383663174280963530659226414988323161495184156927932
[26,14] -6498900637992385625681888888510075303077393735845210
[26,15] -63482943377453297824122603770152528546487791353517296
[26,16] 632471071333885740688012137083887958398294666532704812
[26,17] -446251563552512525802459158090436082702746623092797168
[26,18] -8440563005583157842889246490223082401839537399173047112
[26,19] 30230263061497100023049298607710565409647565974489874660
[26,20] -25837283128742276204107331760586914640441205864758180260
[26,21] -120227923166903394892993330031414731920050264133369167238
[26,22] 327386796505499699418703129986254426379643399367379964358
[26,23] -52342916750281581921322941333887388458851100032921334700
[26,24] -385792923183369446988071875439572834287183503539946590688
[26,25] 42684822381817008041406726458126450782172780296073890842
[26,26] -578594721485005586972590510443727145955947565603105713424
[25,1] -5353047836165248684
[25,2] -50283619733612404868271505684
[25,3] 5811935338203546719795632858017461
[25,4] -10595902997438840197029273233045222
[25,5] -2625724211541120909945020354919090624648
[25,6] 316258005027274076133388034414374408088676
[25,7] -5093810763889768519509792857000582280678985
[25,8] 682415776171032068550265848110631841486036140
[25,9] -8695607870647490554368373992532494735921858222
[25,10] -677015782014399978887466815852311786178540748850
[25,11] 4900698557927377303772448016277433038002323645220
[25,12] -111154772312611115155825358394080594633807839283714
[25,13] 463726460126908028048702392872659569892877686892641
[25,14] 9538196608029998713081169039055195785733060301660858
[25,15] -59570705125130458418482378540080780047575674498545717
[25,16] -289920602771578806482057565424724922733167299993426324
[25,17] 2560221308155404876992010060373245422779937105965112407
[25,18] -2680566109696135296250872074254744721735494566615214850
[25,19] -18096724607963324778515516952498024192329236606889562028
[25,20] 65860894077490558211748689825732352802560300011131689620
[25,21] -57034389315046633671749166795002300990994012057633622201
[25,22] -193204670035714308852265579422981811525904427337395775484
[25,23] 479237190419056090763517752361498319835328783712065958626
[25,24] -94330773212619402938762782830879897546901338313518001938
[25,25] -403073776044574642513362641941865878384197497499129372494
[24,1] 3459371651250131138
[24,2] -5189305211428475717577637394
[24,3] 4008777718586189159039476830304404
[24,4] -5937645141723158699163883860325414384
[24,5] 1341911018420250404832126111064061171306
[24,6] 70069644776789895629679849907419861583104
[24,7] 2717996849718897092557725924180297816847370
[24,8] -515983604768699118424016477391206997967172718
[24,9] 7042744984054191340824470096121640845015245016
[24,10] -42974494485550975977443107916571244994095602583
[24,11] -4792357319628751488857276035782722885961193926808
[24,12] 58776747722651171802909999551547630679559591389410
[24,13] -1003892566163517517055762083390062245001235085129324
[24,14] 1573079263042575855477192208486389920133617190802650
[24,15] 64837192392425874713352141258041027681788331421877248
[24,16] -301271828353349255917890133020467669177249262803755200
[24,17] -872238909110445104632558719398749892731542122433145266
[24,18] 7054915556958374693023539891331392849033289670720322540
[24,19] -7846073690698871226905972504641952228224039897570883086
[24,20] -30603469913865917926796976649713152073989255026219811258
[24,21] 110023158125427846512262521824802437035430475957005372146
[24,22] -88226805195851449391608805987912272660727508997289292443
[24,23] -246416480521031814641564150397431544595764482194125551430
[24,24] 545120538021409608835891473467095954657083317680195066416
[23,1] 127327677040202309
[23,2] 33758774377148076592787497254
[23,3] -6066361970665219203411308489013245
[23,4] -129667303559374241047231996756564678
[23,5] 979982144000845956859874982808211179206
[23,6] -181974949138759725187290820961759741117414
[23,7] -616342947037017568111124124023661261108373
[23,8] 48009583637539872923248820050289681654672262
[23,9] 6905720656547117918980496702195584715443672325
[23,10] 225999421916454120369696202342180827047179184924
[23,11] -1966896061918316579053060998179268975201005494020
[23,12] -3780868789064396455436564131058679413111095933976
[23,13] 411197376850981838426509407632034137449450659256765
[23,14] -6454350343088814814420727026032260389233233659740534
[23,15] 8950547446877011420002658707803663897804528701938690
[23,16] 254957006716571573987330351741335024998143098815237000
[23,17] -965977604715497792282606154730393455679643450075527794
[23,18] -1907815973478696493401930056322750744718722376840306918
[23,19] 14116877216552575791135893199353294703959099247772376744
[23,20] -15183168035602571001416732706823438533634041919356823638
[23,21] -41734184637554915720961881205713969675953009004820749939
[23,22] 141915878207303187857401262090510560357198776754430016598
[23,23] -101621674165733215710915738736202888705257075320262886958
[22,1] -844955671110471010
[22,2] 18264659805225286073122867846
[22,3] -327631157822666872126088808956564
[22,4] 3047114153582354010372805741277875921
[22,5] -834942158313846395071915742474493490726
[22,6] 10708516485740882997813261917839734976460
[22,7] 5678023509905427078596594659735338604930406
[22,8] 323254106074582258957570221094093440983111702
[22,9] -1127624760184949650387022879728224402484662268
[22,10] 78610229343254402969726497475611804609321563666
[22,11] 1552651523144564552928942934697685030505831288848
[22,12] -20772636540432421410518449546710221340281819463273
[22,13] 181301467048547169748956505796667764668223159745488
[22,14] 1528655761300425504901519934160939549248438575979336
[22,15] -27577457363609844779894194297399218473608569569641138
[22,16] 38295347804027929212353070293893827433843036834636490
[22,17] 669167544178225262114625268124302484327718333956935304
[22,18] -2128891913120508093930613954638242029448999840082819100
[22,19] -3157183299877236646306120389206934566242286233771221054
[22,20] 21170314869394366648013187163633539214331065478847089455
[22,21] -20899563499230942035660611561866892659636780360909045764
[22,22] -46281044108487682125388206760027683160295039782397910120
[21,1] 285033807143868030
[21,2] -12266359250555327928523678364
[21,3] 3425371060263264866047126241973375
[21,4] -221839260595674310000476953732140010
[21,5] -102722612137732320418609330479526608356
[21,6] 71264005357724082467874912987418931640864
[21,7] 467550469818818306264991137233847410811969
[21,8] -14049902831301117830153515174448985273980024
[21,9] -638901436871562586331052328587575261818135062
[21,10] -22256388694557529888645841975621631607796662614
[21,11] 975786381861454862133934252993514373002685574320
[21,12] -1100389732448434652916042531842766294343558281690
[21,13] -103744649795762872428049110066425185505069097575596
[21,14] 1344963996618765883396115836102177466761908339151528
[21,15] 3213169641754634701427477175417038263512093926631801
[21,16] -79624190846049403968780478301489972456706741808831900
[21,17] 102036336240768141176835257539622131660939289022351982
[21,18] 1244665538737056554825744530898485306482203442885571026
[21,19] -3370182743288568709595673807026541720694241439807765731
[21,20] -4039135792374087989115488366505782419654951827346317512
[21,21] 24187147634483844475737789223988556008982014442883525734
[20,1] 50129543517963450
[20,2] -14391951524090767827703367856
[20,3] -870684819137633455477871921097004
[20,4] -1200911004824773948235414888573253986
[20,5] 282742518780192622905920416139370337824
[20,6] -23943312803958871890254441983003858862946
[20,7] -1980706029873314138830776984863350674441184
[20,8] -14717947149159826148214282762802214773354926
[20,9] 887859437388419908600277901821391071985814158
[20,10] -27824103872561402180624149237316278253529797616
[20,11] -48593852614407943768523688324572261562450833892
[20,12] 5662049714175605917789014028982845045126354408254
[20,13] -51336138576280882930972289579568171938624297662858
[20,14] -276019292636710959865206104597958965413879438803588
[20,15] 4969812779187759191071349745453823830088999983544188
[20,16] 3928254071226347189842618842738347604365562680401538
[20,17] -158960473056339947646352961279477050264787893033791438
[20,18] 178644496046919327681705130074685991249701777815616994
[20,19] 1687904110817988876443068871750658321279953990600294962
[20,20] -3919058608020362480270536523193865909528975392406450836
[19,1] -65808566719252761
[19,2] -569387642708318941557300630
[19,3] -1028339584642060365138907646093112
[19,4] 524980662805021494334441326535925100
[19,5] -14979281558653042496914509449893010478
[19,6] -9217730662084663346873975064521250676494
[19,7] 362333789364896809614035017281902054023622
[19,8] 4925925528144658710465104511346122067402506
[19,9] 220187597260667650121147042415811732726400253
[19,10] 1687888086702276555233925970757116228226987910
[19,11] -193030233226490766659528442318541707736822280913
[19,12] 1490296987595885174744899625123731929545141108448
[19,13] 14447178961151074770363440869700193431171603152628
[19,14] -251445328150453349843516302684051448321253526861068
[19,15] -423550780955265629990730595207394010412516928196291
[19,16] 11338711025405682649651698396888448442546368801191206
[19,17] 3008475086146279804741818179048888462127849416351071
[19,18] -223428572375909615417767112845140151354751093214194678
[19,19] 214342295600782319526993226159144925230721324296506334
[18,1] 17415213933918954
[18,2] 5436668821687593403555280532
[18,3] 462566144495321453217878407018710
[18,4] 156634080402633306576670425896745967
[18,5] -69916184978058488535448207253239982362
[18,6] 5309535331593764826958397200266790877430
[18,7] 19629252910348536146605411693288595583624
[18,8] -6672613036774068818774671137955118890555207
[18,9] 45103964256571387910935677318500120689577100
[18,10] 4159424844167858479937193508112495913727170422
[18,11] -42944960416640400588363841233493639042075724798
[18,12] -498799309930406359545676973453068106789094065658
[18,13] 9791030837682036553740649636180640947593893445622
[18,14] 15456432531736170835273701525694852429650389397778
[18,15] -644684258535837165808247618083440288882844099371858
[18,16] -407512889355696624476305630654874470078644028655621
[18,17] 16975080502891517156321514329939971538828527021673964
[18,18] 2241232840688978843506007944208640721556838873996432
[17,1] 2058041174336211
[17,2] 2498336628261368674482123966
[17,3] 151300079335159394146936887388769
[17,4] -310304245295073861366762361378451210
[17,5] -2466902612620755110513096416883306754
[17,6] -1221868428886489305481499458583491530530
[17,7] -45020546543757257225390065040352622307661
[17,8] 459852959569196190106982329899680511448194
[17,9] -43398117000164095992557456415714648290803182
[17,10] 752535057767726861648616962401520250839263106
[17,11] 10274290188411701887368136043176463222442460884
[17,12] -295298338155333691902516398944774160705105586860
[17,13] -67150139689296856851969885229139574812231175038
[17,14] 27649480161103007873330274268269036247571759773818
[17,15] 606015136733076466616011964416400634548646168469
[17,16] -1010011458343311716150152814723031750072288048114008
[17,17] -349438317943967853021736047940657298249203399574520
[16,1] -2834722216613904
[16,2] -538627095812295818498377131
[16,3] -97497991648180976978918742809796
[16,4] 118497510612978208684408748565803106
[16,5] 17754567517372247712278668161076630374
[16,6] -22308566419012175896413269708217417678
[16,7] 8483938346592239088674615565331060486618
[16,8] -26599704190134489713162961268544105169062
[16,9] -9797954083753462937779578334917233536374992
[16,10] 18657516901152497598840876909738880048740021
[16,11] 5776969018424672115278411007632069674373792996
[16,12] -20505850741594223564906376929943613988031431386
[16,13] -883289878556237270535103867880133467958890994404
[16,14] 1834888493710947066334278027527523792404003825419
[16,15] 44737861435834453701430092437379939187146124543426
[16,16] -10185687072693150424809795810532699352558945795736
[15,1] 876401071806228
[15,2] -863096143056308956575866820
[15,3] -9308922821529116343864882631254
[15,4] 50286197615384447006377377653442676
[15,5] 474493345985501491523541727215093437
[15,6] 266527701619278197615834348111792859630
[15,7] 972799123341681425112547755059889734938
[15,8] -90819487892099555933397656047455761917348
[15,9] -2687734751868764621267800317893879099986095
[15,10] -80661372563303925396468337054508060943909156
[15,11] 1130135629045815636937386583969569849878262631
[15,12] 19480931695565460463099686707967088473525641160
[15,13] -117371334829853936429400270686898900557872879270
[15,14] -1484102189699477716390627669739166392566943962898
[15,15] 3132067867877650043732146895226148251345612175866
[14,1] -76034475565428
[14,2] -259553926891163251598857020
[14,3] 9453110016938725787530687203892
[14,4] -53731335985774305693193713372540668
[14,5] -3116632900886675740130913188295639858
[14,6] -1159740617062385310643890654959987540
[14,7] 3212847022518682843404531781418669851012
[14,8] 92676060805636102521589549122610822985526
[14,9] 65983306864436879791144035520882335519490
[14,10] -27630882547341811524829861885948410144731934
[14,11] -289120797521690331941051893391107513257867984
[14,12] 4013118360790866206958496792565131210603684112
[14,13] 35353015014234270959342380214182252215021156002
[14,14] -179984798088795730617939778553700043476751606920
[13,1] -42609841775886
[13,2] 40267412139196826354223908
[13,3] 342470830159347266677500454604
[13,4] 10791087382768303173253113577465732
[13,5] 203400995329049047978411234865766131
[13,6] -57007728621394635458521031707760905690
[13,7] -1052770298584754408098245746944323496952
[13,8] 7062103906130238642291540651607996712868
[13,9] 528563575784428633989711106599673682870478
[13,10] 2234636433854968182837594880066367165958022
[13,11] -93464968500095125274330330486184023112576259
[13,12] -567780583202231480950853418059131195221997744
[13,13] 5823091288852532624144205206575929738913277433
[12,1] 22269148646844
[12,2] 56038783015956789423133984
[12,3] -397058286676909811670539876976
[12,4] 4231689446871326721144582557722940
[12,5] 312115449603272193882619463967964680
[12,6] 12708666798655251708151993323992092014
[12,7] -170273005353122981791877662989775314762
[12,8] -6586839270122847097210388513054849349992
[12,9] -494566914599238881125582761083648923812
[12,10] 1522774910517668457475025896971491114282206
[12,11] 6907350045610389903232820355379832059831756
[12,12] -134807702588753457852974485391135879652369408
[11,1] -6066454316604
[11,2] 20551649059540640532800784
[11,3] -17489642243798867955302100777
[11,4] -2803264416395345078443158103039522
[11,5] -66213592452820670428707061399518255
[11,6] 1039401822573658874150590584060618058
[11,7] 65847690537163261859929541383539688272
[11,8] -184547747737183782747871848682757292642
[11,9] -19670861357134520290903513578332145011758
[11,10] -44946617295822945135361662535218300317588
[11,11] 2101352460911516026969006596084202301598897
[10,1] 1162286062680
[10,2] 4247914880552232627018512
[10,3] 5711170921746550977673082114
[10,4] 679053910812530911440783513256051
[10,5] -5085368290400348777794603021774966
[10,6] -475808433633679080735983598706627174
[10,7] 1997984458722247732835509730422314834
[10,8] 188718777565472474707608191064030546479
[10,9] 265263784341563736716159056184111395706
[10,10] -27057130393832168693631171440151789629272
[9,1] -169056177994
[9,2] 544587600001014044618672
[9,3] -120333818615344223979728547
[9,4] -86689417022246823322723980954650
[9,5] 2948858909868231063969232204794412
[9,6] 3206139189689164986714992133237288
[9,7] -1562661532261202501575716725872979608
[9,8] -985266064654700989992952781534721634
[9,9] 256662832062856903364328806482184027058
[8,1] 19183296836
[8,2] 43411060448946077570019
[8,3] -145822880988139281378011222
[8,4] 6043297272496959671338890183574
[8,5] -326860734350277102650785614260976
[8,6] 8804191730150554843369886293502628
[8,7] 47776949140115089606502302699854836
[8,8] -2175372452165973039314473659991203000
[7,1] -1710096448
[7,2] 2073160409280036395724
[7,3] 3169959345862381252656393
[7,4] -218273224740128825480544607126
[7,5] 10811534756955509933293107350774
[7,6] -812924251108129303613865231749704
[7,7] 11960992837482573984944924074064299
[6,1] 119070292
[6,2] 55432177199057929972
[6,3] 2520454063861520371985328
[6,4] 3427767554416415724126708214
[6,5] 252320281595188080057593021810
[6,6] 16975375972738461997905436414152
[5,1] -6362117
[5,2] 746785813557523998
[5,3] -95485360250964226009163
[5,4] -3753504578215701736494734
[5,5] -14496525474539980152484247250
[4,1] 252418
[4,2] 4270308188353551
[4,3] 538483160927999121738
[4,4] 568800758469193790447780
[3,1] -7015
[3,2] 7512939275462
[3,3] -352812051397608897
[2,1] 122
[2,2] 1815100140
[1,1] -1
