[60,0] 1
[59,0] -340666
[59,1] 5661286
[59,2] 77355549
[59,3] 127750989
[59,4] -1314591213
[59,5] -5639567215
[59,6] 797928095
[59,7] 48598129667
[59,8] 82797693896
[59,9] -134262764012
[59,10] -583349302762
[59,11] -236666010998
[59,12] 1761205669096
[59,13] 2711979813332
[59,14] -2063236144437
[59,15] -8727385627877
[59,16] -3124310365879
[59,17] 15284352268667
[59,18] 17562492774835
[59,19] -13739520974209
[59,20] -36819931843780
[59,21] -2415279405956
[59,22] 48416598214952
[59,23] 28117941861256
[59,24] -43129976847660
[59,25] -49201214297364
[59,26] 24420633931651
[59,27] 55150281246459
[59,28] -4379623148793
[59,29] -46855296955739
[59,30] -7570425393495
[59,31] 32490324791773
[59,32] 10253116400926
[59,33] -19421366094562
[59,34] -7715846580533
[59,35] 10550078461207
[59,36] 4058292877419
[59,37] -5369924025019
[59,38] -1356248059514
[59,39] 2442739891714
[59,40] 79721391357
[59,41] -864153323205
[59,42] 189797394410
[59,43] 188595535146
[59,44] -102722653575
[59,45] -9358443297
[59,46] 22988393964
[59,47] -6145641072
[59,48] -1319920683
[59,49] 1269921251
[59,50] -305792811
[59,51] -13194819
[59,52] 30469960
[59,53] -10370548
[59,54] 2076387
[59,55] -279837
[59,56] 25901
[59,57] -1593
[59,58] 59
[59,59] -1
[58,0] 127489587199
[58,1] 1720726129468
[58,2] 10033538586478
[58,3] 30149035829225
[58,4] 34570529641299
[58,5] -61550041913715
[58,6] -270420873747551
[58,7] -378998639534793
[58,8] -113648012513275
[58,9] 1297206465213150
[58,10] 4316078942425959
[58,11] 1081239816264250
[58,12] -17751663440689490
[58,13] -17641189866235492
[58,14] 45828858712888931
[58,15] 65769391482099319
[58,16] -84300833979368276
[58,17] -149674589427057983
[58,18] 105169260178115184
[58,19] 204571825386421611
[58,20] -90364800691090662
[58,21] -78775045489330180
[58,22] 132288305998076854
[58,23] -296822666954324728
[58,24] -420706545783379579
[58,25] 664696908875116366
[58,26] 961157636731258598
[58,27] -572467427273335857
[58,28] -1364516271037383665
[58,29] -74960061306378311
[58,30] 1181937253538282459
[58,31] 780794924854256417
[58,32] -464713862454163631
[58,33] -982849343066952604
[58,34] -251485292687725568
[58,35] 651793594219157115
[58,36] 537140682568944647
[58,37] -195439305533112319
[58,38] -424970373136557878
[58,39] -61715120022662758
[58,40] 201063227240250020
[58,41] 101442376430359289
[58,42] -53995775348070555
[58,43] -58493313889043110
[58,44] 4056390627523591
[58,45] 19103912114364255
[58,46] 4019804454154702
[58,47] -4309229061684680
[58,48] -1594438362987474
[58,49] 471748999879117
[58,50] 343330503348536
[58,51] -9346880153031
[58,52] -36671030836683
[58,53] -4691854985150
[58,54] 1477554410428
[58,55] 408383023263
[58,56] 30473496637
[58,57] 666111239
[58,58] 2655885
[57,0] 113180962215438
[57,1] 1737167189756492
[57,2] 7547516081450444
[57,3] 1900830684669120
[57,4] -54642151199456469
[57,5] -24148772316843213
[57,6] 481200038143056585
[57,7] 656449028598190747
[57,8] -2339502317192389465
[57,9] -6389320521563332597
[57,10] 1561917074629164621
[57,11] 23206870302500332629
[57,12] 23364743763079401086
[57,13] -27479430567467935452
[57,14] -86119265551893981915
[57,15] -56768742020699000297
[57,16] 113389264686424553110
[57,17] 272359368787223162232
[57,18] 43677865381069779467
[57,19] -517925652034356494707
[57,20] -432040188746969191836
[57,21] 650572071969512221036
[57,22] 932334186347400165632
[57,23] -676359200488411910608
[57,24] -1456299747027813468698
[57,25] 651980632720045317392
[57,26] 2014764688975031459888
[57,27] -472735609793931811840
[57,28] -2485786102652699350547
[57,29] 20321772986418649741
[57,30] 2570141000746973608523
[57,31] 539107840780407555809
[57,32] -2128403288941445876961
[57,33] -858606517253815762409
[57,34] 1381549877705492047799
[57,35] 794609940792404981521
[57,36] -690637328871877596991
[57,37] -512298065649915884605
[57,38] 256288231216008868925
[57,39] 246923750857035618387
[57,40] -67261887002117198561
[57,41] -92125861603495661595
[57,42] 12686600133023906815
[57,43] 26027347930355565869
[57,44] -2158242868049931996
[57,45] -5201938328531562766
[57,46] 477064455607587484
[57,47] 689289666429774866
[57,48] -189564942535960260
[57,49] 8161493780143402
[57,50] 28344816021003084
[57,51] -18058994789301256
[57,52] 1640615871521740
[57,53] 1065695016076552
[57,54] -172457151899099
[57,55] -12255002622327
[57,56] 2243615967520
[57,57] -268512063280
[56,0] 28596651216757799
[56,1] 219580565961784858
[56,2] 1603276717065297565
[56,3] 7701547442647110760
[56,4] 8264530620005717134
[56,5] -71914164338682158631
[56,6] -273262859558225581483
[56,7] -37528498193486657671
[56,8] 1752215867018146955599
[56,9] 3262559645755691443967
[56,10] -3411971288391275618008
[56,11] -18381253378400070131101
[56,12] -10667525199170537410831
[56,13] 46626576805353832226684
[56,14] 78941867007346315577309
[56,15] -41955028958824947702607
[56,16] -216620528753181218146698
[56,17] -92414287064907783842266
[56,18] 333761496548902912098582
[56,19] 395397652746085902955739
[56,20] -259984667679277969416435
[56,21] -729623760691052140897368
[56,22] -73276057440654485396758
[56,23] 859974602380892032924920
[56,24] 509818129586292352460028
[56,25] -685642593431648054820742
[56,26] -796534343191346688690345
[56,27] 336194032830020775833904
[56,28] 812607124550645836416556
[56,29] -26227176600080161848961
[56,30] -632958043874345852877329
[56,31] -127509640199054370774637
[56,32] 407134177578591338453077
[56,33] 142043962965553936886175
[56,34] -230958600127030435467328
[56,35] -92815700835855158817269
[56,36] 122047519795450745677790
[56,37] 40268279358628355460741
[56,38] -60523692965829011324021
[56,39] -8566426562517967763587
[56,40] 26003662113336258739123
[56,41] -2565944827397313369611
[56,42] -8305797165965296904616
[56,43] 2905426331227534745911
[56,44] 1554119471229637289395
[56,45] -1071083632650775636682
[56,46] -64558973489319507974
[56,47] 184248131472098001778
[56,48] -22866307875115673858
[56,49] -14217881445394779968
[56,50] 2077354117586922145
[56,51] 1121207244412834356
[56,52] -84859593448674765
[56,53] -151174582727649618
[56,54] 49167132958032380
[56,55] -6270263150391849
[56,56] 296717268042944
[55,0] -5091623000473593396
[55,1] 17780662554314961244
[55,2] 245652728214085360234
[55,3] 799489678641965243726
[55,4] 955858637595651447004
[55,5] -2827856386528202519508
[55,6] -18191829990525952976183
[55,7] -36999237177712659346111
[55,8] 16319363972909841198409
[55,9] 230962893577126845700551
[55,10] 381133292605263427357349
[55,11] -216582258538166420934819
[55,12] -1650896232933971145748050
[55,13] -1798895944771429799128814
[55,14] 2114911919975327065047983
[55,15] 7230938686478594124652503
[55,16] 3518964635404291003926937
[55,17] -11546378037377772780669081
[55,18] -18220713104738845142122759
[55,19] 4151480693733906591969897
[55,20] 33631510374653063402736316
[55,21] 19423139094874104033072756
[55,22] -34086702771605905984666994
[55,23] -47392819442495986270388362
[55,24] 13870797424880184007145492
[55,25] 61089855851093133740790516
[55,26] 14825996638396472229468736
[55,27] -53569387799813101247625532
[55,28] -34326683887324168234437762
[55,29] 33940649058027080732238642
[55,30] 37382771514013510125724367
[55,31] -15485891790445477257116441
[55,32] -29112262213695496397705639
[55,33] 4737219267803811638544527
[55,34] 18140529644020097157561971
[55,35] -811513763802366028327573
[55,36] -9541360838216696141865506
[55,37] 182776877200055806786578
[55,38] 4310341389946069720052981
[55,39] -307316484381710993375307
[55,40] -1633544385930030517660437
[55,41] 302672391350455341931101
[55,42] 483235595346370123785540
[55,43] -171123065228738930519576
[55,44] -94782679456697262629799
[55,45] 60005627659241938338315
[55,46] 6125347292129160318708
[55,47] -12031517717560093074508
[55,48] 1925499562100881095335
[55,49] 1022930617824810477489
[55,50] -428009161053348065836
[55,51] 21010433846303797160
[55,52] 16849813822682636965
[55,53] -2807015669907473961
[55,54] -227159146084490564
[55,55] 91826739133743736
[54,0] 379085358940665726846
[54,1] -2962501997529442383976
[54,2] -12534167248457206612880
[54,3] 22488289955818580294932
[54,4] 207862120388774346275188
[54,5] 381589967130016875294368
[54,6] -275602562821526367413097
[54,7] -2479913283711114601281315
[54,8] -4428561841054941051237653
[54,9] -207351684014217072441695
[54,10] 15710253461506996140176793
[54,11] 31640109718762820058370151
[54,12] 6776718916403348006583957
[54,13] -79074392745093358679791744
[54,14] -132433890281772108477230446
[54,15] 4995089754975910698760323
[54,16] 287032994080216851026641178
[54,17] 325127076157316556291024031
[54,18] -168361695760585070393644578
[54,19] -717948542596091886125200995
[54,20] -406784114026628446512173455
[54,21] 694874229072628275496191346
[54,22] 1110593607858563644382134679
[54,23] -60783495615612006929942790
[54,24] -1360045767446592184806413700
[54,25] -779517309697651511587523264
[54,26] 963063200177705142778491036
[54,27] 1250548073753182938706606990
[54,28] -278754527952023911601632574
[54,29] -1174220819414127679507921862
[54,30] -227974696617923165716236735
[54,31] 792789689317814259562283675
[54,32] 390347364000890369218000731
[54,33] -413422024198476934721291195
[54,34] -323361289544201178089608549
[54,35] 175848474015701873439196123
[54,36] 195112249272198397557558875
[54,37] -67653300435683466137701224
[54,38] -93862061403309420813777360
[54,39] 27748156330011618475868191
[54,40] 35953929692928241475932538
[54,41] -12258237514094999742821021
[54,42] -10349863649874062797715809
[54,43] 4822200295096750704283186
[54,44] 1965108731418364004768570
[54,45] -1447713870620062093854529
[54,46] -121231070447496960626117
[54,47] 282655026532074417201600
[54,48] -46960998367767998731821
[54,49] -24343493581129337115641
[54,50] 11092825249920522206820
[54,51] -974793514804297073418
[54,52] -360790530511890121071
[54,53] 103984950039250139391
[54,54] -8416563599237274618
[53,0] -29942577524093600146012
[53,1] -17352141528633227012848
[53,2] -355473449031083349151994
[53,3] -2732820512703045002000428
[53,4] -3270169981747589369286365
[53,5] 15234352204956512323888675
[53,6] 54465315487943220681630614
[53,7] 42008506587643656193362764
[53,8] -132218624860695217338533800
[53,9] -382286541364117661502127948
[53,10] -276567093345198751366802999
[53,11] 541490580237798752513922653
[53,12] 1569261622569416435169742212
[53,13] 1249375281766528468465816714
[53,14] -1626890083780396441469919293
[53,15] -4969256688818692996498896309
[53,16] -3182671121859594644945093410
[53,17] 5292735029438386577028633246
[53,18] 11000038869801571981109976120
[53,19] 2898215264902573015604553436
[53,20] -12837268037460917333628557923
[53,21] -14936924981097406916707298487
[53,22] 3450288197682478926003692170
[53,23] 19482772269430771587484720536
[53,24] 10409273366444927688954336388
[53,25] -12170427737631070641241865336
[53,26] -17661230520746377641463356306
[53,27] 53152558135557003903009196
[53,28] 14952486320451244885666639259
[53,29] 7823342062320224917214172955
[53,30] -7506255845222914884479373876
[53,31] -8969345184651747207448533170
[53,32] 1482199475337490593518839666
[53,33] 6359188028869473484812523494
[53,34] 1063781544011146056204503299
[53,35] -3378193628495181590881470015
[53,36] -1296613150312728500362450095
[53,37] 1468045981641472479469660211
[53,38] 801098352793907078911772490
[53,39] -579068441846283036151898580
[53,40] -343494069454728634429763771
[53,41] 221945371338351599257025087
[53,42] 98773957982438485600097967
[53,43] -75038353370606928228330843
[53,44] -15660167643527107039029031
[53,45] 19292880669130788454219655
[53,46] -231200430444753420359160
[53,47] -3265171122116618838647212
[53,48] 729803886345988948168835
[53,49] 236306023728753032693785
[53,50] -135197284373399709778097
[53,51] 18419168431935411124283
[53,52] 2087816332104921279087
[53,53] -940435460203524057907
[52,0] 1806658309648373525752361
[52,1] 5423153952473618535747116
[52,2] 6719062902399179253671716
[52,3] -6827023878008791683770106
[52,4] -185823515403308116834769106
[52,5] -614419201518935203843577203
[52,6] -211593979315176680836341742
[52,7] 2697680245909833157840399684
[52,8] 5694525157839618214489553128
[52,9] 743820436568196909183963686
[52,10] -14661998032531654979003009975
[52,11] -23477285053624174561453485467
[52,12] -679113814052553219628053998
[52,13] 45682858633468335899799194744
[52,14] 59933321310873928980567003020
[52,15] -2676253586849154079089824595
[52,16] -99686556972915850513296774719
[52,17] -112565357266785486967660666506
[52,18] 22965481434523606748235946645
[52,19] 181027560277460417419281788080
[52,20] 140662101866843915852645151378
[52,21] -96816194323459110448218564099
[52,22] -234891437815774145615364082705
[52,23] -74981702612687247871591192236
[52,24] 173074011417373026538961447869
[52,25] 177802568035738242256212138772
[52,26] -33118964109255249930493212370
[52,27] -151873251763216855181788380990
[52,28] -62468730426468916120214789110
[52,29] 64616112903588700280398652193
[52,30] 75270139066439846723378106944
[52,31] 1784942688717565911948225546
[52,32] -44153683383652597321168526736
[52,33] -24438310148775071848453709200
[52,34] 14372430959605590322676762735
[52,35] 21007256502710487633989484775
[52,36] -826850510367735547641242733
[52,37] -11512289865177579623050392873
[52,38] -2084002197043465370821231277
[52,39] 4968724016379745613777145442
[52,40] 1446720892462063002695047049
[52,41] -1946516991892589086985898497
[52,42] -460207651711651262534004414
[52,43] 659675740362360538994573045
[52,44] 34470445817635637219232744
[52,45] -157109283592126585718728011
[52,46] 22286391823561665569704385
[52,47] 21160701918456696984713980
[52,48] -7435744306607917084407280
[52,49] -822449242327086411646543
[52,50] 941457639964142315223517
[52,51] -203793096267150771873517
[52,52] 11568222793648342583663
[51,0] -34543576918385951806591622
[51,1] -68874571181078549455806318
[51,2] 385467161703682673671586801
[51,3] 1967927577690935864612740843
[51,4] 3764734499390930277086338054
[51,5] -1555680782403925777475926920
[51,6] -27805673552717040876984599253
[51,7] -56967380787863914499371280691
[51,8] 4256349473851002434906519100
[51,9] 198488998028305544196947125188
[51,10] 279646286637858695539834965570
[51,11] -101370693418666748722105269988
[51,12] -714535454398441102873200230646
[51,13] -654586789052829042727504848972
[51,14] 478153604352130787676078469441
[51,15] 1521915223827868735545177922763
[51,16] 869189311577170969763998671850
[51,17] -1137816417714943782766550661146
[51,18] -2124654245125154270725033670384
[51,19] -657743537527419166005368098504
[51,20] 1714652507905377300584600024017
[51,21] 2171738085906300077865291370355
[51,22] 70019554477479112422974962599
[51,23] -2011217452946302518610163593057
[51,24] -1491061022530126230852299780846
[51,25] 708957724885819932047692792018
[51,26] 1591251683295435079350245674310
[51,27] 352031901208300156707587825348
[51,28] -884455183621676916278528652277
[51,29] -593674850192701165931873104345
[51,30] 235104930567912654964670903571
[51,31] 362022912803291675250771996277
[51,32] 30200789148606764963746171829
[51,33] -109662648911883383066861126517
[51,34] -49414986810410086500909540379
[51,35] -9652954492539321900715162043
[51,36] 16949304407483199227270081319
[51,37] 30760860580771493282926676673
[51,38] -977590286941149489246112503
[51,39] -18655988258763999491276014309
[51,40] -2603358114223059292571596623
[51,41] 8369389834200994138437866765
[51,42] 1258000448366114614111790107
[51,43] -3257149184913844184022160045
[51,44] 128617851332058752979333082
[51,45] 812318243792839293065024556
[51,46] -220231557654839592495170086
[51,47] -77820330797205502650739280
[51,48] 47080590531854063929040270
[51,49] -2857895898917193986928994
[51,50] -3584861789933630857405673
[51,51] 1267040405580974122759481
[50,0] 186534507077666321054946205
[50,1] -1197054827925830361567659668
[50,2] -11745680014803248594231125888
[50,3] -25498940942213303201903485389
[50,4] 26043439235855601712387200327
[50,5] 232051221257354015384754394286
[50,6] 417879741190357537434478703108
[50,7] -103740432345181043905165716275
[50,8] -1703927471357446609815275614915
[50,9] -2495681811367178830930320902442
[50,10] 955253748502587741924391043709
[50,11] 7238030464606107675638322460726
[50,12] 6703630266154513529469372975361
[50,13] -6086068608293690992748634645410
[50,14] -17324107520013719135467775492644
[50,15] -7570498244443414987352106893883
[50,16] 16530349086574195023122841495644
[50,17] 23700747535243315555907643669784
[50,18] 700560412596624195988059984148
[50,19] -24347762897904190770407513068280
[50,20] -18867625425493710565504807491080
[50,21] 8168800061755748954042096996047
[50,22] 21347295780465334950764064987124
[50,23] 8336031298520907429813794521251
[50,24] -10243790106615070884534461114360
[50,25] -12858239746706757043570602876742
[50,26] -1098882474531328606939129862090
[50,27] 8095837307054395727281736364548
[50,28] 5318037930525861115747830691306
[50,29] -2456310109147513667942286766835
[50,30] -4245057496784494525164129967622
[50,31] -174235548532440114417319027791
[50,32] 2079855232671052074615042568887
[50,33] 560239280576992986731155242547
[50,34] -782185773902286832482990585465
[50,35] -265067142427103554388556692017
[50,36] 278710823959406194976269036351
[50,37] 24030626266192954232088419909
[50,38] -84974108601268647257769260155
[50,39] 28578818054110520749596449743
[50,40] 21597775124184961815543224992
[50,41] -17327328811039887556442433611
[50,42] -6896453320023849078246530856
[50,43] 8937042167735643241313528563
[50,44] 225352179935766970469603632
[50,45] -2864184975962878521681202324
[50,46] 985672426785167812188274962
[50,47] 154841559256051534646327504
[50,48] -181775070696647388094892514
[50,49] 40629841776842864723888798
[50,50] 2796460076336328893422997
[49,0] 2217904152540458476915799970
[49,1] 31915723247631747305122691492
[49,2] 104363823591449940366239400366
[49,3] -80205576668705535467077864558
[49,4] -1256961829341800153620456997677
[49,5] -2744884654791635923004752573043
[49,6] 132334268224588532127114191465
[49,7] 11004026704854482761288231629693
[49,8] 17969325367330305925331099937575
[49,9] -4417154353696356412073142510489
[49,10] -51160215943762262026296970769073
[49,11] -54436369707339202269925679692353
[49,12] 38636122032703999267115337981396
[49,13] 139417768148285023150098563100132
[49,14] 76298169569975468315116659117853
[49,15] -135589891087293905386716196547807
[49,16] -218663915752086181766361316512510
[49,17] -10200842465150061332992863904846
[49,18] 234361293535494072117583612596321
[49,19] 177764654132245322710888526961375
[49,20] -98109847275870912989742158233033
[49,21] -216307205463677933992016872600783
[49,22] -53272243917212658383295156191319
[49,23] 127207789563674967813108709532621
[49,24] 104320584228304161304573394555793
[49,25] -22556428105466826080206621981105
[49,26] -69218302362991307858337156354591
[49,27] -24843425093314943931535186966109
[49,28] 19749912848118179347346606277948
[49,29] 24522095966876460345716423783108
[49,30] 5276428272090028650931435434373
[49,31] -11466195285855455453367748776939
[49,32] -8916708438725989614208093421160
[49,33] 3006602154480089105340939963180
[49,34] 5466697933391040909006795582907
[49,35] -54251413631997543948224612053
[49,36] -2617680411131499466182266603918
[49,37] -138944861018023367769615639746
[49,38] 1028750442929109701616892131003
[49,39] -63228567078346268926682861317
[49,40] -270454445154558915581278284749
[49,41] 41933095841010367375158181083
[49,42] 59019582106412596492219439152
[49,43] -17352859192116864992797848518
[49,44] -11506211641824495989374114677
[49,45] 8807143070392581303244528925
[49,46] -2002512718022934351744129649
[49,47] -366953753207114317195466367
[49,48] 460521963416177170856201047
[49,49] -186869613790331807692175581
[48,0] -35674925307969897603219073853
[48,1] -202982015915879358518907089170
[48,2] 183805877132834267672583651029
[48,3] 4209325034819051963010561704452
[48,4] 12454262625872428319526972283084
[48,5] 6392569915041666953638778031793
[48,6] -44126285464988669182797631983362
[48,7] -101039869651290913702959948070853
[48,8] -15897772063570654017936461486662
[48,9] 253236682816175831335487152822965
[48,10] 357742891370927896112769691516322
[48,11] -121140588028127626174191959761663
[48,12] -809103596178396339993423572406695
[48,13] -606851609980072548546959520662386
[48,14] 676660391021281363908347490848108
[48,15] 1461836198752191260707657776734961
[48,16] 356279509000001354052674914735159
[48,17] -1472133010898739743366046572676018
[48,18] -1485356445227104162550674865404233
[48,19] 475535688570068757727491450893569
[48,20] 1686389648077410690092964472759762
[48,21] 600179992254323810632858554213815
[48,22] -982463231005871621232499059880092
[48,23] -947119839980929213974989856077901
[48,24] 187776906194226443065783569392083
[48,25] 662349983859658408743826791768177
[48,26] 168276075215338118002816422935103
[48,27] -269427851268198268392119660161669
[48,28] -160009704050402065009211277392963
[48,29] 52626668314603449925833105764706
[48,30] 56925909333091226336159697649246
[48,31] 9183624946097569370060448339931
[48,32] 2104173204460016068156884202240
[48,33] -11935769653374464664360605167090
[48,34] -12397206760592243259844875269819
[48,35] 3816557176928135379015057621719
[48,36] 8332410741476235263860798823345
[48,37] 31964994983437933641609363838
[48,38] -4524515653646371843653637651203
[48,39] 234924704305667587906077370115
[48,40] 1570205257302925884084530618728
[48,41] -283266104526679827164959747079
[48,42] -307620241147115073797930771397
[48,43] 66728144523581425508462628720
[48,44] 65747284460625007520540049524
[48,45] -30182445563470848392530710783
[48,46] 274397739956675415282446617
[48,47] 2707207119340581393967034759
[48,48] -1101196204534784953147304231
[47,0] 100756744994788798600725767048
[47,1] -738359700492597058372161958544
[47,2] -10043698553379226888750283626834
[47,3] -37141886603005683866809408924076
[47,4] -42581313463759538455394988796557
[47,5] 93226344216504399047912333409479
[47,6] 355825797935187192560500539559075
[47,7] 255999476709903616534585588386545
[47,8] -706145591725575782784595105127507
[47,9] -1590291481767403238896779760589969
[47,10] -245713412753570140487190752260969
[47,11] 3006151890305140272912707425237851
[47,12] 3535197761733230214441567307795733
[47,13] -1616397300685243082714854024340413
[47,14] -6826969385924136232914932514597903
[47,15] -3602873267608028798553986541506297
[47,16] 5675969440393357795283918388310217
[47,17] 8548329337173131003547077073916837
[47,18] 253808441672217475111524559096112
[47,19] -8371098783030175271734062202854622
[47,20] -5819774404661331225748663850090736
[47,21] 3734907551184932369504410499866848
[47,22] 6850501923331032516192170064720313
[47,23] 735649526604824697215986687679633
[47,24] -4361434248956429379036729547058608
[47,25] -2324207689714781248769583221776868
[47,26] 1608533502705583341211982207391851
[47,27] 1816709707924754189135791553849517
[47,28] -225798245849189116801413453779124
[47,29] -906149496512443905525939125239238
[47,30] -72277595908316791296603831924822
[47,31] 342582801139427924450344145908644
[47,32] 12630603940685363472439059450387
[47,33] -96581790853966685631288263130907
[47,34] 27951469961387465521214507105454
[47,35] 16395206313508550213908680124364
[47,36] -17810933158348422629516010935229
[47,37] -5854829127701151455075226518641
[47,38] 10564822507204949043839734035751
[47,39] 1933346451494227919803503621083
[47,40] -5372709599677080665633944663424
[47,41] 858328526412691397969916021210
[47,42] 1062521438967201109245306342034
[47,43] -306712069722586131724973772910
[47,44] -170245708912217731845712639061
[47,45] 89623633085645205644893419775
[47,46] 2749922084104981941536028432
[47,47] -10543355967212412257748198038
[46,0] 1238906848848960804246575671936
[46,1] 16447581409463576336785815192528
[46,2] 74807896361821158147261387366998
[46,3] 133644854192744412421250844954712
[46,4] -71212142796368741730713981198703
[46,5] -717649963229243516421489292599981
[46,6] -930178626920912148077090961893149
[46,7] 886786052029307038206736730436189
[46,8] 3733889050384286527418144267335772
[46,9] 2393297733040783026903307264203393
[46,10] -5544579210859378338245737392451890
[46,11] -10760054695763588293814568047132323
[46,12] -870180190297408893617609254119852
[46,13] 16852462504121300169552458529107569
[46,14] 16918135112952056506508168782238588
[46,15] -8255582895391359681567710099566527
[46,16] -28649129703340832299140150895027836
[46,17] -13296120912245222438718806612519531
[46,18] 21017523970613201356985608557618159
[46,19] 28548097164152427441457947148243700
[46,20] 429798024517139856397658300599511
[46,21] -24808369325817430526678139390997976
[46,22] -16496030928634567164722749899293202
[46,23] 10074941465884802446939448395001125
[46,24] 18117364274380795294955444922450711
[46,25] 1304357588855939154349807255483124
[46,26] -11280197599358512626110573676781138
[46,27] -4640296041347658930661385146277171
[46,28] 4574085018107650036334449472177387
[46,29] 3566602809507365121977786738242656
[46,30] -1189224612177812502199816930672283
[46,31] -1921596186237424451164414402498200
[46,32] 250204568475953867667977110399949
[46,33] 850032528050411682520011614942861
[46,34] -156237690974552817063419328793516
[46,35] -259322310128630107130883745307238
[46,36] 78413693584605903570780151695317
[46,37] 59240296327276310962958312800043
[46,38] -22360733526554391800771740987059
[46,39] -19592996504900034755373623243839
[46,40] 12742821487714334937148480180860
[46,41] 1398945037061291070324567118520
[46,42] -3213073690025210254609806737232
[46,43] 690956643066076795833998538152
[46,44] 295732273530422882857690355481
[46,45] -187902897884779347892123652439
[46,46] 31911351196742498522989276652
[45,0] -10416795969769915058161940086496
[45,1] -76163709942002819594908734650624
[45,2] -196731252400173200192012159497660
[45,3] -47163158813378119834702226108960
[45,4] 757279137016161250737070899680754
[45,5] 1219398513624757506225055139740278
[45,6] -868698074059149520665328746548108
[45,7] -4188715955275223151924477063293772
[45,8] -1984898560202029054659945508226166
[45,9] 6813883101503609849077506395721372
[45,10] 9664435261268630141134985075173420
[45,11] -1832732013510594662089449870613292
[45,12] -15204948606582860174652100131372219
[45,13] -13476885363223158016050172164336481
[45,14] 2933335951169498440192168017863713
[45,15] 20166615519335703682798889021614965
[45,16] 24728883366820398893234720023881173
[45,17] 4085310619703495110869645570096957
[45,18] -35388548509265573311786844962266688
[45,19] -42520833513843101194288434217840458
[45,20] 9832302554344210317183035697568446
[45,21] 54717634053652045400705344066638572
[45,22] 27609670497003338651291557512265479
[45,23] -32411752604915782941006508840372693
[45,24] -44271969278332674017417955967894200
[45,25] 3155178657549610251371248726703104
[45,26] 36608939119603021906347400013887895
[45,27] 10646609186075274391403991997740053
[45,28] -20299003993922641924965615640280093
[45,29] -10312061434386631733405819492252875
[45,30] 7707820286818804831568460065697564
[45,31] 6140163409406613008738858229226310
[45,32] -1815124459931653987455343023158800
[45,33] -3258462099256411585713893933156994
[45,34] 504085783718599001182974128742041
[45,35] 1376050049688586978957381313142817
[45,36] -322897199510778373670679603654502
[45,37] -340648329631585431974369848328460
[45,38] 88017690643274006777743697549980
[45,39] 82021209114809587528822125521964
[45,40] -24236963864655157056859444940151
[45,41] -18164989354156922813951706442275
[45,42] 9216068094030069385636362478587
[45,43] 504897816273271684458399554309
[45,44] -1246338725715100309132890108352
[45,45] 441878530345404279372912935484
[44,0] 12036029041933278269273543138861
[44,1] -11996212075700061684704128790024
[44,2] -398847269937100772646231987248588
[44,3] -1184716626042871265027714587823206
[44,4] -223776437105080306971849673213530
[44,5] 4952924257439587062423138019716942
[44,6] 7089855193761852463460862254206290
[44,7] -7746949734535175960179653109769064
[44,8] -25547349823344402532370869133429658
[44,9] -520190375854236329151601682070412
[44,10] 58490420672771058491342950549642835
[44,11] 43640862911686974261205504793009990
[44,12] -80149604040592666798904759603356066
[44,13] -125012026171330269085864249278970057
[44,14] 44056575070304805473002047446755180
[44,15] 189536570968574804414362434325442003
[44,16] 41212720668558923532121895979717563
[44,17] -194224388846228480343707247590708101
[44,18] -118139896975279448390942851241609477
[44,19] 158921293349946141305849619938802536
[44,20] 156581242174409211784355278790776110
[44,21] -106470650062052040521348724114434478
[44,22] -158902328984381008103990828008871270
[44,23] 41895151724060705592715645303438101
[44,24] 131650822902678379241236122462296220
[44,25] 15839242036781600144852284257846736
[44,26] -89965405442514976763325113018120436
[44,27] -41743615815161090712610190969618179
[44,28] 52184957261447171117096138746642066
[44,29] 35349622122584807388800185130727469
[44,30] -24841526112799020243495468942861653
[44,31] -18400899861821679700063043935320586
[44,32] 7502306872916903665032985164952808
[44,33] 8319667185995677451528025136856336
[44,34] -898332200244653955653508235700723
[44,35] -4235613631009740982979593680504793
[44,36] 553579827188896079216146075384140
[44,37] 1379224555325052469810708265824480
[44,38] -323305802384424377809265981852700
[44,39] -253291731853565743157109686180560
[44,40] 56467677649948341059629086604485
[44,41] 58023489206053713109862906145655
[44,42] -18952411464081690569874812229555
[44,43] -7715088898621336672812765095261
[44,44] 5465811405616853423924208755874
[43,0] 158206537713405230980589899114974
[43,1] 1295001497784548014991540095731062
[43,2] 4167864595133192627766454226463573
[43,3] 4545498903754385035221969699935043
[43,4] -6989919087339256819840935844311790
[43,5] -24352020607768077430925962078335256
[43,6] -13598287794170865929582922608757525
[43,7] 33025124126214593523571323136825241
[43,8] 34793137102433699029363066794565438
[43,9] -63807051771945266950892959478601534
[43,10] -102132984900020053938547331089018265
[43,11] 107785804826852831409494374165497813
[43,12] 333630665185204605251275334195895999
[43,13] 82225799588528562003200305426157147
[43,14] -524615391546253417360979755952136703
[43,15] -561858720414894854080342195648500573
[43,16] 300056490887794692358954421581823925
[43,17] 900073820020801898990389330765305527
[43,18] 252528028296816782795295762704843751
[43,19] -780028493332380095628412817828470987
[43,20] -675079825430389573629423563399478384
[43,21] 390575172957868994562753791996450610
[43,22] 717764200840019788098335905230129664
[43,23] -56048900593044201168795017853006006
[43,24] -493347897408173866383981978808909539
[43,25] -106837990977264244707602855147731637
[43,26] 233612876613156632387719615187211777
[43,27] 145788525914237574972103253014171607
[43,28] -80870312878649790281856553278667420
[43,29] -117955781284444457021493064669175790
[43,30] 30493267316626344591299249394971814
[43,31] 62272704517351147106212914519785472
[43,32] -13317843627157763880484198878701607
[43,33] -20758305577122331736310596374090325
[43,34] 522432222402459141101743510986131
[43,35] 7959969724571212764450459644968951
[43,36] 1007516648674531125201666914011839
[43,37] -3574051817853767913614251895152471
[43,38] 413446202425760989196152809619781
[43,39] 730705669292010386243045560435681
[43,40] -172790190092736211132988678696928
[43,41] -89782897153264093454375905217504
[43,42] 25135253838349372376944189982341
[43,43] 14515059536705918962402748438021
[42,0] -547611808492705737423428729605693
[42,1] -3493072465538851036450249351587572
[42,2] -9113883780825316091005705843609478
[42,3] -10272944313085706225293465069965095
[42,4] 5720603701819796282600316290925247
[42,5] 43871444228912456646028317010056674
[42,6] 98903541960111198407685725540021322
[42,7] 127131015768624134084161706604958813
[42,8] -15403091956972029826928904970005902
[42,9] -377622266369246823594296491307123764
[42,10] -566515243399123835562812894186738349
[42,11] -82385922269799711869976743834978367
[42,12] 758188806154275290384966568677965438
[42,13] 915271680087265953908678211997363089
[42,14] 139441480768395898970211695403974496
[42,15] -645882298069045889240153157281005213
[42,16] -888607867782751821873781835350125322
[42,17] -595099935997577835114894636529439279
[42,18] 323147665310521539877761494157071996
[42,19] 1184883759282164647725166704445266835
[42,20] 852682968608956610741574266995491758
[42,21] -630613715072300263069356418812835958
[42,22] -1429980414138771680690505413489276724
[42,23] -162203424566705719669842365747231988
[42,24] 1169900133217484981713066122686821514
[42,25] 478182026365568128216244067670104871
[42,26] -551857678882084242611937960544055896
[42,27] -409606094488102357248559270667920193
[42,28] 73054173181682096809336851808823447
[42,29] 282134352874474512272314653161282002
[42,30] 74319255476822204388870141022591837
[42,31] -171551020323075715835474193262730374
[42,32] -36666078640605637756772685929381959
[42,33] 64335274738723264368669993431005915
[42,34] 10537981414812320391758863881560131
[42,35] -12722459413504906085946977131301047
[42,36] -8134167397540641805305538189734102
[42,37] 4990036036371524871314904819456605
[42,38] 2020931175836314026567037399320340
[42,39] -1802278460232602921625497336795577
[42,40] 149122527850780172829000790504526
[42,41] 171549591199502674984723363740162
[42,42] -60580795615126902774317376476445
[41,0] -957060503809095830879184660897082
[41,1] -6560457457420685141535596375478620
[41,2] -16879499667458457443939841073268344
[41,3] -5950129849525814726765875968969902
[41,4] 43838713294694868006565072924354918
[41,5] 6839861914293110919812090951412392
[41,6] -266741401682036473112335241695082071
[41,7] -424268285053173741280578924693986997
[41,8] 329891397401580569165093771739034999
[41,9] 1690099017921434823927561447163786617
[41,10] 1348960577167838594943148461703990268
[41,11] -1746971742283658852038224039599726690
[41,12] -3882441043462219931906776588203427210
[41,13] -1005903727462144698163069573379042834
[41,14] 3767802776077215840688069875842854545
[41,15] 3445052279020376955493810018852720779
[41,16] -1370984953996654581843599760738677645
[41,17] -2863195198859626621453753476970612575
[41,18] 157122772880134483196107522005537346
[41,19] 1383522265116051873580614598740668218
[41,20] -636038821235678632230434288459312373
[41,21] -1429931214486180833322330816350779851
[41,22] 1038356835359111999951775188231013252
[41,23] 2257032472450793065827520748918477156
[41,24] -767149915382740356310674846602529472
[41,25] -2285154798472890930496825232829149058
[41,26] 280534904529787156167399660932203778
[41,27] 1394831098263379262131990940367877764
[41,28] 193367290463375402662928145826002068
[41,29] -570697727049644547720885610062103074
[41,30] -427798216767651719271352596954838701
[41,31] 268966553795635584480663693401894857
[41,32] 288168356571804079209000830741251523
[41,33] -146953002575254062807509046417167271
[41,34] -84545757554953982254354819196139181
[41,35] 35353969845438447061380362830781727
[41,36] 23469495713210920362837960353016220
[41,37] -3182004983718134841835945991328366
[41,38] -9641109798818510209405402459994323
[41,39] 2560093940091303895218888052490769
[41,40] 1443412571038778500868643347240276
[41,41] -800192951603248680211310484941166
[40,0] 6971178494250455446229217364512059
[40,1] 47623914543892151826850465727819370
[40,2] 134699192355606158911745996080585989
[40,3] 169064488760882182288986471322618854
[40,4] -74523586335619704579645031659094735
[40,5] -620790452625316730421111857285461922
[40,6] -922974239518622870952553318667549572
[40,7] -298340501993911590186698920106837991
[40,8] 1128981848679828692574319391334556901
[40,9] 1874438850733312862982961498516182995
[40,10] 417037229785018711677829410924326054
[40,11] -1683682261500902841546315388273950516
[40,12] -1149118463200513450958941973828430461
[40,13] 1051132416879020194574424215560015180
[40,14] 705503668658013887814820876792848042
[40,15] -1337488920214961350739882852319275431
[40,16] 28030015826938136168404615464466816
[40,17] 1902650532025242227382823735451751199
[40,18] -1787469449860784573994744930445449127
[40,19] -3446815990852298128151309853416026134
[40,20] 2791445763706631251328069577058739628
[40,21] 6111861485207147394830831626208055847
[40,22] -706817674783965483929721976564723044
[40,23] -7784380640570699879273174462125695398
[40,24] -2411437172981931123595690527216874169
[40,25] 7107960768118735997458476539520549924
[40,26] 3199892467603438249524615913667060231
[40,27] -4534801937877388458177697083704556882
[40,28] -2027035112522347517423617170127635635
[40,29] 1666065088547180806180609840300207950
[40,30] 1153671119254886195264914188292607704
[40,31] -254215224751968534856915348890180755
[40,32] -756746113440802882608804060363415971
[40,33] 97121895791117888886297324724904557
[40,34] 308341628495115347568580931246114379
[40,35] -73621298323203605533903667264235893
[40,36] -56692751472080813093293213436093388
[40,37] 8151714338594411909753067147780554
[40,38] 13114045059256545134286922761017030
[40,39] 455700316679747231987627487812497
[40,40] -4663659498088668387138925531390292
[39,0] 917486834081226843315827240811356
[39,1] -18688205765672337913810967339235508
[39,2] -136351217735734700483753648285656402
[39,3] -352751879603023768868110719309868130
[39,4] -86279597418082524946189097948130414
[39,5] 1821184903580563557686074623476555218
[39,6] 4218899548108238995921986488158724157
[39,7] 1467037598174697502196732731166121181
[39,8] -8702384838791312943624361377741269229
[39,9] -14525868175890847083114084504654884543
[39,10] -571285229179622593249011714405344607
[39,11] 22711168333129593198458534321043143355
[39,12] 20707171726829310778051371315696433011
[39,13] -11532430462072126119602268527664482677
[39,14] -29845405907437532487088893216261095225
[39,15] -7720331362837829527943849049289417283
[39,16] 19667553563825074069894190617741476029
[39,17] 14839134417217736045901341028669933507
[39,18] -2328617513205813499851118312542295339
[39,19] -5610413456367399455867922477965774039
[39,20] -7168468826744456993316673421688082127
[39,21] -7433068229393358251724064144521246397
[39,22] 3872142991012327488615657990803281460
[39,23] 12288558551594947681956321667011305026
[39,24] 5311698015356688195951007418877342584
[39,25] -9736296291341137455888310427337240718
[39,26] -10220519271099662970877317407078538104
[39,27] 6293730777567130564736435789570602448
[39,28] 7385266208320938199544978385301854304
[39,29] -3051018959033444233188440635845082614
[39,30] -2689034692062313488452734358407387294
[39,31] 274339302402431525804901421430967806
[39,32] 878049689440143144734738607852883167
[39,33] 435938891368218333834569269111157047
[39,34] -502163717441090409868774269408720858
[39,35] -84976887578280887033477671948972506
[39,36] 143982501495855114180196102014329040
[39,37] -16827262092514661563495520454016974
[39,38] -4234879663151774245142564979137868
[39,39] -4442953851276616066158058422219824
[38,0] -53929672034975455468250365294438386
[38,1] -350774806424264079906520288153797008
[38,2] -876407894554500726707990361767649932
[38,3] -821589097427884591811450748449498050
[38,4] 817633589241238128302727323136344479
[38,5] 2805288744107838996634502654887115644
[38,6] 1415155509946188096243229303754918784
[38,7] -2446501759947645449467227912902203027
[38,8] -889872589366254392902087618237713938
[38,9] 7119366468203777679326566388620902823
[38,10] 8249928644369313693446824012570278748
[38,11] -8342433729529785374973467214210410889
[38,12] -26757523782105675413084597889560080400
[38,13] -14612621032839337681961144296323449419
[38,14] 24477863407316501830804481400762991070
[38,15] 41201274610478957897392355570237872799
[38,16] 6768012256245739756123085227466013143
[38,17] -35945576108702092962167125031691869509
[38,18] -29135564180501856462791180315234144249
[38,19] 5685463172617564681034526879228550557
[38,20] 21742987596408633708187496652711136867
[38,21] 16656854618401226684682308623486373825
[38,22] -2228490760729901885034887743057238320
[38,23] -14573673334765302603229716088348875412
[38,24] -10377513668649875812219680088545953202
[38,25] -1203804202835362844066935235309977614
[38,26] 15285733935487023461695106494153988002
[38,27] 9181796216936969628622082191906746210
[38,28] -13723410589779400499007943408911703050
[38,29] -5239146068431195560154571176295605604
[38,30] 6142622605415525851831113007685206086
[38,31] 1739922881604587869080231134384821064
[38,32] -668672482629227284132700195295062221
[38,33] -1442378984347833074026103619814552275
[38,34] 16739389541002406041053181679318448
[38,35] 763536536159798817219433538433761252
[38,36] -199582336521733656859301407055526944
[38,37] -104743618178517166987965136191298320
[38,38] 40425520953341902316997284367389750
[37,0] 25496908025219176444334183608363124
[37,1] 454255796943847869714299371150604072
[37,2] 2016594500933637103440439286636247730
[37,3] 3327825931836532509910845036814764006
[37,4] -1683137578160928558288924607052721474
[37,5] -16754723993181028507676546885601175172
[37,6] -24082733195439850682764025977657532648
[37,7] 8814882098896376287802338266720493046
[37,8] 62487103823172204576006043291832942132
[37,9] 47437897012179506150120301330170946386
[37,10] -60110080131810651019946031642812785840
[37,11] -118660729079649738198696693883943792024
[37,12] -1111258062302477629271997377200527465
[37,13] 152921659556284306145822856988889059693
[37,14] 96837352145618940897947882539267040601
[37,15] -108830646984311562383750946981875444555
[37,16] -163443563920861044717799021559341189661
[37,17] 2024927105193902677647195234830401937
[37,18] 132923048408917641317566483573928685105
[37,19] 75942511728080520915992638128591398885
[37,20] -29296530633923799795082457225200655729
[37,21] -71085385375633439643850100761945420491
[37,22] -50473596309058183411613806810924608736
[37,23] 22406008521398246544596968425092931946
[37,24] 56456316285417086111877702258696001458
[37,25] 20582368692525444981430166719918842016
[37,26] -25361163197409151596086294713997530062
[37,27] -41026485782985885500852527298713417930
[37,28] 9691368733183516664661971660723610386
[37,29] 32155150991136950026251138950305195416
[37,30] -7198060972042922659491822716261235838
[37,31] -11899740685443983073347095313933142088
[37,32] 2113296479379927715160986777506667232
[37,33] 2556497968708183306054261965678161364
[37,34] 774333734568513821825605954930000990
[37,35] -1169944053554080098673172806186956330
[37,36] -225502712150511333091607040638181553
[37,37] 439784390851498057668954877147853993
[36,0] 307865366087237927733340549519614515
[36,1] 1868448350855968315564222643590482364
[36,2] 3713057914132087297503459140545450712
[36,3] 1041724138647621118788399227048397682
[36,4] -5872876269708826217219473969041234726
[36,5] -3188533599516876880221098970388808974
[36,6] 16465738646159779394224950440809062879
[36,7] 15851673758848560892496925728081791690
[36,8] -45728025235097200869226955922253957197
[36,9] -90916699682651954655944371724377155804
[36,10] 7731965108686225106817894335273161877
[36,11] 170951076541065607075085435620446973474
[36,12] 143517302744665469751384457677455422688
[36,13] -115689362493750752046675234489008915663
[36,14] -276726174443390247035076629075767547368
[36,15] -85429839876155879660313166551869104679
[36,16] 236512484156942371394870667905115090230
[36,17] 278764936804623878218151737882760612705
[36,18] -32550263852684791565815442048039934613
[36,19] -293180298722447349841912045899729159861
[36,20] -168037425328301127894720137829268187127
[36,21] 132240974155819781251988413869549486465
[36,22] 229670666743643757602409756920487286416
[36,23] 27166919442366246190637593418219910794
[36,24] -164477249405892632558400207669876016022
[36,25] -69237251144925090232775867030711311076
[36,26] 54877013999098498802962754803224924640
[36,27] 52998619449177436705808444279461823406
[36,28] 13547152412339364779119339353652345569
[36,29] -42534423764772619420957385737613254916
[36,30] -14314995782584201361494949266100721692
[36,31] 24179855712752871755047121539001249292
[36,32] 545229578996508721474819074783882338
[36,33] -4893024220044916440851755803523671480
[36,34] 57731449248831174339904095211781648
[36,35] -291595021605817556405779623091664454
[36,36] 963377447225945837883079839942049969
[35,0] -191104064472387518907720186340382250
[35,1] -3111339999328891788607836189137711850
[35,2] -12697990889763242860632177129172423209
[35,3] -16392719148679121485965321002949133321
[35,4] 18802962718979544860435761495596928243
[35,5] 83034080590967592662910073375550457201
[35,6] 66598086985315150781927696590370611319
[35,7] -106685196157044564773791580778770994369
[35,8] -222298617630622331112735071023149468442
[35,9] 27640319124819655584888615481919533562
[35,10] 376933551562393166442012055770445133391
[35,11] 167859137012990993797244545172850775353
[35,12] -464574955950811430730163982579270141646
[35,13] -504734073475934309791767202090846958104
[35,14] 304589308564180774562186015105854323713
[35,15] 775660769925947357472306985177434753829
[35,16] 131395006856584965201721760199353504673
[35,17] -692425641665225261171403749023858859343
[35,18] -529805474105980765114050845534727566714
[35,19] 301865106628294177325918591131924402884
[35,20] 584165973953061894118270958651510376567
[35,21] 99872625418724353713509662520303342837
[35,22] -340484617036160104229087679671768438083
[35,23] -291936687699500345120878345731840557067
[35,24] 92769204230366925038230870897247363303
[35,25] 237292217046262064929380167722677574497
[35,26] 12508319604451479430566404852645114951
[35,27] -71969032069207136486374358239787967745
[35,28] -56027803741093353804010708546715880030
[35,29] -8047063713534452037071177198991007538
[35,30] 60487481227038367931157084985673984363
[35,31] -1261796072034078329754214283196581221
[35,32] -24976126186649191377252280818172898897
[35,33] 5636794199020351111533836783132802173
[35,34] 1958020802044338861792035012274322097
[35,35] 954264116952115565902421562750013353
[34,0] -1397819268449405859258377901409147285
[34,1] -8249590698730321658089141952912174292
[34,2] -13050357086298335217772358099619369000
[34,3] 7780554345118187458730011917941666331
[34,4] 30656331216625442996284652315957771200
[34,5] -24405766796287588927531019146206154229
[34,6] -118140220328833173780492847172974507730
[34,7] -18729024028621860488996101390617124673
[34,8] 307349048114987691918879692503466792975
[34,9] 315327353385891883827816832303059804436
[34,10] -344108396957278940684202218717999871726
[34,11] -775148919685838718320059216359825231511
[34,12] -15226799830251121131344209395932968770
[34,13] 1040023938037714496617882889827848004328
[34,14] 702056211148432543779195772218606827281
[34,15] -733538173978743892683058878851231421413
[34,16] -1240027295530765062975383826571706393873
[34,17] -138999142908889363329896705735740908083
[34,18] 1110834696699755735220846964166393534512
[34,19] 930569337975174694139677358069119452636
[34,20] -426723148387008728905939378338139276413
[34,21] -1060972413495489427359309178634771545825
[34,22] -251611421867313728012902289689216109245
[34,23] 709155717976003902234904236658781149875
[34,24] 541827514725124665042182273149650478725
[34,25] -358172335472780840153243791140128150491
[34,26] -408235216255877265889323981170523043353
[34,27] 115081531336439205524581947712918090209
[34,28] 158841208375850289401957667604285061962
[34,29] 49715259250568545577376399633853967368
[34,30] -66347809753271417827637215107744691391
[34,31] -65397678342181727901346252902343280321
[34,32] 47768558633190362525940823326964880033
[34,33] 14343002363964141506427624850623243027
[34,34] -16170402211083033800392417051221549473
[33,0] 619121710849275561340727249547640270
[33,1] 12568404174176922662952576877173847260
[33,2] 52768048739873113187766506425870282810
[33,3] 59732618364376685491747182345719145306
[33,4] -95917778084388008564680061340535951349
[33,5] -280108387357276376192875769170226725643
[33,6] -56152204619942115117168363389593393831
[33,7] 502117783428209392143847774754749451821
[33,8] 383740877759098984854565019505322656049
[33,9] -771672292871723203793823095178828118719
[33,10] -1073840809117713402842489716150060366345
[33,11] 833114211934460641814010465497347179233
[33,12] 2167478341482596205335577089114077275623
[33,13] -29585030706397433577619805537326372831
[33,14] -2851696163440898643706316852994227264845
[33,15] -1480122615697826663234813251515261827269
[33,16] 2310717340898920835800897635446760198138
[33,17] 2663060132374644811625769935261774910534
[33,18] -717845884242909546969385372279985671254
[33,19] -2700775482349126084826940845977131061056
[33,20] -826014385661951215358603794288024057631
[33,21] 1674369484580523139539008933127236216721
[33,22] 1383749308254080932212086902032323668806
[33,23] -415047340075139647608993312642870878940
[33,24] -1154165734843563765374943673802382046736
[33,25] -226488905369881882865891133124537677900
[33,26] 733230977707347585245945144475977878263
[33,27] 172603600143804433456917860818811243197
[33,28] -283524592326735823026208726355275355241
[33,29] -44501534615473279753880482317494913805
[33,30] 4691726924743596885609969719324381106
[33,31] 64379236379214094447250837209824738174
[33,32] 14938825717423201633685873503215805713
[33,33] -48382873130233169053319988440316590771
[32,0] 5054198374495084441743565296650860501
[32,1] 31250680582485246018474842570941875722
[32,2] 47156005557278493955253077198425559859
[32,3] -49271363884428133536953187853697047402
[32,4] -136704252611429113444198354161353717069
[32,5] 123473021590154273667321405414406507049
[32,6] 416743894054679759382148261867273362142
[32,7] -125571433084351692869375424220672746985
[32,8] -1039668511581232300496564084833575424391
[32,9] -333262690644319415795783150012314134667
[32,10] 1826390688525200764186766188256687943594
[32,11] 1565047942253497178666331710796843527729
[32,12] -2078913321256137227167401751265687907910
[32,13] -3367246230930811214625494050278721918321
[32,14] 786698579187936069380258977131984432913
[32,15] 4273393913149965478634877146916971432241
[32,16] 1539183565396242748012785078530011064080
[32,17] -3062365020920844327643639146311457117388
[32,18] -2997656469754706763389410587438912052950
[32,19] 687442441479172270504718387143603608556
[32,20] 2832981655045555252354349434606858589108
[32,21] 1048742487357125581477385106807145037067
[32,22] -1671140942228007758388670189311195634016
[32,23] -1601010303499388893599695969164855067622
[32,24] 433456370724397757189690819874476965078
[32,25] 1481103755731570041908857725266348787144
[32,26] 69565128278237842762471229338705367899
[32,27] -941821575840749849193103846786163250283
[32,28] -4341814575718522265340538896376881045
[32,29] 256995171410549475822078904414615023807
[32,30] 42986975480701120210199380667406726224
[32,31] 21974562633311084630761315862911962338
[32,32] -110767649884060052510359168641748050455
[31,0] -411990704520064775059367370855049864
[31,1] -31742836634645397245851993762475253288
[31,2] -159090312756967158458193332411302460382
[31,3] -197461217789109195217694771615428082666
[31,4] 274873298095762171741406330470258658750
[31,5] 717883166956464528789064491855463877150
[31,6] -177132657136761227354097509038358194365
[31,7] -1391645988620052172243781672666446579385
[31,8] 77292826553911148566416036938227925253
[31,9] 3019532113518405384580093872274262809627
[31,10] 1199618861382376625344751750854765311920
[31,11] -5068966366186022558324873180599407290794
[31,12] -4606169407005903429430183466844059275988
[31,13] 5092988731949276019462084968050723340746
[31,14] 8420404877344685834308112761308290578909
[31,15] -2056215210625733485329866588412604750745
[31,16] -9874476918898755580330373626390643898160
[31,17] -2319646585426075221704137432063374534432
[31,18] 7678424770580579332413513949138384938769
[31,19] 5171853461419257927482689288913153186905
[31,20] -3484492430501652743691878815234347193828
[31,21] -5101292970336461906853125491980223177200
[31,22] 268736256531770817994367912152138702863
[31,23] 3129640796554168386231768519278049806453
[31,24] 1126708018319066389354466267631151620310
[31,25] -1366388399359689348159027312620863415592
[31,26] -1414238014259741381725823452818268479550
[31,27] 793167395484088275887186159562859581562
[31,28] 846049512231890259241850199369568758678
[31,29] -517903635575688301011905131090500218652
[31,30] -162288436667374672920516697089361593456
[31,31] 84144946194702059493344746925705513582
[30,0] -14016917316398744514684161939267840048
[30,1] -97392830479236589547649161431728940400
[30,2] -172767218788349279762303887586548963094
[30,3] 130082248821264621251434646369991783400
[30,4] 526200280418100186913691597656037958185
[30,5] -142367910088312323313830569748390005492
[30,6] -967267051528584457087741118957511936052
[30,7] 487985249930456404632520148167320333203
[30,8] 2035277754751712259557239375007465876959
[30,9] -1091077246722275512520875457103041472903
[30,10] -5215504550727649951761025354207407845402
[30,11] -467094951847186537283362269992656136052
[30,12] 9140945484962209747091582389068812716725
[30,13] 5928188573668346609139606185929413876700
[30,14] -8671743299729584317645069014617631509338
[30,15] -10994095540019373496579901423976691219445
[30,16] 3348930068751728946114589202219461078644
[30,17] 10882024728969316176039742109472629530134
[30,18] 1628370869448987198649621918572930982341
[30,19] -6941264214422905200934430172829952247185
[30,20] -3646326826874432717997873524722667999870
[30,21] 2994111776832708097561946993906695556448
[30,22] 3485803193053547897982346002435606633531
[30,23] -516791479419625984610661935877579947601
[30,24] -2198473202273379357681036419371068878000
[30,25] -904561650354040374665686542303735055534
[30,26] 1261485891664230812806738092855885311876
[30,27] 1124515892651525097823637770456199431158
[30,28] -1022239436337972940951604763021268923492
[30,29] -296388872675736004764332346684965885574
[30,30] 488382351356478630025592933297478613884
[29,0] -4829960348027129889968481173052127392
[29,1] 40585253480194512324782098654056702232
[29,2] 345852066742780912084133141450100166212
[29,3] 604122035335387515168038274272094168890
[29,4] -342883439357037822051986067439529055649
[29,5] -1456634369544815824387661815481719509255
[29,6] 400587030642159355811819846461641242872
[29,7] 2276047625904037953903466287700948032224
[29,8] -2082737206254964261958498787583600085292
[29,9] -6290702216775398777776461361379772646920
[29,10] 2258798431843083320959576774864501219199
[29,11] 13856730541541988719904063235536048118633
[29,12] 3323481429969385015009435031430958446841
[29,13] -19274811267524770191801130603274184996673
[29,14] -13015515154152933024951948606054422344772
[29,15] 17085390463404707731962088921179972376748
[29,16] 20437586275968796067752391854672274015106
[29,17] -8248508273499202574090993226722349588622
[29,18] -20057540955369994429581817987717869002622
[29,19] -342596505926245591195335294950619485778
[29,20] 13196453979240811281680067075396989014333
[29,21] 3759062910235132010482474147568661095283
[29,22] -6262020022326304736949180150350216060806
[29,23] -3028895043375875875464402063708376803642
[29,24] 2166731628763613648125727153128595344923
[29,25] 1714425627443382044853582510059095039773
[29,26] 21625774885602033708313487771932951223
[29,27] -1677936148477472537547042326342763493629
[29,28] -334738042037590788261591034317827823688
[29,29] 1526513491884371163069596116755422158544
[28,0] 28230084103408376605214204828545808779
[28,1] 234460154829469734784954472158507001856
[28,2] 538441312039248617751632984411549274268
[28,3] -83169078073217167051450675863842598476
[28,4] -1550020353192949592186103419016596266475
[28,5] -824924684228998713068817817154069968931
[28,6] 1350639756803587791071853955668353210183
[28,7] -265375891298156685205510526035739250680
[28,8] -1396907027718021041654180985430971145992
[28,9] 5571454178926951411393483445607926481554
[28,10] 9028204213517411433594389308052274953971
[28,11] -6666361997425756268736846758399425987433
[28,12] -22489589460901816332043838533690573651287
[28,13] -4591203686574365315986142391115655976181
[28,14] 26536659236933684078543782520887195718195
[28,15] 17927923555213752864703192544148138853612
[28,16] -17252475915249376278550984554717800724636
[28,17] -20557395804993474837069827325450404835822
[28,18] 6746908758580191361334018758831127497036
[28,19] 14922115707652810252880902029540822789692
[28,20] -1633647719446454801646205348180360225621
[28,21] -8727405213574239791348559764991867245123
[28,22] -251762288222111458272478724155765986500
[28,23] 4472644997057554853896338645166464273230
[28,24] 564788305598871967636332096666050679858
[28,25] -1316920615842254417808027772003193116227
[28,26] -740780148308471982061841544439486829185
[28,27] -259631227329061042581449130661550574689
[28,28] 1436192834993852327425252600249146836006
[27,0] 22978908345515767518677161962974496338
[27,1] 30018586006492078938695377801974067898
[27,2] -481793252743458575142977692149026241957
[27,3] -1503955579502882808298758052712483193495
[27,4] -621508299222310059570145229865688708820
[27,5] 2013661353911406392995715165373096396862
[27,6] 820783573457309285589624107232899506673
[27,7] -775079128730436233054844099025169698025
[27,8] 5890481529727872821468499250324350717382
[27,9] 6854488274101596733169715131846669960378
[27,10] -13084078474770616397293743143483340134549
[27,11] -24139090324812961030212706311269864067321
[27,12] 8568549839722359587386819777335136996204
[27,13] 41932427637415975744953988104437633134516
[27,14] 8227547231906797604464559905761544307232
[27,15] -45654120094946212878215312688737982159752
[27,16] -25400752970492744675561947428429353530764
[27,17] 32475781631030771379862223748757422681328
[27,18] 29815572310177919501623055846861133822773
[27,19] -15529055275937228054501272116627133586301
[27,20] -20958734606678590108724217453582715821796
[27,21] 6515316429682681446664828704146316906478
[27,22] 10094321643162220128736187809064520046415
[27,23] -4265441821508786777020658304790460247775
[27,24] -3979290739950833954877753870181606715584
[27,25] 2936551742603094160865451042140867481716
[27,26] 949368826798825528012055316541723087505
[27,27] -115278508597094508544082258734975344845
[26,0] -37664406096428575967858251198888931451
[26,1] -409340261946447227129742069023626546244
[26,2] -1266354020263591777778241954216945550362
[26,3] -641729084641136576840235616700427759759
[26,4] 3066123494356757080411877015509838703816
[26,5] 4493608054033603970654111451679381751118
[26,6] 433004167291148690067180240554499275261
[26,7] -1873205984620799306232879237493543702473
[26,8] -4982561511624507227822911054380721769851
[26,9] -14764595356434395843639537024483015385320
[26,10] -9460483182019037106716896029479063171174
[26,11] 24013114855591838498216225973601648208097
[26,12] 40251074966799869441832145914127814813009
[26,13] -4950778689989205389879101664215282660922
[26,14] -53978204519195317965322103923366006729683
[26,15] -21223820634068623605359194302868612046956
[26,16] 40459066071727229829082233808794254948578
[26,17] 28259403995619821351920081492682557666642
[26,18] -22547225060728152925133962275546237732689
[26,19] -21312511160651471574256729140863462544811
[26,20] 13289973468466417396202346009681480726498
[26,21] 13348318061467554065979779447779089243486
[26,22] -8184571938007216342484013569020744313821
[26,23] -7079130528054483521097898761298572594795
[26,24] 4478207744368209591598462912839960604998
[26,25] 1847657806243845597438824245305395950414
[26,26] -1840167346802488227492270235696493409377
[25,0] -55185317979683730062041728196712964822
[25,1] -259286789678086588506777683187027665244
[25,2] 195615729206157193543377461580302643576
[25,3] 2663024694749357090981541655875280010008
[25,4] 4031307654542308214692095595635883953635
[25,5] -133910204940390193193928837792514768853
[25,6] -4776720167941465595208454692059213764455
[25,7] -7955317686021575150318710981394289172949
[25,8] -12990156252496521011038038920165578741591
[25,9] -260486205838820702224409131412576502975
[25,10] 34422874775921694863757139471191510210833
[25,11] 32833574760642714627361351836316884855523
[25,12] -32013320195584759969871923368452538816881
[25,13] -66872387758070639013144991041530864335901
[25,14] 6214669208111935170861824672300670355709
[25,15] 76684782266547630751226006945584839105773
[25,16] 19824728990109590621543174903477388518669
[25,17] -58996577032489304087415946171499081836451
[25,18] -27466176900912499697347758674129679539622
[25,19] 34613232163124291046948648114401609516976
[25,20] 17718526775898043816688590198330074153098
[25,21] -21108006136958619830658804762200095935306
[25,22] -5371432593916853110098878916290640133611
[25,23] 15568634558760562063559475081502529905881
[25,24] -332376497291523046523516573534613659742
[25,25] -9975091896463009020617134744470331953982
[24,0] 24533679947756071253966303864575139937
[24,1] 470961854605501818421584847042698142374
[24,2] 2107615241271796613928712530889967873795
[24,3] 2662511569799974259817407147274365348434
[24,4] -3210953406868238199757698071248743203999
[24,5] -10956976185244672898532531957177194355175
[24,6] -8404711609051855261884012139853073754695
[24,7] 3155197650106860827641363636011872891981
[24,8] 19687904458537570272027491950698495171482
[24,9] 33093209927763530289975042617847013843615
[24,10] 8299331410439602945385104976866976785170
[24,11] -52946917036681983433629198896453293545513
[24,12] -65177980885344397118827883679465160812666
[24,13] 19695421907393955197632962916008353144623
[24,14] 90543669486430775380653885234499398947370
[24,15] 24933351669164862799563745968302897801435
[24,16] -70047282402752845601914580651558953099094
[24,17] -35943589985964273397228770491308652137999
[24,18] 42758910626517019104502299320304782933168
[24,19] 26322074969313559137315483511689928711232
[24,20] -29152715024700623763794123554308097160501
[24,21] -17231072339100680132536199252285712158814
[24,22] 20490196467385561745328210904753963897893
[24,23] 8755828040072044292340948520327900279751
[24,24] -11486630505243736682189284762718450074948
[23,0] 82254079819199721401896385442174178428
[23,1] 592745288806700566071711295504920942244
[23,2] 827157888023873542649359801341053791326
[23,3] -2844341254042303679851571637720255923640
[23,4] -9650443238611827420931248269974517963949
[23,5] -7860589982999458476972646731034214001385
[23,6] 7742071544667591475398603154501479344417
[23,7] 26866729745581678878297870431490190404375
[23,8] 30812072677478779415002797270631971025881
[23,9] -8570317621265167920338733050721375052853
[23,10] -68743354995054367418955834361730679169236
[23,11] -51585687288998499508730549421730683164290
[23,12] 54482484770074089483448898221062001442927
[23,13] 98173200806331883482985462964095668408559
[23,14] -6819572528267894283254785911650661074779
[23,15] -97315154628043503632576109221759460940177
[23,16] -23075381688670370253294658483334187943787
[23,17] 65846658114758350772225392231934889541771
[23,18] 20640645117661627333970042965280306788791
[23,19] -37844198849036808993450744157243127523489
[23,20] -4766424365866895935730417626535627161755
[23,21] 27925960030428942860413680751643692418287
[23,22] -6440350998596149553011923604351986307588
[23,23] -24276880843202798871852524724624095325068
[22,0] 14015488552586970193394013975610189518
[22,1] -258755051010106932539535508393414053096
[22,2] -2290461196792910695170596300521169651260
[22,3] -5410156854629050048935947281141699934060
[22,4] -900075304026730212200420924082048402636
[22,5] 14787389493706978448521171184151745106621
[22,6] 23564164020740059645249913050609791793044
[22,7] 7042133825444767219946930409183669777963
[22,8] -33456499953521693084668745090807680229018
[22,9] -65085606849618567013661299605170447207375
[22,10] -22285006689537716417763328987081591260681
[22,11] 83519285918762221780237974650167516263728
[22,12] 107323678128565318633743838773034171955634
[22,13] -23220280573252562802711706419149525178267
[22,14] -134058130503054010720832193781375932098360
[22,15] -41227359012298335565456043075438580460491
[22,16] 98574057430128834400853758804096970957930
[22,17] 49433789279465919499944527463839900262347
[22,18] -60470642924180207293891799052566152261148
[22,19] -30602983359558201627021123881595525365089
[22,20] 43614986589674593942416458756595101471355
[22,21] 17807573482620225711607238510090235236157
[22,22] -33541278763684937423749856152940642742054
[21,0] -76040658085574543913558019313472595100
[21,1] -774720257014122071309029535267650380472
[21,2] -2158922279681469122614704503940715978826
[21,3] 776315215700866824311202297822106591910
[21,4] 13349013729542403960568042852790944306228
[21,5] 21285594326877636701492550023447888024474
[21,6] -444169663268067975772711756394804697030
[21,7] -45867786534027070127680565274746308573040
[21,8] -64847513180702979357883075290789383183570
[21,9] -1087277097046413360708524586678130880652
[21,10] 105274596087725778241447084198779364444956
[21,11] 101196619287811563353392375684768602511146
[21,12] -48386785040049930325540001689830242405240
[21,13] -144747013184387000196612121435789959246066
[21,14] -39919069127459610299002072546597746775422
[21,15] 102905631968935024150567876275559020982650
[21,16] 64529693735954834224531242853376864483673
[21,17] -42501549854987315150024526836579526537657
[21,18] -30323809479228297729229313885034223782432
[21,19] 15658676955268271541856968719029372446978
[21,20] -5074942058014782851956546953120431103625
[21,21] -20370624622202554825532890451156438738277
[20,0] -49323905149994919168430583637875812065
[20,1] -141648925225504039213530891971249223020
[20,2] 1265379482156270067847388007212849269212
[20,3] 6577562328793068072678779049160852340344
[20,4] 8705064054348693327736508862272786369425
[20,5] -7801361742078837587894375663697873054224
[20,6] -35360401780214823330974842440291933588457
[20,7] -35069859634587001745739403785947067533564
[20,8] 21791109676471532842865623405289274504002
[20,9] 95327331161697471069987428456286862179304
[20,10] 69940365799134044146471574415345768760045
[20,11] -77988892346808390689735697673821158910310
[20,12] -154498590745683240663275491372767413274393
[20,13] -14475462090630298153084826054207143081060
[20,14] 147786708832022527796961486786123299838313
[20,15] 71081269483632221737401467565924945819396
[20,16] -92990646915558053725617925861508993470625
[20,17] -51786709581386368967038232900264377235381
[20,18] 60485017450151125682679518015320211436439
[20,19] 17803244343493149323175829899405917973966
[20,20] -51770983415947875655045233366122986741839
[19,0] 37048993669152739702903484561163951870
[19,1] 596850151818215949435868870615320577766
[19,2] 2637981468771580459844251787218682162975
[19,3] 2540451089277743360049772411368969215417
[19,4] -10213370704559405312730982113354175211400
[19,5] -29779285196588362090281636654870345035178
[19,6] -18727614723434999299064861242918232422127
[19,7] 41856648149525325234832562505832796085347
[19,8] 95084849388909555669346169005856435895560
[19,9] 43701784620371530101297931531022716584336
[19,10] -104352667154915062346092749984877368749862
[19,11] -164246295881440484830640820754955167001786
[19,12] -12594970417547076618026492112754548654231
[19,13] 171215989455637879799528445849209863398015
[19,14] 126584852271026831465460765564790220786412
[19,15] -73403359048169392732145818217637107965830
[19,16] -120452636106383007941763242268564958531068
[19,17] -5111923085888063412278330855416436277166
[19,18] 40148247780203468122816571534618591386103
[19,19] 13114672216456518821365511792008456827437
[18,0] 50246969704331737495060726652661474855
[18,1] 393830912551182229124467760125968273180
[18,2] 281806426872274784997472368726549266380
[18,3] -4556812556313261644970094665230860152677
[18,4] -13937786103600856721685753080870726971588
[18,5] -8479942361448358911252288739355017490606
[18,6] 28195269982950097263467752035238011427215
[18,7] 62367877271625726053689313724287551874239
[18,8] 25385326557148617479275972501401104638680
[18,9] -83984496657534973286460048347605808151090
[18,10] -129320636807617153457691172725298266126168
[18,11] -1936498971169331654250621006441713326342
[18,12] 149007708465814081064696688301508822269507
[18,13] 100567583592838271184551519169530721013975
[18,14] -65674832733028300097510455902644391888404
[18,15] -86423969569485476092649634229539220064470
[18,16] 9021330852629835683239353515284397130562
[18,17] 2862314186047598137061202373191108432946
[18,18] -29660901331826413579663040377881222327555
[17,0] -1130440399345493601968844247529976938
[17,1] -212517727466320220452035362484286029916
[17,2] -1738992643172092741466519338369601292882
[17,3] -4070805732541886144347585655460208652736
[17,4] 1899341965939289085321343946917053005908
[17,5] 22816490448362999501494638610410269609972
[17,6] 32841068118663765622691400503636831209345
[17,7] -8471769486738051958689296407812990370331
[17,8] -82141008366904533531847278448707756574463
[17,9] -87933419197334126039965027705607825101481
[17,10] 36462219862914650834432824782753160453496
[17,11] 164238184255120552024829833519063698939892
[17,12] 98665811609681594755464265609642247612243
[17,13] -106300422943076399926588692351793075471067
[17,14] -165200966400472884987474038331098099733420
[17,15] -6294620052012712447203056408252264613228
[17,16] 99368371381476915535602020725885080942313
[17,17] 43156709311905905224415817811069140849467
[16,0] -24903210763642770402940413490227002023
[16,1] -317306302205785889340235488457725233126
[16,2] -1000672490993293287760938261595378290789
[16,3] 1170858382830491283059175142549613289072
[16,4] 11561415703784924658806968499420909168212
[16,5] 19312691008455920563836437848223219754456
[16,6] -5198205788326966334547758070459869720401
[16,7] -58637860793404646285177926246615086513553
[16,8] -69691466198354826070521258863152359009489
[16,9] 21009655092411228638261624195437820425753
[16,10] 133941773886637374901714387734324286961542
[16,11] 108957228223287958548098846212325176108572
[16,12] -52624433116330553170872261562328023441994
[16,13] -156803408246932661919832936971309747818985
[16,14] -89756780854110648343466080151780665802428
[16,15] 37562714973532586090369674108258759027730
[16,16] 101117010401235652228368198853469618877459
[15,0] -7456394640768139800150514862287884552
[15,1] -32288391443430057854200432868755492360
[15,2] 434267255188348125467080509583473792902
[15,3] 2696828873683383133236977992867361564398
[15,4] 3909250373372333880747365668916143025760
[15,5] -6125646650291486208683049645875498206464
[15,6] -25734088391916016463999923130468737203729
[15,7] -23749424878577555111343583236634674774589
[15,8] 25041230283325868160006521208281905134663
[15,9] 78670370073224569989124380914065530216197
[15,10] 49035271321894076670613663428198378850134
[15,11] -61083785915569446787527269931849598792294
[15,12] -114830096127952753063120267946778621446373
[15,13] -34312421052809297634514666099351604335411
[15,14] 66720505087733119871967666895263425225732
[15,15] 72786077899306028174677454299386182077810
[14,0] 5370436898165750363133953379508406792
[14,1] 109583736558622132239273511298557573048
[14,2] 629240369355561034327042219431282496070
[14,3] 500687087500953235542544665876220675214
[14,4] -5032599843862020222556142121987027099862
[14,5] -15327159875570141512438485196088438626136
[14,6] -10429235402153074446572244348502267874405
[14,7] 26578767593290179883784348140001338193435
[14,8] 63644629744982157781220539000290931589580
[14,9] 35132597194422264065454650383874589260871
[14,10] -63158728863863698316963107234972642776051
[14,11] -127453448343974792767076798344086785234546
[14,12] -58970688215677923103426922880667565127609
[14,13] 91763002001194870268872250350576466828861
[14,14] 159366721644703140699592263576498382953760
[13,0] 1648379728829687394446159032611875104
[13,1] 48754150318143367801674846091782770944
[13,2] 149102974196345900695656865949836458408
[13,3] -685658678950866063486083875519479941232
[13,4] -3760545729990572585651584029646606748024
[13,5] -4315671068811046459324552908097036017148
[13,6] 7525467200106747643039385922546832998430
[13,7] 26017040480219715346592119437843679864190
[13,8] 21198016921518498974439380383985490834304
[13,9] -23339095728804919300566760841098913823678
[13,10] -68024449246175554982242421716835663680524
[13,11] -51155434808919019433748630649192036678762
[13,12] 31669483032059938946794261879460452673484
[13,13] 108909531322561423031239613060036861877020
[12,0] -1291056234193930457431788136759454992
[12,1] -6662223571461288674099079566130130336
[12,2] -92504717592506419047889231332454448848
[12,3] -243826687134506077591713271371241031352
[12,4] 895593552437180100604451172588918888513
[12,5] 5177109930945747294690084333726909710756
[12,6] 8135353925168155065084848575567910246382
[12,7] -1013442871856970723740727020568447223806
[12,8] -22242344463986816845673481407845592005731
[12,9] -32943282226200759049203702192656612534612
[12,10] -8004056693684013140476392924999510267777
[12,11] 43030261398312972118301733246333506026946
[12,12] 71319958244345484912143965093770096891518
[11,0] 595000801354089920552605035394079744
[11,1] -6231506732798877453088442724366995456
[11,2] -96092393729945889633426822118087899904
[11,3] -20494716536349911024975987445040656384
[11,4] 1498928147001156617413779251816028457240
[11,5] 4120426374664145116232448668645664940072
[11,6] 1715641873459919217218518041341746070318
[11,7] -10584543664023662709463722024340203453446
[11,8] -22414131755432104059128122758301486430200
[11,9] -12272576979517582819581296034533327910980
[11,10] 26156315276085195799122711355212661829228
[11,11] 63031844106503817859716879610450311009868
[10,0] 1171182041671359460194886009167133568
[10,1] 130813054238902592227083684772177408
[10,2] -54671700061829234391862733985015395392
[10,3] -161491478132388257452789719412778762368
[10,4] -69167620983427375191463620450111674816
[10,5] 28372662426072878241104735225104300792
[10,6] -1014278524542319698339356726753607203978
[10,7] -3372336979211764514695821457840745017842
[10,8] -3788268358685587432987272731604558422042
[10,9] 3644280583006434956885236331363116349592
[10,10] 19657265604984045271169384637325036856658
[9,0] 256294211248540299868690521939873792
[9,1] -823128600780630596656995309938493440
[9,2] -2723311636398988389831667581720032256
[9,3] -60863496495707953571690617477877307136
[9,4] -444380367963253295396943738355548108384
[9,5] -1190264780374872311904687118318964485120
[9,6] -982631210280500389454344105311843111512
[9,7] 1678874506108107858189901848734158895888
[9,8] 5680411053701022322895558430852203304660
[9,9] 7771099804341307002164420585891223563616
[8,0] -134705774321255217903212801190508288
[8,1] -1640565598596512322681472418847517696
[8,2] 22063697986739778854252169829412966784
[8,3] 104643379731479443657035110403266432512
[8,4] 36051140643469359028375963839603780240
[8,5] -466714249795874791701769248384463740704
[8,6] -730854161294728610190597303786021410168
[8,7] 850096359500976404252789726211308795048
[8,8] 4469080222015087591288589196731285970900
[7,0] -112812710778594711321765624850563072
[7,1] -1782724882548250667198420901107030016
[7,2] 6296714052829687521203727939539135488
[7,3] 75553742386854686494099374132405958656
[7,4] 195515134048189708594402618887451635200
[7,5] 124097067337985545332287702197448167168
[7,6] -342690042373009021008823468904578542208
[7,7] -489443908740731291101715375194761044480
[6,0] -96548159299743216965514681964068864
[6,1] -899207348864211298647366754165833728
[6,2] -6439296443130225606202642235366089728
[6,3] -8837545767730660226081438752915282944
[6,4] 46056166935210065081864966614624482048
[6,5] 153956159946799779914654981556985083392
[6,6] 70071177487662375687062079827830807936
[5,0] -47459793884450487032405509034475520
[5,1] 373580668475111768394592849316216832
[5,2] -1779968009221818193361483893535883264
[5,3] -21153862147602427936974688967038330880
[5,4] -43706114280776734767339563983482762240
[5,5] 10433134376974845540346595827874439168
[4,0] -40262867587741268967904741582438400
[4,1] 396492318316141575831387290583695360
[4,2] 2435066053118276314688786349643563008
[4,3] -1742892074644564657887836059795111936
[4,4] -27320580699102050107695823683834661376
[3,0] -27227909468280286208377273450496000
[3,1] -25213603138556648736367008808960000
[3,2] 1151240605410297563743531725655900160
[3,3] 3858460300410634157449674088278786048
[2,0] -6546753989692869888870774210560000
[2,1] -70618185330714641522453123170304000
[2,2] -51498667255152378568862354060083200
[1,1] -9098878426352802218430567546880000
